0.21613832853025935 0.5244956772334294 0.10951008645533142 0.06051873198847262 0.0893371757925072 
0.08677685950413223 0.05165289256198347 0.09090909090909091 0.6735537190082644 0.09710743801652892 
0.1271611823759063 0.03011712214166202 0.241494701617401 0.22085889570552147 0.3803680981595092 
0.07308970099667775 0.026578073089700997 0.019933554817275746 0.03820598006644518 0.8421926910299004 
0.17391304347826086 0.08695652173913043 0.16666666666666666 0.1956521739130435 0.37681159420289856 
0.06349206349206349 0.7698412698412699 0.05555555555555555 0.047619047619047616 0.06349206349206349 
0.12953367875647667 0.5803108808290155 0.09671848013816926 0.10880829015544041 0.0846286701208981 
0.1962864721485411 0.33421750663129973 0.2493368700265252 0.07957559681697612 0.14058355437665782 
0.03333333333333333 0.022727272727272728 0.06212121212121212 0.8424242424242424 0.03939393939393939 
0.24725274725274726 0.14285714285714285 0.17032967032967034 0.11538461538461539 0.3241758241758242 
0.10919540229885058 0.07471264367816093 0.08045977011494253 0.06321839080459771 0.6724137931034483 
0.08900523560209424 0.07853403141361257 0.17801047120418848 0.4816753926701571 0.17277486910994763 
0.15457413249211358 0.19873817034700317 0.3438485804416404 0.08832807570977919 0.21451104100946372 
0.1 0.04482758620689655 0.04827586206896552 0.0896551724137931 0.7172413793103448 
0.4296875 0.033854166666666664 0.15364583333333334 0.09114583333333333 0.2916666666666667 
0.06918238993710692 0.08176100628930817 0.1069182389937107 0.1320754716981132 0.610062893081761 
0.6893095768374164 0.06904231625835189 0.06570155902004454 0.12249443207126949 0.053452115812917596 
0.16828478964401294 0.045307443365695796 0.26537216828478966 0.4563106796116505 0.06472491909385113 
0.040160642570281124 0.7710843373493976 0.10040160642570281 0.04819277108433735 0.040160642570281124 
0.19708029197080293 0.145985401459854 0.11678832116788321 0.40875912408759124 0.13138686131386862 
0.13004484304932734 0.03587443946188341 0.4977578475336323 0.2227204783258595 0.11360239162929746 
0.1478743068391867 0.03234750462107209 0.5702402957486137 0.0933456561922366 0.15619223659889095 
0.05723905723905724 0.016835016835016835 0.05218855218855219 0.8316498316498316 0.04208754208754209 
0.03981264637002342 0.03044496487119438 0.0351288056206089 0.0351288056206089 0.8594847775175644 
0.18251928020565553 0.4267352185089974 0.23393316195372751 0.08226221079691516 0.07455012853470437 
0.2594594594594595 0.2 0.0972972972972973 0.08108108108108109 0.3621621621621622 
0.1548872180451128 0.05263157894736842 0.49624060150375937 0.15639097744360902 0.13984962406015036 
0.2802197802197802 0.34615384615384615 0.17032967032967034 0.11538461538461539 0.08791208791208792 
0.14335664335664336 0.3986013986013986 0.13986013986013987 0.20279720279720279 0.11538461538461539 
0.2541176470588235 0.06823529411764706 0.12941176470588237 0.4470588235294118 0.1011764705882353 
0.055964653902798235 0.03240058910162003 0.16936671575846834 0.045655375552282766 0.6966126656848306 
0.4692737430167598 0.0335195530726257 0.08659217877094973 0.1005586592178771 0.3100558659217877 
0.06028368794326241 0.0425531914893617 0.07446808510638298 0.2730496453900709 0.549645390070922 
0.10672853828306264 0.05336426914153132 0.15777262180974477 0.5730858468677494 0.10904872389791183 
0.2640845070422535 0.2535211267605634 0.22183098591549297 0.18661971830985916 0.07394366197183098 
0.20697167755991286 0.1111111111111111 0.4444444444444444 0.15468409586056645 0.08278867102396514 
0.16666666666666666 0.6143410852713178 0.08914728682170543 0.060077519379844964 0.06976744186046512 
0.0341726618705036 0.02158273381294964 0.06115107913669065 0.07194244604316546 0.8111510791366906 
0.2336874051593323 0.048558421851289835 0.5053110773899848 0.1426403641881639 0.06980273141122914 
0.08426966292134831 0.07865168539325842 0.11797752808988764 0.4101123595505618 0.3089887640449438 
0.486013986013986 0.10139860139860139 0.07342657342657342 0.23076923076923078 0.10839160839160839 
0.14361702127659576 0.0851063829787234 0.425531914893617 0.24468085106382978 0.10106382978723404 
0.05319148936170213 0.03404255319148936 0.1148936170212766 0.6914893617021277 0.10638297872340426 
0.5267175572519084 0.061068702290076333 0.0737913486005089 0.08651399491094147 0.25190839694656486 
0.1 0.08823529411764706 0.09411764705882353 0.1 0.6176470588235294 
0.441340782122905 0.04189944134078212 0.06983240223463687 0.13128491620111732 0.31564245810055863 
0.044715447154471545 0.7804878048780488 0.052845528455284556 0.06504065040650407 0.056910569105691054 
0.07379518072289157 0.030120481927710843 0.7228915662650602 0.13102409638554216 0.04216867469879518 
0.10648148148148148 0.1111111111111111 0.06481481481481481 0.09259259259259259 0.625 
0.4057971014492754 0.03864734299516908 0.09903381642512077 0.13043478260869565 0.32608695652173914 
0.10163111668757842 0.06649937264742785 0.15307402760351319 0.6060225846925973 0.07277289836888332 
0.07954545454545454 0.07386363636363637 0.10227272727272728 0.125 0.6193181818181818 
0.05 0.05 0.060714285714285714 0.06428571428571428 0.775 
0.08882521489971347 0.04297994269340974 0.05157593123209169 0.10888252148997135 0.7077363896848138 
0.14074074074074075 0.08518518518518518 0.07037037037037037 0.6259259259259259 0.07777777777777778 
0.17567567567567569 0.12162162162162163 0.14864864864864866 0.2635135135135135 0.2905405405405405 
0.11035267349260523 0.017064846416382253 0.7815699658703071 0.04436860068259386 0.04664391353811149 
0.11295180722891567 0.04969879518072289 0.6656626506024096 0.09487951807228916 0.07680722891566265 
0.08571428571428572 0.7428571428571429 0.05714285714285714 0.05714285714285714 0.05714285714285714 
0.2194513715710723 0.05236907730673317 0.09975062344139651 0.10723192019950124 0.5211970074812967 
0.059202059202059204 0.02059202059202059 0.06048906048906049 0.029601029601029602 0.8301158301158301 
0.14432989690721648 0.12371134020618557 0.15463917525773196 0.31958762886597936 0.25773195876288657 
0.14893617021276595 0.1276595744680851 0.11702127659574468 0.10638297872340426 0.5 
0.09652509652509653 0.7451737451737451 0.04633204633204633 0.05019305019305019 0.06177606177606178 
0.4554140127388535 0.0732484076433121 0.1942675159235669 0.2229299363057325 0.054140127388535034 
0.04411764705882353 0.7794117647058824 0.0625 0.0625 0.051470588235294115 
0.12141280353200883 0.0684326710816777 0.10154525386313466 0.06622516556291391 0.6423841059602649 
0.057692307692307696 0.028846153846153848 0.26346153846153847 0.5461538461538461 0.10384615384615385 
0.11136890951276102 0.06960556844547564 0.16705336426914152 0.09048723897911833 0.5614849187935035 
0.099601593625498 0.07171314741035857 0.07569721115537849 0.20717131474103587 0.545816733067729 
0.2730627306273063 0.08856088560885608 0.3874538745387454 0.11808118081180811 0.13284132841328414 
0.14873417721518986 0.46835443037974683 0.17088607594936708 0.08544303797468354 0.12658227848101267 
0.08571428571428572 0.04642857142857143 0.5214285714285715 0.2357142857142857 0.11071428571428571 
0.049107142857142856 0.024553571428571428 0.25223214285714285 0.5691964285714286 0.10491071428571429 
0.04358974358974359 0.03076923076923077 0.03333333333333333 0.06153846153846154 0.8307692307692308 
0.2673611111111111 0.052083333333333336 0.0625 0.5486111111111112 0.06944444444444445 
0.04697986577181208 0.025503355704697986 0.11006711409395974 0.789261744966443 0.028187919463087248 
0.10303030303030303 0.10303030303030303 0.12121212121212122 0.5333333333333333 0.1393939393939394 
0.08139534883720931 0.03488372093023256 0.16666666666666666 0.4844961240310077 0.23255813953488372 
0.06004618937644342 0.03002309468822171 0.8337182448036952 0.03695150115473441 0.03926096997690531 
0.06343906510851419 0.02003338898163606 0.05175292153589316 0.8347245409015025 0.03005008347245409 
0.1103202846975089 0.35587188612099646 0.046263345195729534 0.046263345195729534 0.4412811387900356 
0.30177514792899407 0.03944773175542406 0.1222879684418146 0.388560157790927 0.14792899408284024 
0.039399624765478425 0.020637898686679174 0.06941838649155722 0.7129455909943715 0.1575984990619137 
0.08298755186721991 0.04979253112033195 0.07053941908713693 0.1078838174273859 0.6887966804979253 
0.10358565737051793 0.03054448871181939 0.0796812749003984 0.5936254980079682 0.19256308100929614 
0.175 0.0984375 0.0875 0.140625 0.4984375 
0.04738154613466334 0.018703241895261846 0.10972568578553615 0.7892768079800498 0.034912718204488775 
0.18018967334035826 0.08956796628029505 0.12223393045310854 0.547945205479452 0.06006322444678609 
0.1288888888888889 0.5933333333333334 0.08444444444444445 0.06777777777777778 0.12555555555555556 
0.23558897243107768 0.03007518796992481 0.07017543859649122 0.11779448621553884 0.5463659147869674 
0.05591054313099041 0.025559105431309903 0.07507987220447285 0.4281150159744409 0.41533546325878595 
0.06578947368421052 0.018092105263157895 0.029605263157894735 0.03453947368421053 0.8519736842105263 
0.4659949622166247 0.08060453400503778 0.11335012594458438 0.060453400503778336 0.2795969773299748 
0.3066759388038943 0.014603616133518776 0.06397774687065369 0.12169680111265646 0.49304589707927676 
0.15018315018315018 0.054945054945054944 0.12454212454212454 0.14285714285714285 0.5274725274725275 
0.05004170141784821 0.010842368640533779 0.03919933277731443 0.8648874061718098 0.03502919099249374 
0.0610236220472441 0.03740157480314961 0.31496062992125984 0.5354330708661418 0.051181102362204724 
0.05172413793103448 0.7068965517241379 0.13448275862068965 0.05172413793103448 0.05517241379310345 
0.05379746835443038 0.0189873417721519 0.680379746835443 0.19198312236286919 0.05485232067510549 
0.08869179600886919 0.04434589800443459 0.1286031042128603 0.5254988913525499 0.21286031042128603 
0.227765726681128 0.04338394793926247 0.13232104121475055 0.07592190889370933 0.5206073752711496 
0.2209026128266033 0.07838479809976247 0.4251781472684085 0.12826603325415678 0.14726840855106887 
0.2384428223844282 0.043795620437956206 0.38686131386861317 0.1897810218978102 0.1411192214111922 
0.5739299610894941 0.027237354085603113 0.09922178988326848 0.07003891050583658 0.22957198443579765 
0.1168091168091168 0.03418803418803419 0.7264957264957265 0.05982905982905983 0.06267806267806268 
0.17647058823529413 0.07294117647058823 0.5905882352941176 0.09647058823529411 0.06352941176470588 
0.07390648567119155 0.048265460030165915 0.5173453996983409 0.3333333333333333 0.027149321266968326 
0.1423487544483986 0.0711743772241993 0.17793594306049823 0.20284697508896798 0.40569395017793597 
0.20631970260223048 0.01982651796778191 0.15613382899628253 0.15427509293680297 0.4634448574969021 
0.06713780918727916 0.7491166077738516 0.053003533568904596 0.08480565371024736 0.045936395759717315 
0.09580838323353294 0.11377245508982035 0.07784431137724551 0.0718562874251497 0.6407185628742516 
0.38860103626943004 0.12176165803108809 0.14766839378238342 0.22279792746113988 0.11917098445595854 
0.08620689655172414 0.05603448275862069 0.05603448275862069 0.10775862068965517 0.6939655172413793 
0.2535211267605634 0.1267605633802817 0.11267605633802817 0.1267605633802817 0.38028169014084506 
0.09747292418772563 0.05415162454873646 0.08303249097472924 0.06859205776173286 0.6967509025270758 
0.07729468599033816 0.0966183574879227 0.08695652173913043 0.06763285024154589 0.6714975845410628 
0.08359133126934984 0.034055727554179564 0.17647058823529413 0.6408668730650154 0.06501547987616099 
0.03824091778202677 0.02676864244741874 0.07074569789674952 0.7590822179732314 0.10516252390057361 
0.058355437665782495 0.03713527851458886 0.029177718832891247 0.03713527851458886 0.8381962864721485 
0.1411764705882353 0.21176470588235294 0.2 0.24705882352941178 0.2 
0.05373134328358209 0.041791044776119404 0.191044776119403 0.6149253731343284 0.09850746268656717 
0.1728395061728395 0.13580246913580246 0.16049382716049382 0.16049382716049382 0.37037037037037035 
0.11607142857142858 0.05357142857142857 0.05357142857142857 0.12053571428571429 0.65625 
0.0979381443298969 0.08247422680412371 0.08762886597938144 0.1134020618556701 0.6185567010309279 
0.03949579831932773 0.01764705882352941 0.04201680672268908 0.8680672268907563 0.03277310924369748 
0.08403361344537816 0.16806722689075632 0.44537815126050423 0.12605042016806722 0.17647058823529413 
0.07761194029850746 0.025373134328358207 0.07014925373134329 0.6985074626865672 0.12835820895522387 
0.06060606060606061 0.7234848484848485 0.03787878787878788 0.0946969696969697 0.08333333333333333 
0.05603448275862069 0.032327586206896554 0.032327586206896554 0.03879310344827586 0.8405172413793104 
0.07383966244725738 0.03164556962025317 0.07172995780590717 0.6371308016877637 0.18565400843881857 
0.403899721448468 0.036211699164345405 0.052924791086350974 0.15598885793871867 0.35097493036211697 
0.1235632183908046 0.06321839080459771 0.11206896551724138 0.5948275862068966 0.10632183908045977 
0.14942528735632185 0.11494252873563218 0.09770114942528736 0.3793103448275862 0.25862068965517243 
0.17592592592592593 0.08024691358024691 0.41358024691358025 0.19753086419753085 0.13271604938271606 
0.0622568093385214 0.8015564202334631 0.04669260700389105 0.04669260700389105 0.042801556420233464 
0.4155844155844156 0.2077922077922078 0.12121212121212122 0.11688311688311688 0.13852813852813853 
0.03617571059431524 0.040051679586563305 0.7493540051679587 0.09948320413436693 0.07493540051679587 
0.14583333333333334 0.044642857142857144 0.05654761904761905 0.6160714285714286 0.13690476190476192 
0.07859078590785908 0.05420054200542006 0.1111111111111111 0.05962059620596206 0.6964769647696477 
0.15151515151515152 0.08484848484848485 0.2909090909090909 0.37575757575757573 0.09696969696969697 
0.1392978482446206 0.6126840317100792 0.14269535673839184 0.05549263873159683 0.04983012457531144 
0.11481481481481481 0.07407407407407407 0.6444444444444445 0.1 0.06666666666666667 
0.15132924335378323 0.41513292433537835 0.26789366053169733 0.1165644171779141 0.049079754601226995 
0.40162271805273836 0.08113590263691683 0.060851926977687626 0.13184584178498987 0.32454361054766734 
0.06326530612244897 0.02857142857142857 0.1653061224489796 0.044897959183673466 0.6979591836734694 
0.04066073697585769 0.029224904701397714 0.4269377382465057 0.19186785260482847 0.3113087674714104 
0.532258064516129 0.03046594982078853 0.07347670250896057 0.2849462365591398 0.07885304659498207 
0.10469314079422383 0.061371841155234655 0.21299638989169675 0.49097472924187724 0.1299638989169675 
0.06568712186689715 0.013828867761452032 0.03802938634399308 0.0682800345721694 0.8141745894554884 
0.06958762886597938 0.04381443298969072 0.2190721649484536 0.48195876288659795 0.18556701030927836 
0.16889363976483165 0.07161945483698556 0.19294494922501337 0.19401389631213256 0.3725280598610369 
0.19183673469387755 0.04693877551020408 0.09795918367346938 0.07755102040816327 0.5857142857142857 
0.2760416666666667 0.059895833333333336 0.12239583333333333 0.4453125 0.09635416666666667 
0.08942202835332606 0.7033805888767721 0.1134133042529989 0.03598691384950927 0.05779716466739367 
0.04173913043478261 0.019130434782608695 0.04695652173913043 0.07652173913043478 0.8156521739130435 
0.06540084388185655 0.04008438818565401 0.08649789029535865 0.6054852320675106 0.20253164556962025 
0.1568627450980392 0.11764705882352941 0.12745098039215685 0.10784313725490197 0.49019607843137253 
0.0509683995922528 0.0254841997961264 0.1743119266055046 0.7054026503567788 0.04383282364933741 
0.2222222222222222 0.08680555555555555 0.11805555555555555 0.3958333333333333 0.17708333333333334 
0.15930599369085174 0.6624605678233438 0.0583596214511041 0.0694006309148265 0.050473186119873815 
0.0784313725490196 0.08496732026143791 0.08496732026143791 0.08496732026143791 0.6666666666666666 
0.12264150943396226 0.09433962264150944 0.09433962264150944 0.12264150943396226 0.5660377358490566 
0.05460750853242321 0.04778156996587031 0.5665529010238908 0.17406143344709898 0.15699658703071673 
0.1 0.08571428571428572 0.1 0.18571428571428572 0.5285714285714286 
0.8862876254180602 0.00919732441471572 0.013377926421404682 0.014214046822742474 0.07692307692307693 
0.16457960644007155 0.03220035778175313 0.07692307692307693 0.1252236135957066 0.6010733452593918 
0.13636363636363635 0.13636363636363635 0.17045454545454544 0.4090909090909091 0.14772727272727273 
0.06037735849056604 0.7358490566037735 0.06415094339622641 0.0830188679245283 0.05660377358490566 
0.15714285714285714 0.2119047619047619 0.4238095238095238 0.13333333333333333 0.07380952380952381 
0.10727969348659004 0.06513409961685823 0.18773946360153257 0.5517241379310345 0.08812260536398467 
0.11650485436893204 0.0970873786407767 0.10679611650485436 0.11650485436893204 0.5631067961165048 
0.5339805825242718 0.0703883495145631 0.10436893203883495 0.11165048543689321 0.1796116504854369 
0.2651162790697674 0.13488372093023257 0.11627906976744186 0.11162790697674418 0.37209302325581395 
0.05054151624548736 0.6967509025270758 0.061371841155234655 0.1407942238267148 0.05054151624548736 
0.3927038626609442 0.04721030042918455 0.04935622317596566 0.14163090128755365 0.36909871244635195 
0.06181818181818182 0.7236363636363636 0.10545454545454545 0.05818181818181818 0.05090909090909091 
0.3886363636363636 0.09772727272727273 0.16136363636363638 0.2727272727272727 0.07954545454545454 
0.08547008547008547 0.047619047619047616 0.7826617826617827 0.04395604395604396 0.040293040293040296 
0.06666666666666667 0.038461538461538464 0.05128205128205128 0.6820512820512821 0.16153846153846155 
0.05 0.0625 0.6208333333333333 0.1875 0.07916666666666666 
0.2565217391304348 0.06521739130434782 0.06956521739130435 0.05217391304347826 0.5565217391304348 
0.07109004739336493 0.04739336492890995 0.061611374407582936 0.052132701421800945 0.7677725118483413 
0.12927756653992395 0.07984790874524715 0.08365019011406843 0.6197718631178707 0.08745247148288973 
0.22429906542056074 0.2531860662701784 0.09600679694137638 0.062022090059473234 0.3644859813084112 
0.2026431718061674 0.41409691629955947 0.15418502202643172 0.11013215859030837 0.11894273127753303 
0.04878048780487805 0.05365853658536585 0.04878048780487805 0.36829268292682926 0.48048780487804876 
0.22060766182298547 0.059445178335535004 0.06869220607661823 0.5667107001321003 0.0845442536327609 
0.053763440860215055 0.7096774193548387 0.06451612903225806 0.11469534050179211 0.05734767025089606 
0.043348281016442454 0.02391629297458894 0.06278026905829596 0.4170403587443946 0.452914798206278 
0.04833512352309345 0.22448979591836735 0.06229860365198711 0.3071965628356606 0.3576799140708915 
0.0963035019455253 0.05642023346303502 0.5593385214007782 0.1566147859922179 0.13132295719844359 
0.0625 0.75 0.0390625 0.08203125 0.06640625 
0.10982658959537572 0.7875722543352601 0.030346820809248554 0.02167630057803468 0.05057803468208093 
0.061855670103092786 0.022091310751104567 0.17378497790868924 0.05743740795287187 0.6848306332842415 
0.11290322580645161 0.0967741935483871 0.08870967741935484 0.11290322580645161 0.5887096774193549 
0.12256267409470752 0.055710306406685235 0.17827298050139276 0.11420612813370473 0.5292479108635098 
0.09050445103857567 0.025222551928783383 0.06083086053412463 0.7062314540059347 0.1172106824925816 
0.04477611940298507 0.8208955223880597 0.041044776119402986 0.041044776119402986 0.05223880597014925 
0.12921348314606743 0.05898876404494382 0.5674157303370787 0.1601123595505618 0.08426966292134831 
0.06273062730627306 0.04059040590405904 0.12915129151291513 0.6789667896678967 0.08856088560885608 
0.896580483736447 0.009174311926605505 0.010842368640533779 0.02335279399499583 0.060050041701417846 
0.05113636363636364 0.02556818181818182 0.035037878787878785 0.07386363636363637 0.8143939393939394 
0.07142857142857142 0.04187192118226601 0.029556650246305417 0.029556650246305417 0.8275862068965517 
0.04482758620689655 0.041379310344827586 0.05517241379310345 0.06551724137931035 0.7931034482758621 
0.07959183673469387 0.02857142857142857 0.15918367346938775 0.04693877551020408 0.6857142857142857 
0.3403846153846154 0.025 0.051923076923076926 0.4846153846153846 0.09807692307692308 
0.05378973105134474 0.05134474327628362 0.31295843520782396 0.530562347188264 0.05134474327628362 
0.16666666666666666 0.07692307692307693 0.14102564102564102 0.4935897435897436 0.12179487179487179 
0.13935681470137826 0.01914241960183767 0.7312404287901991 0.08039816232771822 0.02986217457886677 
0.6044444444444445 0.02666666666666667 0.09925925925925926 0.034074074074074076 0.23555555555555555 
0.4667760459392945 0.029532403609515995 0.2124692370795734 0.13863822805578344 0.15258408531583265 
0.07293666026871401 0.03262955854126679 0.04222648752399232 0.8157389635316699 0.036468330134357005 
0.08854166666666667 0.057291666666666664 0.057291666666666664 0.07291666666666667 0.7239583333333334 
0.21374045801526717 0.44274809160305345 0.16412213740458015 0.06870229007633588 0.11068702290076336 
0.05154639175257732 0.8075601374570447 0.044673539518900345 0.041237113402061855 0.054982817869415807 
0.8802698145025295 0.012647554806070826 0.013490725126475547 0.016863406408094434 0.07672849915682968 
0.04778156996587031 0.040955631399317405 0.5699658703071673 0.18088737201365188 0.16040955631399317 
0.11940298507462686 0.025186567164179104 0.125 0.31343283582089554 0.41697761194029853 
0.16908212560386474 0.06280193236714976 0.057971014492753624 0.05314009661835749 0.6570048309178744 
0.26875 0.040625 0.059375 0.5375 0.09375 
0.06227106227106227 0.0989010989010989 0.39194139194139194 0.3772893772893773 0.0695970695970696 
0.06143552311435523 0.017639902676399026 0.12165450121654502 0.7463503649635036 0.05291970802919708 
0.03819444444444445 0.052083333333333336 0.5555555555555556 0.1736111111111111 0.18055555555555555 
0.19469026548672566 0.1415929203539823 0.11504424778761062 0.168141592920354 0.3805309734513274 
0.07782672540381791 0.02936857562408223 0.16886930983847284 0.6813509544787077 0.042584434654919234 
0.07196969696969698 0.7803030303030303 0.041666666666666664 0.041666666666666664 0.06439393939393939 
0.09803921568627451 0.0718954248366013 0.10457516339869281 0.13071895424836602 0.5947712418300654 
0.06691449814126393 0.04460966542750929 0.08550185873605948 0.24907063197026022 0.5539033457249071 
0.1903409090909091 0.045454545454545456 0.24147727272727273 0.07102272727272728 0.45170454545454547 
0.09259259259259259 0.0582010582010582 0.12433862433862433 0.13756613756613756 0.5873015873015873 
0.07276119402985075 0.024253731343283583 0.048507462686567165 0.8208955223880597 0.033582089552238806 
0.17447916666666666 0.049479166666666664 0.4947916666666667 0.2109375 0.0703125 
0.05054151624548736 0.036101083032490974 0.05776173285198556 0.05415162454873646 0.8014440433212996 
0.02830188679245283 0.022641509433962263 0.035849056603773584 0.0830188679245283 0.8301886792452831 
0.06808510638297872 0.059574468085106386 0.06382978723404255 0.04680851063829787 0.7617021276595745 
0.11079545454545454 0.05539772727272727 0.109375 0.671875 0.052556818181818184 
0.07531380753138076 0.04602510460251046 0.06694560669456066 0.11297071129707113 0.698744769874477 
0.28211009174311924 0.17660550458715596 0.268348623853211 0.12155963302752294 0.15137614678899083 
0.07929515418502203 0.08370044052863436 0.21585903083700442 0.5330396475770925 0.0881057268722467 
0.045112781954887216 0.7218045112781954 0.12406015037593984 0.06015037593984962 0.04887218045112782 
0.041666666666666664 0.03935185185185185 0.05092592592592592 0.08796296296296297 0.7800925925925926 
0.06818181818181818 0.04924242424242424 0.07575757575757576 0.6666666666666666 0.14015151515151514 
0.44662921348314605 0.03651685393258427 0.05337078651685393 0.18258426966292135 0.2808988764044944 
0.192 0.12 0.208 0.336 0.144 
0.3563218390804598 0.25287356321839083 0.16091954022988506 0.10344827586206896 0.12643678160919541 
0.1099476439790576 0.16230366492146597 0.5654450261780105 0.10471204188481675 0.05759162303664921 
0.045283018867924525 0.8226415094339623 0.04150943396226415 0.03773584905660377 0.052830188679245285 
0.050824175824175824 0.020604395604395604 0.061813186813186816 0.024725274725274724 0.842032967032967 
0.16341145833333334 0.032552083333333336 0.10546875 0.123046875 0.5755208333333334 
0.28609625668449196 0.05213903743315508 0.22192513368983957 0.26336898395721925 0.17647058823529413 
0.4152046783625731 0.10526315789473684 0.13450292397660818 0.09941520467836257 0.24561403508771928 
