0.07492795389048991 0.07780979827089338 0.7002881844380403 0.08357348703170028 0.06340057636887608 
0.6756198347107438 0.1012396694214876 0.06818181818181818 0.1115702479338843 0.04338842975206612 
0.27216954824316786 0.2649191299498048 0.27607361963190186 0.177356385945343 0.009481316229782488 
0.061461794019933555 0.840531561461794 0.03986710963455149 0.03322259136212625 0.024916943521594685 
0.21739130434782608 0.21014492753623187 0.3079710144927536 0.2246376811594203 0.03985507246376811 
0.05555555555555555 0.047619047619047616 0.05555555555555555 0.047619047619047616 0.7936507936507936 
0.06563039723661486 0.03626943005181347 0.7132987910189983 0.11917098445595854 0.06563039723661486 
0.07692307692307693 0.09549071618037135 0.5755968169761273 0.1989389920424403 0.05305039787798409 
0.8272727272727273 0.07424242424242425 0.030303030303030304 0.048484848484848485 0.019696969696969695 
0.12087912087912088 0.3241758241758242 0.23626373626373626 0.25274725274725274 0.06593406593406594 
0.08045977011494253 0.7068965517241379 0.08045977011494253 0.06321839080459771 0.06896551724137931 
0.4973821989528796 0.24083769633507854 0.06806282722513089 0.1256544502617801 0.06806282722513089 
0.09779179810725552 0.14826498422712933 0.38485804416403785 0.29337539432176657 0.07570977917981073 
0.08275862068965517 0.7068965517241379 0.06896551724137931 0.041379310344827586 0.1 
0.10416666666666667 0.328125 0.11458333333333333 0.4036458333333333 0.049479166666666664 
0.1509433962264151 0.5911949685534591 0.0880503144654088 0.10062893081761007 0.06918238993710692 
0.155902004454343 0.12583518930957685 0.4354120267260579 0.15701559020044542 0.12583518930957685 
0.4919093851132686 0.05177993527508091 0.11326860841423948 0.2524271844660194 0.09061488673139159 
0.04819277108433735 0.04417670682730924 0.04417670682730924 0.08433734939759036 0.7791164658634538 
0.4306569343065693 0.13138686131386862 0.20437956204379562 0.15328467153284672 0.08029197080291971 
0.23467862481315396 0.09566517189835576 0.11659192825112108 0.5216741405082213 0.03139013452914798 
0.12846580406654343 0.19408502772643252 0.07578558225508318 0.5656192236598891 0.036044362292051754 
0.8148148148148148 0.05387205387205387 0.05218855218855219 0.05723905723905724 0.021885521885521887 
0.0351288056206089 0.8758782201405152 0.02576112412177986 0.03044496487119438 0.03278688524590164 
0.07969151670951156 0.07969151670951156 0.6169665809768637 0.15167095115681234 0.07197943444730077 
0.11351351351351352 0.33513513513513515 0.2810810810810811 0.12972972972972974 0.14054054054054055 
0.15037593984962405 0.10225563909774436 0.16090225563909774 0.5368421052631579 0.04962406015037594 
0.12087912087912088 0.12637362637362637 0.4340659340659341 0.16483516483516483 0.15384615384615385 
0.1958041958041958 0.13286713286713286 0.42657342657342656 0.11188811188811189 0.13286713286713286 
0.25176470588235295 0.15058823529411763 0.16705882352941176 0.2023529411764706 0.22823529411764706 
0.036818851251840944 0.44477172312223856 0.09425625920471281 0.40795287187039764 0.016200294550810016 
0.12569832402234637 0.37988826815642457 0.22346368715083798 0.2346368715083799 0.036312849162011177 
0.35106382978723405 0.450354609929078 0.05319148936170213 0.10283687943262411 0.0425531914893617 
0.605568445475638 0.09744779582366589 0.12761020881670534 0.1136890951276102 0.05568445475638051 
0.19718309859154928 0.09154929577464789 0.4119718309859155 0.19718309859154928 0.10211267605633803 
0.22657952069716775 0.04139433551198257 0.21350762527233116 0.3093681917211329 0.20915032679738563 
0.03488372093023256 0.06395348837209303 0.7771317829457365 0.060077519379844964 0.06395348837209303 
0.13848920863309352 0.7320143884892086 0.03776978417266187 0.07014388489208633 0.02158273381294964 
0.19726858877086495 0.08649468892261002 0.1441578148710167 0.5174506828528073 0.054628224582701064 
0.46629213483146065 0.24157303370786518 0.10112359550561797 0.12921348314606743 0.06179775280898876 
0.32167832167832167 0.20279720279720279 0.15734265734265734 0.08041958041958042 0.23776223776223776 
0.2925531914893617 0.13829787234042554 0.0797872340425532 0.40425531914893614 0.0851063829787234 
0.7276595744680852 0.1127659574468085 0.04680851063829787 0.08085106382978724 0.031914893617021274 
0.08651399491094147 0.3155216284987277 0.4198473282442748 0.13740458015267176 0.04071246819338423 
0.09411764705882353 0.6529411764705882 0.08823529411764706 0.1 0.06470588235294118 
0.12569832402234637 0.3659217877094972 0.26256983240223464 0.20949720670391062 0.036312849162011177 
0.04878048780487805 0.052845528455284556 0.044715447154471545 0.052845528455284556 0.8008130081300813 
0.12349397590361445 0.04216867469879518 0.030120481927710843 0.7439759036144579 0.060240963855421686 
0.09259259259259259 0.4212962962962963 0.06481481481481481 0.09259259259259259 0.3287037037037037 
0.11594202898550725 0.3164251207729469 0.13043478260869565 0.39371980676328505 0.043478260869565216 
0.6097867001254705 0.09159347553324969 0.11668757841907151 0.12296110414052698 0.05897114178168131 
0.1534090909090909 0.5056818181818182 0.10227272727272728 0.08522727272727272 0.1534090909090909 
0.05714285714285714 0.8 0.04285714285714286 0.04285714285714286 0.05714285714285714 
0.10028653295128939 0.7306590257879656 0.07736389684813753 0.034383954154727794 0.05730659025787966 
0.5407407407407407 0.17407407407407408 0.1259259259259259 0.1 0.05925925925925926 
0.25 0.21621621621621623 0.08783783783783784 0.22297297297297297 0.22297297297297297 
0.08646188850967008 0.080773606370876 0.06598407281001138 0.7519908987485779 0.01478953356086462 
0.16566265060240964 0.09487951807228916 0.07379518072289157 0.6099397590361446 0.05572289156626506 
0.06428571428571428 0.09642857142857143 0.060714285714285714 0.039285714285714285 0.7392857142857143 
0.08478802992518704 0.571072319201995 0.13216957605985039 0.1371571072319202 0.07481296758104738 
0.04118404118404118 0.8481338481338482 0.03732303732303732 0.05662805662805663 0.01673101673101673 
0.31958762886597936 0.15463917525773196 0.17525773195876287 0.14432989690721648 0.20618556701030927 
0.11702127659574468 0.46808510638297873 0.1595744680851064 0.11702127659574468 0.13829787234042554 
0.05405405405405406 0.05405405405405406 0.04633204633204633 0.05405405405405406 0.7915057915057915 
0.18789808917197454 0.06369426751592357 0.5859872611464968 0.08280254777070063 0.07961783439490445 
0.0661764705882353 0.04411764705882353 0.04411764705882353 0.0661764705882353 0.7794117647058824 
0.08388520971302428 0.5849889624724062 0.15011037527593818 0.1545253863134658 0.026490066225165563 
0.6134615384615385 0.11538461538461539 0.03653846153846154 0.08846153846153847 0.14615384615384616 
0.12296983758700696 0.5104408352668214 0.12761020881670534 0.17633410672853828 0.06264501160092807 
0.2151394422310757 0.4860557768924303 0.1394422310756972 0.099601593625498 0.05976095617529881 
0.12177121771217712 0.0959409594095941 0.22878228782287824 0.4797047970479705 0.07380073800738007 
0.06962025316455696 0.08227848101265822 0.439873417721519 0.1930379746835443 0.21518987341772153 
0.5678571428571428 0.08928571428571429 0.1392857142857143 0.10357142857142858 0.1 
0.5245535714285714 0.09821428571428571 0.033482142857142856 0.09151785714285714 0.25223214285714285 
0.046153846153846156 0.8128205128205128 0.05384615384615385 0.04871794871794872 0.038461538461538464 
0.5659722222222222 0.1736111111111111 0.07291666666666667 0.0798611111111111 0.1076388888888889 
0.5731543624161074 0.024161073825503355 0.0348993288590604 0.348993288590604 0.01879194630872483 
0.5333333333333333 0.10909090909090909 0.13333333333333333 0.09696969696969697 0.12727272727272726 
0.4689922480620155 0.2558139534883721 0.0562015503875969 0.17829457364341086 0.040697674418604654 
0.03695150115473441 0.04849884526558892 0.04849884526558892 0.836027713625866 0.03002309468822171 
0.8213689482470785 0.06343906510851419 0.05008347245409015 0.04006677796327212 0.025041736227045076 
0.046263345195729534 0.4377224199288256 0.05338078291814947 0.03914590747330961 0.4234875444839858 
0.39644970414201186 0.20315581854043394 0.10453648915187377 0.19723865877712032 0.09861932938856016 
0.7035647279549718 0.14071294559099437 0.039399624765478425 0.07317073170731707 0.043151969981238276 
0.13692946058091288 0.6431535269709544 0.07883817427385892 0.06224066390041494 0.07883817427385892 
0.6334661354581673 0.2058432934926959 0.06241699867197875 0.06374501992031872 0.034528552456839307 
0.15625 0.5140625 0.1578125 0.10625 0.065625 
0.5960099750623441 0.03865336658354115 0.02743142144638404 0.3167082294264339 0.02119700748129676 
0.5721812434141201 0.07481559536354057 0.20864067439409906 0.12118018967334036 0.023182297154899896 
0.03888888888888889 0.03333333333333333 0.8244444444444444 0.057777777777777775 0.04555555555555556 
0.11528822055137844 0.6992481203007519 0.06766917293233082 0.08020050125313283 0.03759398496240601 
0.3722044728434505 0.41054313099041534 0.03354632587859425 0.07348242811501597 0.11022364217252396 
0.054276315789473686 0.8519736842105263 0.03782894736842105 0.02631578947368421 0.029605263157894735 
0.10579345088161209 0.3148614609571788 0.40302267002518893 0.1385390428211587 0.037783375314861464 
0.20166898470097358 0.6126564673157163 0.07510431154381085 0.09040333796940195 0.020166898470097356 
0.09523809523809523 0.4652014652014652 0.12454212454212454 0.2564102564102564 0.05860805860805861 
0.8615512927439533 0.03502919099249374 0.04670558798999166 0.045037531276063386 0.011676396997497914 
0.5807086614173228 0.07874015748031496 0.05905511811023622 0.23622047244094488 0.045275590551181105 
0.05862068965517241 0.04482758620689655 0.034482758620689655 0.1310344827586207 0.7310344827586207 
0.18459915611814345 0.043248945147679324 0.08122362869198312 0.6582278481012658 0.03270042194092827 
0.5476718403547672 0.13968957871396895 0.1130820399113082 0.1574279379157428 0.04212860310421286 
0.0737527114967462 0.4642082429501085 0.16052060737527116 0.279826464208243 0.021691973969631236 
0.17577197149643706 0.1021377672209026 0.20190023752969122 0.44655581947743467 0.07363420427553444 
0.20924574209245742 0.17761557177615572 0.10462287104622871 0.43795620437956206 0.0705596107055961 
0.07003891050583658 0.3093385214007782 0.4163424124513619 0.17704280155642024 0.027237354085603113 
0.0754985754985755 0.06695156695156695 0.06125356125356125 0.7521367521367521 0.04415954415954416 
0.1011764705882353 0.07529411764705882 0.15764705882352942 0.5905882352941176 0.07529411764705882 
0.5233785822021116 0.04072398190045249 0.08597285067873303 0.20512820512820512 0.14479638009049775 
0.17793594306049823 0.2775800711743772 0.302491103202847 0.199288256227758 0.042704626334519574 
0.1970260223048327 0.4801734820322181 0.09789343246592318 0.20508054522924413 0.01982651796778191 
0.0812720848056537 0.045936395759717315 0.0706713780918728 0.04946996466431095 0.7526501766784452 
0.059880239520958084 0.592814371257485 0.19161676646706588 0.059880239520958084 0.09580838323353294 
0.2538860103626943 0.10362694300518134 0.4170984455958549 0.16580310880829016 0.05958549222797927 
0.10775862068965517 0.7068965517241379 0.06465517241379311 0.05172413793103448 0.06896551724137931 
0.09859154929577464 0.3427230046948357 0.3286384976525822 0.13615023474178403 0.09389671361502347 
0.07220216606498195 0.6750902527075813 0.08303249097472924 0.05776173285198556 0.11191335740072202 
0.07246376811594203 0.6570048309178744 0.14009661835748793 0.057971014492753624 0.07246376811594203 
0.6563467492260062 0.058823529411764705 0.043343653250773995 0.19195046439628483 0.04953560371517028 
0.745697896749522 0.10516252390057361 0.030592734225621414 0.08030592734225621 0.03824091778202677 
0.042440318302387266 0.8594164456233422 0.034482758620689655 0.029177718832891247 0.034482758620689655 
0.2 0.27058823529411763 0.1411764705882353 0.12941176470588237 0.25882352941176473 
0.6179104477611941 0.08656716417910448 0.07462686567164178 0.16716417910447762 0.05373134328358209 
0.13580246913580246 0.4444444444444444 0.16049382716049382 0.12345679012345678 0.13580246913580246 
0.12946428571428573 0.6919642857142857 0.06696428571428571 0.044642857142857144 0.06696428571428571 
0.10824742268041238 0.5154639175257731 0.1134020618556701 0.06701030927835051 0.1958762886597938 
0.8638655462184874 0.03277310924369748 0.05042016806722689 0.03949579831932773 0.013445378151260505 
0.13445378151260504 0.12605042016806722 0.16806722689075632 0.44537815126050423 0.12605042016806722 
0.6880597014925374 0.1537313432835821 0.06567164179104477 0.06716417910447761 0.025373134328358207 
0.09090909090909091 0.07575757575757576 0.041666666666666664 0.03787878787878788 0.7537878787878788 
0.04956896551724138 0.8405172413793104 0.034482758620689655 0.036637931034482756 0.03879310344827586 
0.6181434599156118 0.17088607594936708 0.05485232067510549 0.1160337552742616 0.04008438818565401 
0.19220055710306408 0.5097493036211699 0.07520891364902507 0.15877437325905291 0.06406685236768803 
0.646551724137931 0.09195402298850575 0.07183908045977011 0.1235632183908046 0.06609195402298851 
0.3850574712643678 0.16091954022988506 0.1206896551724138 0.11494252873563218 0.21839080459770116 
0.16049382716049382 0.12654320987654322 0.16049382716049382 0.47530864197530864 0.07716049382716049 
0.042801556420233464 0.05058365758754864 0.08949416342412451 0.0622568093385214 0.754863813229572 
0.1471861471861472 0.1471861471861472 0.46320346320346323 0.14285714285714285 0.09956709956709957 
0.12661498708010335 0.07751937984496124 0.04263565891472868 0.7248062015503876 0.028423772609819122 
0.47023809523809523 0.12202380952380952 0.07142857142857142 0.13690476190476192 0.19940476190476192 
0.07046070460704607 0.7046070460704607 0.056910569105691054 0.12195121951219512 0.04607046070460705 
0.4303030303030303 0.09696969696969697 0.09090909090909091 0.24848484848484848 0.13333333333333333 
0.02944507361268403 0.026047565118912798 0.8301245753114382 0.08040770101925254 0.03397508493771234 
0.1 0.09259259259259259 0.08888888888888889 0.6370370370370371 0.08148148148148149 
0.10224948875255624 0.06339468302658487 0.5807770961145194 0.22085889570552147 0.032719836400818 
0.09533468559837728 0.4117647058823529 0.24949290060851928 0.1075050709939148 0.1359026369168357 
0.04081632653061224 0.5122448979591837 0.05510204081632653 0.3673469387755102 0.024489795918367346 
0.2363405336721728 0.2363405336721728 0.06480304955527319 0.4269377382465057 0.035578144853875476 
0.3655913978494624 0.16666666666666666 0.08064516129032258 0.0985663082437276 0.2885304659498208 
0.555956678700361 0.1299638989169675 0.07942238267148015 0.18050541516245489 0.05415162454873646 
0.11063094209161625 0.8055315471045809 0.04062229904926534 0.028522039757994815 0.014693171996542784 
0.5773195876288659 0.16494845360824742 0.05154639175257732 0.17268041237113402 0.03350515463917526 
0.2068412613575628 0.37466595403527525 0.20042757883484769 0.19454836985569215 0.02351683591662213 
0.08775510204081632 0.6979591836734694 0.08775510204081632 0.10204081632653061 0.024489795918367346 
0.4192708333333333 0.0546875 0.15104166666666666 0.3098958333333333 0.06510416666666667 
0.023991275899672846 0.04689203925845147 0.8244274809160306 0.08396946564885496 0.020719738276990186 
0.12173913043478261 0.7443478260869565 0.029565217391304348 0.08695652173913043 0.017391304347826087 
0.630801687763713 0.16033755274261605 0.06751054852320675 0.10126582278481013 0.04008438818565401 
0.13725490196078433 0.5294117647058824 0.11764705882352941 0.10784313725490197 0.10784313725490197 
0.7696228338430173 0.04281345565749235 0.029561671763506627 0.12436289500509684 0.03363914373088685 
0.3715277777777778 0.2361111111111111 0.0763888888888889 0.1076388888888889 0.20833333333333334 
0.050473186119873815 0.03785488958990536 0.805993690851735 0.0473186119873817 0.0583596214511041 
0.1568627450980392 0.5882352941176471 0.0718954248366013 0.09803921568627451 0.08496732026143791 
0.12264150943396226 0.5660377358490566 0.11320754716981132 0.09433962264150944 0.10377358490566038 
0.13993174061433447 0.12286689419795221 0.04436860068259386 0.07167235494880546 0.621160409556314 
0.18571428571428572 0.4785714285714286 0.07857142857142857 0.1357142857142857 0.12142857142857143 
0.07190635451505016 0.8837792642140468 0.021739130434782608 0.01254180602006689 0.010033444816053512 
0.12880143112701253 0.5348837209302325 0.20214669051878353 0.11270125223613596 0.02146690518783542 
0.26704545454545453 0.1875 0.10227272727272728 0.17613636363636365 0.26704545454545453 
0.07924528301886792 0.06037735849056604 0.04150943396226415 0.07924528301886792 0.7396226415094339 
0.11666666666666667 0.08095238095238096 0.26666666666666666 0.4023809523809524 0.13333333333333333 
0.6666666666666666 0.09195402298850575 0.06513409961685823 0.12260536398467432 0.05363984674329502 
0.1262135922330097 0.5728155339805825 0.0970873786407767 0.0970873786407767 0.10679611650485436 
0.07766990291262135 0.24029126213592233 0.46359223300970875 0.18689320388349515 0.03155339805825243 
0.10697674418604651 0.3395348837209302 0.3023255813953488 0.14418604651162792 0.10697674418604651 
0.11191335740072202 0.05415162454873646 0.04332129963898917 0.061371841155234655 0.7292418772563177 
0.17167381974248927 0.4871244635193133 0.1609442060085837 0.1223175965665236 0.05793991416309013 
0.06181818181818182 0.06181818181818182 0.04727272727272727 0.09090909090909091 0.7381818181818182 
0.32272727272727275 0.075 0.31136363636363634 0.2431818181818182 0.04772727272727273 
0.029304029304029304 0.054945054945054944 0.0695970695970696 0.8229548229548229 0.0231990231990232 
0.6897435897435897 0.12051282051282051 0.05641025641025641 0.09487179487179487 0.038461538461538464 
0.26666666666666666 0.08333333333333333 0.05 0.5 0.1 
0.05652173913043478 0.7 0.11304347826086956 0.0782608695652174 0.05217391304347826 
0.061611374407582936 0.7914691943127962 0.04739336492890995 0.04739336492890995 0.052132701421800945 
0.6159695817490495 0.11787072243346007 0.11787072243346007 0.09505703422053231 0.053231939163498096 
0.0790144435004248 0.33305012744265083 0.46644010195412067 0.0994052676295667 0.022090059473237042 
0.0881057268722467 0.10572687224669604 0.5286343612334802 0.19383259911894274 0.08370044052863436 
0.1 0.44146341463414634 0.04390243902439024 0.041463414634146344 0.37317073170731707 
0.5812417437252312 0.1334214002642008 0.12945838837516513 0.130779392338177 0.02509907529722589 
0.11469534050179211 0.06093189964157706 0.03942652329749104 0.06093189964157706 0.7240143369175627 
0.32585949177877427 0.4678624813153961 0.03736920777279522 0.061285500747384154 0.10762331838565023 
0.23308270676691728 0.3297529538131042 0.0397422126745435 0.06552094522019335 0.3319011815252417 
0.20428015564202334 0.122568093385214 0.08463035019455253 0.5476653696498055 0.04085603112840467 
0.06640625 0.05859375 0.04296875 0.05078125 0.78125 
0.023121387283236993 0.02745664739884393 0.9002890173410405 0.02745664739884393 0.02167630057803468 
0.039764359351988215 0.4521354933726068 0.10014727540500737 0.390279823269514 0.017673048600883652 
0.10483870967741936 0.6290322580645161 0.08870967741935484 0.08064516129032258 0.0967741935483871 
0.17270194986072424 0.5626740947075209 0.06128133704735376 0.16434540389972144 0.03899721448467967 
0.6928783382789317 0.17210682492581603 0.06083086053412463 0.05489614243323442 0.019287833827893175 
0.041044776119402986 0.048507462686567165 0.11940298507462686 0.041044776119402986 0.75 
0.26685393258426965 0.06460674157303371 0.047752808988764044 0.5589887640449438 0.06179775280898876 
0.6937269372693727 0.08118081180811808 0.04797047970479705 0.12915129151291513 0.04797047970479705 
0.07339449541284404 0.8815679733110926 0.020016680567139282 0.015012510425354461 0.010008340283569641 
0.10321969696969698 0.8011363636363636 0.043560606060606064 0.038825757575757576 0.013257575757575758 
0.03940886699507389 0.8275862068965517 0.054187192118226604 0.029556650246305417 0.04926108374384237 
0.05172413793103448 0.8172413793103448 0.034482758620689655 0.04482758620689655 0.05172413793103448 
0.06938775510204082 0.5122448979591837 0.044897959183673466 0.3510204081632653 0.022448979591836733 
0.5480769230769231 0.16153846153846155 0.06538461538461539 0.05384615384615385 0.17115384615384616 
0.5476772616136919 0.04645476772616137 0.05623471882640587 0.17603911980440098 0.17359413202933985 
0.4551282051282051 0.21153846153846154 0.08333333333333333 0.16666666666666666 0.08333333333333333 
0.09341500765696784 0.03905053598774885 0.07580398162327719 0.7771822358346095 0.01454823889739663 
0.057777777777777775 0.3111111111111111 0.43851851851851853 0.17333333333333334 0.01925925925925926 
0.19360131255127153 0.1361771944216571 0.15258408531583265 0.4856439704675964 0.03199343724364233 
0.8330134357005758 0.028790786948176585 0.07485604606525911 0.028790786948176585 0.0345489443378119 
0.06770833333333333 0.7604166666666666 0.0625 0.052083333333333336 0.057291666666666664 
0.11450381679389313 0.07633587786259542 0.5038167938931297 0.15648854961832062 0.14885496183206107 
0.041237113402061855 0.05154639175257732 0.11683848797250859 0.05154639175257732 0.738831615120275 
0.0699831365935919 0.8946037099494097 0.013490725126475547 0.011804384485666104 0.01011804384485666 
0.15017064846416384 0.1296928327645051 0.04436860068259386 0.06143344709897611 0.6143344709897611 
0.373134328358209 0.41044776119402987 0.07649253731343283 0.10541044776119403 0.03451492537313433 
0.043478260869565216 0.6714975845410628 0.09420289855072464 0.14009661835748793 0.050724637681159424 
0.625 0.159375 0.05625 0.046875 0.1125 
0.315018315018315 0.05128205128205128 0.10989010989010989 0.26373626373626374 0.2600732600732601 
0.44038929440389296 0.05048661800486618 0.0340632603406326 0.13381995133819952 0.34124087591240876 
0.17708333333333334 0.12152777777777778 0.041666666666666664 0.06597222222222222 0.59375 
0.1415929203539823 0.39823008849557523 0.18584070796460178 0.12389380530973451 0.1504424778761062 
0.7033773861967695 0.04698972099853157 0.032305433186490456 0.13069016152716592 0.08663729809104258 
0.045454545454545456 0.06818181818181818 0.09848484848484848 0.05303030303030303 0.7348484848484849 
0.1568627450980392 0.5882352941176471 0.08496732026143791 0.09803921568627451 0.0718954248366013 
0.34944237918215615 0.4275092936802974 0.07434944237918216 0.10408921933085502 0.04460966542750929 
0.07386363636363637 0.4005681818181818 0.2159090909090909 0.2528409090909091 0.056818181818181816 
0.1349206349206349 0.5978835978835979 0.05555555555555555 0.17724867724867724 0.03439153439153439 
0.8134328358208955 0.03731343283582089 0.06902985074626866 0.03544776119402985 0.04477611940298507 
0.4479166666666667 0.057291666666666664 0.140625 0.2708333333333333 0.08333333333333333 
0.04693140794223827 0.8194945848375451 0.036101083032490974 0.04693140794223827 0.05054151624548736 
0.14339622641509434 0.7433962264150943 0.03018867924528302 0.062264150943396226 0.020754716981132074 
0.05531914893617021 0.7787234042553192 0.06382978723404255 0.05106382978723404 0.05106382978723404 
0.7315340909090909 0.048295454545454544 0.11363636363636363 0.07528409090909091 0.03125 
0.11297071129707113 0.6778242677824268 0.06694560669456066 0.07531380753138076 0.06694560669456066 
0.18807339449541285 0.17889908256880735 0.2545871559633027 0.22935779816513763 0.14908256880733944 
0.5638766519823789 0.11013215859030837 0.07488986784140969 0.19383259911894274 0.05726872246696035 
0.06390977443609022 0.04887218045112782 0.045112781954887216 0.12781954887218044 0.7142857142857143 
0.09259259259259259 0.7175925925925926 0.07407407407407407 0.0787037037037037 0.037037037037037035 
0.6742424242424242 0.16666666666666666 0.06060606060606061 0.05303030303030303 0.045454545454545456 
0.20786516853932585 0.5 0.08146067415730338 0.14887640449438203 0.06179775280898876 
0.32 0.184 0.136 0.176 0.184 
0.14942528735632185 0.10727969348659004 0.4789272030651341 0.15708812260536398 0.10727969348659004 
0.14659685863874344 0.06806282722513089 0.14659685863874344 0.24083769633507854 0.39790575916230364 
0.045283018867924525 0.045283018867924525 0.05660377358490566 0.04150943396226415 0.8113207547169812 
0.042582417582417584 0.8461538461538461 0.03983516483516483 0.05357142857142857 0.017857142857142856 
0.13541666666666666 0.5598958333333334 0.1953125 0.09765625 0.01171875 
0.3422459893048128 0.2620320855614973 0.14304812834224598 0.19518716577540107 0.05748663101604278 
0.15789473684210525 0.14619883040935672 0.49707602339181284 0.1286549707602339 0.07017543859649122 
