0.6016713091922006 0.07242339832869081 0.06128133704735376 0.11977715877437325 0.14484679665738162 
0.029045643153526972 0.07468879668049792 0.549792531120332 0.21161825726141079 0.13485477178423236 
0.03653217011995638 0.3064340239912759 0.1826608505997819 0.15757906215921483 0.31679389312977096 
0.02152317880794702 0.8543046357615894 0.0347682119205298 0.04966887417218543 0.039735099337748346 
0.11439114391143912 0.1918819188191882 0.11070110701107011 0.14391143911439114 0.43911439114391143 
0.8086642599277978 0.04332129963898917 0.04693140794223827 0.05776173285198556 0.04332129963898917 
0.588135593220339 0.07627118644067797 0.07796610169491526 0.1 0.1576271186440678 
0.3717948717948718 0.12307692307692308 0.08461538461538462 0.1076923076923077 0.3128205128205128 
0.017167381974248927 0.05150214592274678 0.6824034334763949 0.2145922746781116 0.034334763948497854 
0.13450292397660818 0.30409356725146197 0.08771929824561403 0.09941520467836257 0.3742690058479532 
0.058823529411764705 0.6941176470588235 0.07058823529411765 0.08823529411764706 0.08823529411764706 
0.0718232044198895 0.1270718232044199 0.39226519337016574 0.23204419889502761 0.17679558011049723 
0.3022508038585209 0.1607717041800643 0.09967845659163987 0.09003215434083602 0.34726688102893893 
0.075 0.675 0.1 0.09285714285714286 0.05714285714285714 
0.04392764857881137 0.34108527131782945 0.06201550387596899 0.09302325581395349 0.4599483204134367 
0.0949367088607595 0.5822784810126582 0.12658227848101267 0.11392405063291139 0.08227848101265822 
0.40460526315789475 0.07346491228070176 0.17653508771929824 0.24013157894736842 0.10526315789473684 
0.07006369426751592 0.07006369426751592 0.43312101910828027 0.21656050955414013 0.21019108280254778 
0.7890909090909091 0.04363636363636364 0.04 0.04 0.08727272727272728 
0.16296296296296298 0.1259259259259259 0.2740740740740741 0.3037037037037037 0.13333333333333333 
0.02245508982035928 0.10479041916167664 0.08233532934131736 0.2155688622754491 0.5748502994011976 
0.0228310502283105 0.16621004566210046 0.08127853881278539 0.1415525114155251 0.5881278538812785 
0.02181208053691275 0.0436241610738255 0.8288590604026845 0.06040268456375839 0.04530201342281879 
0.043373493975903614 0.8457831325301205 0.02891566265060241 0.043373493975903614 0.03855421686746988 
0.47619047619047616 0.08771929824561403 0.08521303258145363 0.10526315789473684 0.24561403508771928 
0.18181818181818182 0.45989304812834225 0.12299465240641712 0.11229946524064172 0.12299465240641712 
0.027417027417027416 0.1111111111111111 0.10101010101010101 0.15584415584415584 0.6046176046176046 
0.39593908629441626 0.10152284263959391 0.15736040609137056 0.13705583756345177 0.20812182741116753 
0.38515901060070673 0.1519434628975265 0.2049469964664311 0.1625441696113074 0.09540636042402827 
0.046948356807511735 0.1267605633802817 0.34507042253521125 0.24882629107981222 0.2323943661971831 
0.02142857142857143 0.5971428571428572 0.04285714285714286 0.04285714285714286 0.2957142857142857 
0.03814713896457766 0.43869209809264303 0.1008174386920981 0.1444141689373297 0.2779291553133515 
0.03900709219858156 0.5106382978723404 0.1453900709219858 0.2198581560283688 0.0851063829787234 
0.0378619153674833 0.08240534521158129 0.10467706013363029 0.6481069042316259 0.12694877505567928 
0.22336769759450173 0.11683848797250859 0.17525773195876287 0.1718213058419244 0.3127147766323024 
0.09473684210526316 0.07157894736842105 0.3452631578947368 0.11157894736842106 0.37684210526315787 
0.6175373134328358 0.08022388059701492 0.0914179104477612 0.08582089552238806 0.125 
0.03102189781021898 0.7463503649635036 0.043795620437956206 0.1259124087591241 0.05291970802919708 
0.06184012066365008 0.05429864253393665 0.11312217194570136 0.25339366515837103 0.5173453996983409 
0.05847953216374269 0.14619883040935672 0.08187134502923976 0.631578947368421 0.08187134502923976 
0.0912280701754386 0.08771929824561403 0.16842105263157894 0.5684210526315789 0.08421052631578947 
0.07291666666666667 0.09895833333333333 0.265625 0.2552083333333333 0.3072916666666667 
0.025052192066805846 0.08350730688935282 0.0709812108559499 0.7745302713987474 0.04592901878914405 
0.2575 0.3525 0.0725 0.135 0.1825 
0.08695652173913043 0.6024844720496895 0.09316770186335403 0.11180124223602485 0.10559006211180125 
0.040983606557377046 0.4562841530054645 0.11475409836065574 0.13387978142076504 0.2540983606557377 
0.8037037037037037 0.04814814814814815 0.04814814814814815 0.04814814814814815 0.05185185185185185 
0.03443328550932568 0.028694404591104734 0.13629842180774748 0.08608321377331421 0.7144906743185079 
0.3276595744680851 0.4085106382978723 0.07659574468085106 0.09787234042553192 0.08936170212765958 
0.023980815347721823 0.3645083932853717 0.08633093525179857 0.07913669064748201 0.4460431654676259 
0.06472081218274112 0.04568527918781726 0.4873096446700508 0.2918781725888325 0.11040609137055837 
0.07428571428571429 0.4742857142857143 0.10285714285714286 0.26857142857142857 0.08 
0.039568345323741004 0.8057553956834532 0.0539568345323741 0.05755395683453238 0.04316546762589928 
0.05325443786982249 0.6715976331360947 0.07988165680473373 0.13313609467455623 0.0621301775147929 
0.05970149253731343 0.0708955223880597 0.30597014925373134 0.4253731343283582 0.13805970149253732 
0.11486486486486487 0.14189189189189189 0.16891891891891891 0.3716216216216216 0.20270270270270271 
0.021205357142857144 0.044642857142857144 0.052455357142857144 0.03459821428571429 0.8470982142857143 
0.04552352048558422 0.03945371775417299 0.18361153262518967 0.11532625189681335 0.6160849772382397 
0.7861842105263158 0.049342105263157895 0.07236842105263158 0.05263157894736842 0.039473684210526314 
0.0707070707070707 0.5025252525252525 0.08080808080808081 0.16666666666666666 0.17929292929292928 
0.017743979721166033 0.826362484157161 0.04055766793409379 0.043092522179974654 0.07224334600760456 
0.15306122448979592 0.16326530612244897 0.21428571428571427 0.3163265306122449 0.15306122448979592 
0.13333333333333333 0.4888888888888889 0.12222222222222222 0.13333333333333333 0.12222222222222222 
0.8118466898954704 0.04529616724738676 0.04529616724738676 0.05574912891986063 0.041811846689895474 
0.10032362459546926 0.07119741100323625 0.1488673139158576 0.6019417475728155 0.07766990291262135 
0.7873754152823921 0.059800664451827246 0.06312292358803986 0.03986710963455149 0.04983388704318937 
0.08836206896551724 0.5926724137931034 0.0668103448275862 0.07543103448275862 0.17672413793103448 
0.03294573643410853 0.0755813953488372 0.627906976744186 0.2054263565891473 0.05813953488372093 
0.06352941176470588 0.5176470588235295 0.12470588235294118 0.12941176470588237 0.16470588235294117 
0.08 0.52 0.16 0.148 0.092 
0.1070110701107011 0.1918819188191882 0.08487084870848709 0.14022140221402213 0.47601476014760147 
0.44339622641509435 0.07861635220125786 0.06918238993710692 0.22641509433962265 0.18238993710691823 
0.054945054945054944 0.08424908424908426 0.6556776556776557 0.09157509157509157 0.11355311355311355 
0.024336283185840708 0.05088495575221239 0.6703539823008849 0.15265486725663716 0.10176991150442478 
0.03333333333333333 0.8333333333333334 0.041025641025641026 0.05128205128205128 0.041025641025641026 
0.04421768707482993 0.08843537414965986 0.2789115646258503 0.5408163265306123 0.047619047619047616 
0.017711171662125342 0.02997275204359673 0.7370572207084468 0.10762942779291552 0.10762942779291552 
0.08387096774193549 0.12903225806451613 0.21935483870967742 0.44516129032258067 0.12258064516129032 
0.033962264150943396 0.16037735849056603 0.06981132075471698 0.6358490566037736 0.1 
0.024229074889867842 0.024229074889867842 0.05286343612334802 0.05726872246696035 0.8414096916299559 
0.02159468438538206 0.044850498338870434 0.8023255813953488 0.06976744186046512 0.061461794019933555 
0.43986254295532645 0.42955326460481097 0.044673539518900345 0.041237113402061855 0.044673539518900345 
0.05835010060362173 0.11468812877263582 0.2454728370221328 0.4567404426559356 0.12474849094567404 
0.021032504780114723 0.0497131931166348 0.05353728489483748 0.8260038240917782 0.0497131931166348 
0.04417670682730924 0.6706827309236948 0.07228915662650602 0.14457831325301204 0.06827309236947791 
0.030183727034120734 0.06824146981627296 0.051181102362204724 0.7979002624671916 0.05249343832020997 
0.10625 0.459375 0.10625 0.234375 0.09375 
0.01893939393939394 0.03535353535353535 0.7285353535353535 0.11616161616161616 0.10101010101010101 
0.08290685772773797 0.04912998976458546 0.4155578300921187 0.31832139201637666 0.13408393039918118 
0.6595505617977528 0.10786516853932585 0.056179775280898875 0.060674157303370786 0.11573033707865168 
0.0610079575596817 0.5915119363395226 0.1909814323607427 0.07957559681697612 0.07692307692307693 
0.02086677367576244 0.31781701444622795 0.05778491171749599 0.5634028892455859 0.04012841091492777 
0.02287581699346405 0.8496732026143791 0.03758169934640523 0.05228758169934641 0.03758169934640523 
0.23115577889447236 0.36432160804020103 0.08040201005025126 0.12562814070351758 0.1984924623115578 
0.019217570350034317 0.5737817433081674 0.2361015785861359 0.08922443376801648 0.08167467398764584 
0.05734767025089606 0.5627240143369175 0.06093189964157706 0.17204301075268819 0.14695340501792115 
0.013266998341625208 0.022388059701492536 0.09038142620232173 0.8383084577114428 0.03565505804311774 
0.039761431411530816 0.03578528827037773 0.44930417495029823 0.2922465208747515 0.18290258449304175 
0.7147435897435898 0.041666666666666664 0.08333333333333333 0.05128205128205128 0.10897435897435898 
0.02328042328042328 0.030687830687830688 0.19365079365079366 0.10158730158730159 0.6507936507936508 
0.03275109170305677 0.15938864628820962 0.10043668122270742 0.5676855895196506 0.13973799126637554 
0.027777777777777776 0.5405982905982906 0.05555555555555555 0.11324786324786325 0.26282051282051283 
0.10952380952380952 0.08571428571428572 0.13095238095238096 0.20952380952380953 0.4642857142857143 
0.04066985645933014 0.11004784688995216 0.10287081339712918 0.291866028708134 0.45454545454545453 
0.029182879377431907 0.2723735408560311 0.08560311284046693 0.05642023346303502 0.556420233463035 
0.024965325936199722 0.04299583911234397 0.1289875173370319 0.0638002773925104 0.739251040221914 
0.0684931506849315 0.06621004566210045 0.136986301369863 0.1735159817351598 0.5547945205479452 
0.06518518518518518 0.025185185185185185 0.5496296296296296 0.21925925925925926 0.14074074074074075 
0.11510791366906475 0.20863309352517986 0.11151079136690648 0.14028776978417265 0.4244604316546763 
0.024783147459727387 0.48079306071871125 0.10408921933085502 0.17410161090458487 0.21623296158612143 
0.7682539682539683 0.047619047619047616 0.06031746031746032 0.08888888888888889 0.03492063492063492 
0.1 0.6875 0.075 0.075 0.0625 
0.08415841584158416 0.09900990099009901 0.0594059405940594 0.5247524752475248 0.23267326732673269 
0.04780876494023904 0.6215139442231076 0.06772908366533864 0.21115537848605578 0.05179282868525897 
0.07964601769911504 0.4823008849557522 0.08849557522123894 0.12389380530973451 0.22566371681415928 
0.05947955390334572 0.6579925650557621 0.08921933085501858 0.07434944237918216 0.11895910780669144 
0.08205128205128205 0.6564102564102564 0.07179487179487179 0.09230769230769231 0.09743589743589744 
0.034482758620689655 0.07836990595611286 0.4670846394984326 0.31347962382445144 0.10658307210031348 
0.019455252918287938 0.0622568093385214 0.03696498054474708 0.8482490272373541 0.033073929961089495 
0.027777777777777776 0.8527777777777777 0.03611111111111111 0.05 0.03333333333333333 
0.25301204819277107 0.20481927710843373 0.18072289156626506 0.1927710843373494 0.1686746987951807 
0.045454545454545456 0.08181818181818182 0.48787878787878786 0.21515151515151515 0.1696969696969697 
0.14634146341463414 0.4024390243902439 0.15853658536585366 0.17073170731707318 0.12195121951219512 
0.04741379310344827 0.646551724137931 0.08189655172413793 0.1724137931034483 0.05172413793103448 
0.07329842931937172 0.4869109947643979 0.1099476439790576 0.2356020942408377 0.09424083769633508 
0.010896898575020955 0.02933780385582565 0.08130762782900251 0.8348700754400671 0.04358759430008382 
0.15789473684210525 0.10526315789473684 0.12280701754385964 0.12280701754385964 0.49122807017543857 
0.022388059701492536 0.05970149253731343 0.8 0.041791044776119404 0.07611940298507462 
0.7517241379310344 0.07241379310344828 0.05862068965517241 0.08275862068965517 0.034482758620689655 
0.027210884353741496 0.8299319727891157 0.034013605442176874 0.07256235827664399 0.036281179138321996 
0.025210084033613446 0.11134453781512606 0.07773109243697479 0.726890756302521 0.058823529411764705 
0.04371584699453552 0.5027322404371585 0.08469945355191257 0.2540983606557377 0.11475409836065574 
0.04776119402985075 0.11641791044776119 0.4835820895522388 0.24776119402985075 0.1044776119402985 
0.1 0.17058823529411765 0.2529411764705882 0.38235294117647056 0.09411764705882353 
0.10843373493975904 0.06626506024096386 0.13253012048192772 0.12650602409638553 0.5662650602409639 
0.8404255319148937 0.0425531914893617 0.03900709219858156 0.03546099290780142 0.0425531914893617 
0.34156378600823045 0.16049382716049382 0.1934156378600823 0.0823045267489712 0.2222222222222222 
0.036848792884371026 0.04701397712833545 0.156289707750953 0.08259212198221093 0.6772554002541296 
0.055232558139534885 0.15406976744186046 0.3546511627906977 0.34011627906976744 0.09593023255813954 
0.05333333333333334 0.688 0.09333333333333334 0.06666666666666667 0.09866666666666667 
0.10493827160493827 0.10493827160493827 0.2037037037037037 0.3765432098765432 0.20987654320987653 
0.6230200633579726 0.0675818373812038 0.050686378035902854 0.04751847940865892 0.21119324181626187 
0.07526881720430108 0.0931899641577061 0.06810035842293907 0.12903225806451613 0.6344086021505376 
0.41967871485943775 0.07630522088353414 0.07228915662650602 0.06827309236947791 0.3634538152610442 
0.07630522088353414 0.39156626506024095 0.20481927710843373 0.13654618473895583 0.19076305220883535 
0.029644268774703556 0.6442687747035574 0.045454545454545456 0.06324110671936758 0.21739130434782608 
0.018844221105527637 0.27386934673366836 0.10175879396984924 0.4623115577889447 0.14321608040201006 
0.0693950177935943 0.07473309608540925 0.2206405693950178 0.5658362989323843 0.0693950177935943 
0.06343283582089553 0.10074626865671642 0.291044776119403 0.3843283582089552 0.16044776119402984 
0.013104013104013105 0.6797706797706797 0.04176904176904177 0.24324324324324326 0.022113022113022112 
0.049738219895287955 0.09162303664921466 0.10732984293193717 0.612565445026178 0.1387434554973822 
0.08808290155440414 0.2751295336787565 0.12797927461139896 0.33419689119170987 0.17461139896373057 
0.0486815415821501 0.6855983772819473 0.10344827586206896 0.060851926977687626 0.10141987829614604 
0.04859335038363171 0.0741687979539642 0.4629156010230179 0.1432225063938619 0.2710997442455243 
0.7489539748953975 0.04497907949790795 0.027196652719665274 0.0502092050209205 0.12866108786610878 
0.0210896309314587 0.7926186291739895 0.0421792618629174 0.0913884007029877 0.05272407732864675 
0.031512605042016806 0.11974789915966387 0.037815126050420166 0.7605042016806722 0.05042016806722689 
0.11224489795918367 0.5102040816326531 0.10204081632653061 0.12244897959183673 0.15306122448979592 
0.016129032258064516 0.037298387096774195 0.6502016129032258 0.19858870967741934 0.09778225806451613 
0.10071942446043165 0.09352517985611511 0.5611510791366906 0.1474820143884892 0.09712230215827339 
0.7278382581648523 0.049766718506998445 0.04821150855365474 0.04665629860031104 0.12752721617418353 
0.08496732026143791 0.5620915032679739 0.09803921568627451 0.13725490196078433 0.11764705882352941 
0.10784313725490197 0.5686274509803921 0.10784313725490197 0.11764705882352941 0.09803921568627451 
0.0498220640569395 0.11387900355871886 0.7153024911032029 0.06761565836298933 0.05338078291814947 
0.07042253521126761 0.4859154929577465 0.1056338028169014 0.2323943661971831 0.1056338028169014 
0.009181969949916527 0.29799666110183637 0.6686143572621035 0.010851419031719533 0.01335559265442404 
0.026785714285714284 0.625 0.05357142857142857 0.11785714285714285 0.1767857142857143 
0.09090909090909091 0.12727272727272726 0.4909090909090909 0.1393939393939394 0.15151515151515152 
0.775438596491228 0.042105263157894736 0.06666666666666667 0.05263157894736842 0.06315789473684211 
0.12325581395348838 0.053488372093023255 0.14883720930232558 0.11395348837209303 0.5604651162790698 
0.052 0.068 0.336 0.4 0.144 
0.1 0.55 0.1 0.15 0.1 
0.31203931203931207 0.20884520884520885 0.10073710073710074 0.09336609336609336 0.28501228501228504 
0.07079646017699115 0.5088495575221239 0.06637168141592921 0.17256637168141592 0.18141592920353983 
0.7194719471947195 0.036303630363036306 0.09900990099009901 0.0924092409240924 0.052805280528052806 
0.12446351931330472 0.40987124463519314 0.15450643776824036 0.19742489270386265 0.11373390557939914 
0.74 0.03666666666666667 0.07 0.06666666666666667 0.08666666666666667 
0.14414414414414414 0.12387387387387387 0.23198198198198197 0.20045045045045046 0.29954954954954954 
0.013064133016627079 0.043942992874109264 0.039192399049881234 0.04631828978622328 0.8574821852731591 
0.03980099502487562 0.06467661691542288 0.06467661691542288 0.7487562189054726 0.08208955223880597 
0.07264957264957266 0.07692307692307693 0.23931623931623933 0.19658119658119658 0.41452991452991456 
0.07142857142857142 0.6964285714285714 0.09375 0.05357142857142857 0.08482142857142858 
0.055 0.755 0.065 0.065 0.06 
0.06896551724137931 0.05747126436781609 0.2796934865900383 0.44061302681992337 0.1532567049808429 
0.259289843104872 0.4004954582989265 0.033856317093311314 0.12386457473162675 0.18249380677126342 
0.4353448275862069 0.16379310344827586 0.09051724137931035 0.10344827586206896 0.20689655172413793 
0.03827751196172249 0.5191387559808612 0.29904306220095694 0.09808612440191387 0.045454545454545456 
0.044929396662387676 0.08857509627727857 0.3157894736842105 0.4492939666238768 0.10141206675224647 
0.7408637873754153 0.04318936877076412 0.11960132890365449 0.059800664451827246 0.036544850498338874 
0.01466275659824047 0.2903225806451613 0.036656891495601175 0.624633431085044 0.03372434017595308 
0.17970401691331925 0.23784355179704017 0.02959830866807611 0.5221987315010571 0.0306553911205074 
0.03414634146341464 0.11414634146341464 0.08682926829268292 0.6009756097560975 0.16390243902439025 
0.7695035460992907 0.04609929078014184 0.07801418439716312 0.06028368794326241 0.04609929078014184 
0.8778220451527224 0.029216467463479414 0.029216467463479414 0.03851261620185923 0.025232403718459494 
0.018571428571428572 0.5942857142857143 0.037142857142857144 0.05142857142857143 0.2985714285714286 
0.08264462809917356 0.6446280991735537 0.09917355371900827 0.08264462809917356 0.09090909090909091 
0.04607046070460705 0.5284552845528455 0.06775067750677506 0.23306233062330622 0.12466124661246612 
0.01903367496339678 0.06881405563689605 0.7950219619326501 0.04978038067349927 0.06734992679355783 
0.8464163822525598 0.040955631399317405 0.040955631399317405 0.03754266211604096 0.034129692832764506 
0.043596730245231606 0.04087193460490463 0.1362397820163488 0.2779291553133515 0.5013623978201635 
0.051094890510948905 0.08759124087591241 0.6021897810218978 0.16423357664233576 0.0948905109489051 
0.010896898575020955 0.2950544844928751 0.6580050293378038 0.020955574182732608 0.015088013411567477 
0.014856081708449397 0.7493036211699164 0.04178272980501393 0.15970287836583102 0.034354688950789226 
0.038461538461538464 0.823076923076923 0.03333333333333333 0.06153846153846154 0.04358974358974359 
0.03819444444444445 0.8159722222222222 0.06944444444444445 0.03819444444444445 0.03819444444444445 
0.023668639053254437 0.6429980276134122 0.0631163708086785 0.0631163708086785 0.20710059171597633 
0.03984819734345351 0.13282732447817835 0.25996204933586337 0.5313092979127134 0.036053130929791274 
0.05660377358490566 0.04245283018867924 0.5872641509433962 0.19339622641509435 0.12028301886792453 
0.09090909090909091 0.11038961038961038 0.43506493506493504 0.18831168831168832 0.17532467532467533 
0.021919879062736205 0.0400604686318972 0.15873015873015872 0.07331821617535904 0.7059712773998488 
0.04029850746268657 0.28059701492537314 0.050746268656716415 0.056716417910447764 0.5716417910447761 
0.04095004095004095 0.12776412776412777 0.16134316134316135 0.15151515151515152 0.5184275184275184 
0.03244274809160305 0.03625954198473282 0.24427480916030533 0.6393129770992366 0.04770992366412214 
0.05235602094240838 0.7486910994764397 0.06282722513089005 0.07853403141361257 0.05759162303664921 
0.3710247349823322 0.0989399293286219 0.13074204946996468 0.08833922261484099 0.31095406360424027 
0.834375 0.04375 0.040625 0.0375 0.04375 
0.012690355329949238 0.2868020304568528 0.6734348561759729 0.016074450084602367 0.010998307952622674 
0.0498220640569395 0.12455516014234876 0.701067615658363 0.06761565836298933 0.05693950177935943 
0.030414746543778803 0.3898617511520737 0.04976958525345622 0.4147465437788018 0.1152073732718894 
0.0661764705882353 0.7205882352941176 0.058823529411764705 0.0661764705882353 0.08823529411764706 
0.040123456790123455 0.08641975308641975 0.30864197530864196 0.5061728395061729 0.05864197530864197 
0.11355311355311355 0.08058608058608059 0.42124542124542125 0.1978021978021978 0.18681318681318682 
0.014379868184541641 0.046734571599760334 0.664469742360695 0.18394248052726184 0.09047333732774117 
0.039568345323741004 0.1366906474820144 0.7086330935251799 0.06474820143884892 0.050359712230215826 
0.12037037037037036 0.37037037037037035 0.1574074074074074 0.2037037037037037 0.14814814814814814 
0.041666666666666664 0.040229885057471264 0.5689655172413793 0.22988505747126436 0.11925287356321838 
0.818815331010453 0.05574912891986063 0.041811846689895474 0.04529616724738676 0.03832752613240418 
0.0718954248366013 0.6209150326797386 0.1111111111111111 0.13071895424836602 0.06535947712418301 
0.041044776119402986 0.5074626865671642 0.1455223880597015 0.19776119402985073 0.10820895522388059 
0.05322128851540616 0.4481792717086835 0.06162464985994398 0.09803921568627451 0.3389355742296919 
0.05063291139240506 0.47848101265822784 0.07848101265822785 0.2936708860759494 0.09873417721518987 
0.020446096654275093 0.03903345724907063 0.2825278810408922 0.6263940520446096 0.031598513011152414 
0.06493506493506493 0.05194805194805195 0.5636363636363636 0.12727272727272726 0.19220779220779222 
0.03985507246376811 0.8115942028985508 0.05434782608695652 0.050724637681159424 0.043478260869565216 
0.023076923076923078 0.7576923076923077 0.04038461538461539 0.125 0.05384615384615385 
0.06334841628959276 0.7737556561085973 0.058823529411764705 0.05429864253393665 0.049773755656108594 
0.05848787446504993 0.037089871611982884 0.38231098430813126 0.43937232524964337 0.08273894436519258 
0.040160642570281124 0.6305220883534136 0.07630522088353414 0.19678714859437751 0.05622489959839357 
0.3387096774193548 0.1336405529953917 0.1774193548387097 0.08525345622119816 0.26497695852534564 
0.05286343612334802 0.07929515418502203 0.3964757709251101 0.3303964757709251 0.14096916299559473 
0.7560975609756098 0.03832752613240418 0.04529616724738676 0.05226480836236934 0.10801393728222997 
0.04157043879907621 0.7205542725173211 0.07159353348729793 0.06697459584295612 0.09930715935334873 
0.04428044280442804 0.0959409594095941 0.055350553505535055 0.7380073800738007 0.06642066420664207 
0.03314917127071823 0.5220994475138122 0.1132596685082873 0.24585635359116023 0.0856353591160221 
0.11811023622047244 0.1889763779527559 0.2677165354330709 0.25196850393700787 0.1732283464566929 
0.25757575757575757 0.16287878787878787 0.12878787878787878 0.22348484848484848 0.22727272727272727 
0.10396039603960396 0.07920792079207921 0.15841584158415842 0.12376237623762376 0.5346534653465347 
0.8448275862068966 0.03793103448275862 0.03793103448275862 0.041379310344827586 0.03793103448275862 
0.016483516483516484 0.8543956043956044 0.027472527472527472 0.038461538461538464 0.06318681318681318 
0.026599113362887904 0.5959468017732742 0.09309689677010766 0.11842938568714376 0.16592780240658644 
0.038910505836575876 0.19844357976653695 0.14007782101167315 0.36835278858625164 0.25421530479896237 
0.31097560975609756 0.29878048780487804 0.09146341463414634 0.20121951219512196 0.0975609756097561 
