0.07780979827089338 0.07204610951008646 0.729106628242075 0.06628242074927954 0.05475504322766571 
0.11983471074380166 0.6714876033057852 0.06198347107438017 0.028925619834710745 0.11776859504132231 
0.14500836586726157 0.22810931399888454 0.30842163970998326 0.026213050752928055 0.29224762967094253 
0.024916943521594685 0.02823920265780731 0.05647840531561462 0.023255813953488372 0.867109634551495 
0.11231884057971014 0.16304347826086957 0.40217391304347827 0.04710144927536232 0.2753623188405797 
0.05952380952380952 0.051587301587301584 0.051587301587301584 0.7857142857142857 0.051587301587301584 
0.10880829015544041 0.06735751295336788 0.7443868739205527 0.04317789291882556 0.03626943005181347 
0.11671087533156499 0.09549071618037135 0.5623342175066313 0.09283819628647215 0.13262599469496023 
0.06666666666666667 0.796969696969697 0.04090909090909091 0.019696969696969695 0.07575757575757576 
0.1813186813186813 0.15384615384615385 0.31868131868131866 0.07692307692307693 0.2692307692307692 
0.08620689655172414 0.08045977011494253 0.13218390804597702 0.06896551724137931 0.632183908045977 
0.17801047120418848 0.4869109947643979 0.06806282722513089 0.08376963350785341 0.18324607329842932 
0.24921135646687698 0.08201892744479496 0.444794952681388 0.0946372239747634 0.12933753943217666 
0.07586206896551724 0.07241379310344828 0.06896551724137931 0.04827586206896552 0.7344827586206897 
0.09375 0.12760416666666666 0.4088541666666667 0.033854166666666664 0.3359375 
0.06918238993710692 0.08176100628930817 0.06289308176100629 0.06918238993710692 0.7169811320754716 
0.15367483296213807 0.1714922048997773 0.5567928730512249 0.0200445434298441 0.09799554565701558 
0.20388349514563106 0.49838187702265374 0.18122977346278318 0.06796116504854369 0.04854368932038835 
0.08835341365461848 0.05622489959839357 0.040160642570281124 0.7710843373493976 0.04417670682730924 
0.15328467153284672 0.4233576642335766 0.23357664233576642 0.10218978102189781 0.08759124087591241 
0.5022421524663677 0.23019431988041852 0.12705530642750373 0.03139013452914798 0.10911808669656203 
0.577634011090573 0.1321626617375231 0.07855822550831792 0.03974121996303143 0.17190388170055454 
0.0707070707070707 0.7676767676767676 0.05723905723905724 0.020202020202020204 0.08417508417508418 
0.03044496487119438 0.04449648711943794 0.05620608899297424 0.02576112412177986 0.8430913348946136 
0.15424164524421594 0.038560411311053984 0.4961439588688946 0.2570694087403599 0.05398457583547558 
0.11351351351351352 0.08648648648648649 0.2810810810810811 0.12972972972972974 0.3891891891891892 
0.5218045112781955 0.16090225563909774 0.1774436090225564 0.05714285714285714 0.08270676691729323 
0.15934065934065933 0.13186813186813187 0.4835164835164835 0.13186813186813187 0.09340659340659341 
0.17482517482517482 0.15734265734265734 0.4160839160839161 0.11188811188811189 0.13986013986013987 
0.08941176470588236 0.4988235294117647 0.2564705882352941 0.04470588235294118 0.11058823529411765 
0.20471281296023564 0.053019145802650956 0.14285714285714285 0.017673048600883652 0.5817378497790869 
0.06424581005586592 0.13966480446927373 0.41899441340782123 0.030726256983240222 0.3463687150837989 
0.0851063829787234 0.2553191489361702 0.06028368794326241 0.0425531914893617 0.5567375886524822 
0.10672853828306264 0.617169373549884 0.09744779582366589 0.025522041763341066 0.1531322505800464 
0.11971830985915492 0.15492957746478872 0.5035211267605634 0.13732394366197184 0.08450704225352113 
0.18082788671023964 0.1655773420479303 0.22657952069716775 0.3769063180827887 0.05010893246187364 
0.09302325581395349 0.040697674418604654 0.7403100775193798 0.06782945736434108 0.05813953488372093 
0.06115107913669065 0.08273381294964029 0.044964028776978415 0.023381294964028777 0.7877697841726619 
0.4931714719271624 0.19878603945371776 0.165402124430956 0.08042488619119878 0.0622154779969651 
0.12359550561797752 0.449438202247191 0.09550561797752809 0.06179775280898876 0.2696629213483146 
0.08741258741258741 0.5454545454545454 0.11538461538461539 0.07342657342657342 0.17832167832167833 
0.3829787234042553 0.3351063829787234 0.0851063829787234 0.07446808510638298 0.12234042553191489 
0.12127659574468085 0.6723404255319149 0.03829787234042553 0.04468085106382979 0.12340425531914893 
0.1450381679389313 0.09414758269720101 0.38676844783715014 0.04834605597964377 0.3256997455470738 
0.11764705882352941 0.09411764705882353 0.08235294117647059 0.07058823529411765 0.6352941176470588 
0.08379888268156424 0.15083798882681565 0.3575418994413408 0.03910614525139665 0.3687150837988827 
0.06504065040650407 0.056910569105691054 0.044715447154471545 0.7845528455284553 0.04878048780487805 
0.7319277108433735 0.14457831325301204 0.02710843373493976 0.05572289156626506 0.04066265060240964 
0.09259259259259259 0.10185185185185185 0.06944444444444445 0.33796296296296297 0.39814814814814814 
0.09420289855072464 0.1570048309178744 0.42028985507246375 0.033816425120772944 0.2946859903381642 
0.15558343789209536 0.6273525721455459 0.11417816813048934 0.04642409033877039 0.056461731493099125 
0.08522727272727272 0.10227272727272728 0.08522727272727272 0.19886363636363635 0.5284090909090909 
0.039285714285714285 0.07857142857142857 0.04285714285714286 0.04642857142857143 0.7928571428571428 
0.04297994269340974 0.10601719197707736 0.0830945558739255 0.04297994269340974 0.7249283667621776 
0.1962962962962963 0.5222222222222223 0.1259259259259259 0.06296296296296296 0.09259259259259259 
0.20945945945945946 0.23648648648648649 0.10810810810810811 0.23648648648648649 0.20945945945945946 
0.8304891922639362 0.048919226393629126 0.055745164960182024 0.022753128555176336 0.04209328782707622 
0.5873493975903614 0.17620481927710843 0.09337349397590361 0.05120481927710843 0.09186746987951808 
0.06428571428571428 0.06785714285714285 0.075 0.7178571428571429 0.075 
0.09476309226932668 0.09975062344139651 0.19451371571072318 0.05236907730673317 0.5586034912718204 
0.07078507078507079 0.043758043758043756 0.02574002574002574 0.019305019305019305 0.8404118404118404 
0.14432989690721648 0.30927835051546393 0.1958762886597938 0.13402061855670103 0.21649484536082475 
0.10638297872340426 0.13829787234042554 0.13829787234042554 0.10638297872340426 0.5106382978723404 
0.05019305019305019 0.06563706563706563 0.05405405405405406 0.749034749034749 0.08108108108108109 
0.08598726114649681 0.2484076433121019 0.07961783439490445 0.5191082802547771 0.06687898089171974 
0.05514705882352941 0.058823529411764705 0.06985294117647059 0.7536764705882353 0.0625 
0.11920529801324503 0.0706401766004415 0.18984547461368653 0.04194260485651214 0.5783664459161147 
0.1076923076923077 0.6846153846153846 0.04230769230769231 0.05576923076923077 0.10961538461538461 
0.16937354988399073 0.10208816705336426 0.12761020881670534 0.048723897911832945 0.5522041763341067 
0.07171314741035857 0.24302788844621515 0.07569721115537849 0.05179282868525897 0.5577689243027888 
0.3726937269372694 0.14391143911439114 0.23616236162361623 0.08856088560885608 0.15867158671586715 
0.13291139240506328 0.07278481012658228 0.2911392405063291 0.3987341772151899 0.10443037974683544 
0.08571428571428572 0.2571428571428571 0.11071428571428571 0.4607142857142857 0.08571428571428572 
0.10714285714285714 0.6897321428571429 0.03125 0.046875 0.125 
0.04871794871794872 0.041025641025641026 0.05384615384615385 0.028205128205128206 0.8282051282051283 
0.08680555555555555 0.6909722222222222 0.059027777777777776 0.03819444444444445 0.125 
0.1342281879194631 0.7771812080536913 0.03758389261744966 0.01879194630872483 0.032214765100671144 
0.12121212121212122 0.5515151515151515 0.15151515151515152 0.06060606060606061 0.11515151515151516 
0.20736434108527133 0.4786821705426357 0.06201550387596899 0.03488372093023256 0.21705426356589147 
0.8452655889145496 0.03695150115473441 0.050808314087759814 0.02771362586605081 0.03926096997690531 
0.06010016694490818 0.8030050083472454 0.05843071786310518 0.02003338898163606 0.05843071786310518 
0.07829181494661921 0.05693950177935943 0.0498220640569395 0.4092526690391459 0.40569395017793597 
0.1913214990138067 0.5069033530571992 0.08678500986193294 0.03747534516765286 0.17751479289940827 
0.058161350844277676 0.776735459662289 0.0375234521575985 0.0225140712945591 0.1050656660412758 
0.04979253112033195 0.11203319502074689 0.06224066390041494 0.08298755186721991 0.6929460580912863 
0.06772908366533864 0.6733067729083665 0.06374501992031872 0.03054448871181939 0.1646746347941567 
0.0796875 0.1828125 0.1734375 0.0296875 0.534375 
0.12967581047381546 0.78428927680798 0.04114713216957606 0.022443890274314215 0.022443890274314215 
0.15279241306638566 0.5110642781875658 0.22550052687038988 0.0642781875658588 0.04636459430979979 
0.051111111111111114 0.044444444444444446 0.8355555555555556 0.028888888888888888 0.04 
0.19047619047619047 0.09022556390977443 0.08020050125313283 0.045112781954887216 0.5939849624060151 
0.05591054313099041 0.46006389776357826 0.03354632587859425 0.027156549520766772 0.4233226837060703 
0.024671052631578948 0.04111842105263158 0.03618421052631579 0.023026315789473683 0.875 
0.13602015113350127 0.10831234256926953 0.3853904282115869 0.04534005037783375 0.3249370277078086 
0.2141863699582754 0.13977746870653684 0.0584144645340751 0.015994436717663423 0.5716272600834492 
0.16483516483516483 0.09523809523809523 0.17582417582417584 0.054945054945054944 0.5091575091575091 
0.07673060884070058 0.8215179316096747 0.060050041701417846 0.012510425354462052 0.029190992493744787 
0.23228346456692914 0.6062992125984252 0.051181102362204724 0.04330708661417323 0.06692913385826772 
0.13793103448275862 0.05172413793103448 0.04827586206896552 0.7034482758620689 0.05862068965517241 
0.6413502109704642 0.20042194092827004 0.08649789029535865 0.028481012658227847 0.043248945147679324 
0.12195121951219512 0.5787139689578714 0.14412416851441243 0.03325942350332594 0.12195121951219512 
0.17136659436008678 0.08893709327548807 0.20607375271149675 0.026030368763557483 0.5075921908893709 
0.4180522565320665 0.15914489311163896 0.28028503562945367 0.0665083135391924 0.07600950118764846 
0.36253041362530414 0.25304136253041365 0.20681265206812652 0.06326034063260341 0.11435523114355231 
0.14007782101167315 0.08754863813229571 0.48249027237354086 0.019455252918287938 0.2704280155642023 
0.7307692307692307 0.10968660968660969 0.05982905982905983 0.037037037037037035 0.06267806267806268 
0.5882352941176471 0.10823529411764705 0.20941176470588235 0.04470588235294118 0.04941176470588235 
0.19457013574660634 0.497737556561086 0.05580693815987934 0.21266968325791855 0.0392156862745098 
0.09252669039145907 0.1494661921708185 0.40213523131672596 0.05693950177935943 0.298932384341637 
0.18587360594795538 0.19454770755885997 0.11833952912019827 0.015489467162329617 0.4857496902106567 
0.0706713780918728 0.08833922261484099 0.06713780918727916 0.7279151943462897 0.045936395759717315 
0.0718562874251497 0.0658682634730539 0.1377245508982036 0.0658682634730539 0.6586826347305389 
0.13989637305699482 0.24870466321243523 0.4015544041450777 0.10621761658031088 0.10362694300518134 
0.06896551724137931 0.12931034482758622 0.07327586206896551 0.05603448275862069 0.6724137931034483 
0.09859154929577464 0.09389671361502347 0.3615023474178404 0.06572769953051644 0.38028169014084506 
0.06498194945848375 0.07220216606498195 0.10469314079422383 0.05776173285198556 0.7003610108303249 
0.0966183574879227 0.07729468599033816 0.10144927536231885 0.05314009661835749 0.6714975845410628 
0.14551083591331268 0.6625386996904025 0.058823529411764705 0.05263157894736842 0.0804953560371517 
0.07648183556405354 0.7648183556405354 0.036328871892925434 0.028680688336520075 0.09369024856596558 
0.029177718832891247 0.03713527851458886 0.034482758620689655 0.029177718832891247 0.870026525198939 
0.12941176470588237 0.16470588235294117 0.1411764705882353 0.27058823529411763 0.29411764705882354 
0.1761194029850746 0.6 0.06865671641791045 0.05373134328358209 0.10149253731343283 
0.14814814814814814 0.18518518518518517 0.12345679012345678 0.12345679012345678 0.41975308641975306 
0.07589285714285714 0.10267857142857142 0.05357142857142857 0.05357142857142857 0.7142857142857143 
0.06701030927835051 0.14948453608247422 0.0979381443298969 0.20103092783505155 0.4845360824742268 
0.07142857142857142 0.8344537815126051 0.03949579831932773 0.015966386554621848 0.03865546218487395 
0.46218487394957986 0.13445378151260504 0.15966386554621848 0.1092436974789916 0.13445378151260504 
0.07462686567164178 0.682089552238806 0.05373134328358209 0.022388059701492536 0.16716417910447762 
0.045454545454545456 0.09090909090909091 0.05303030303030303 0.7234848484848485 0.08712121212121213 
0.040948275862068964 0.03879310344827586 0.034482758620689655 0.032327586206896554 0.853448275862069 
0.09071729957805907 0.6413502109704642 0.06540084388185655 0.02531645569620253 0.17721518987341772 
0.10863509749303621 0.2479108635097493 0.1532033426183844 0.04456824512534819 0.4456824512534819 
0.14080459770114942 0.6522988505747126 0.06321839080459771 0.040229885057471264 0.10344827586206896 
0.13793103448275862 0.39080459770114945 0.11494252873563218 0.2413793103448276 0.11494252873563218 
0.3611111111111111 0.14506172839506173 0.32098765432098764 0.06481481481481481 0.10802469135802469 
0.038910505836575876 0.04669260700389105 0.10505836575875487 0.7509727626459144 0.058365758754863814 
0.19480519480519481 0.09090909090909091 0.41125541125541126 0.12121212121212122 0.18181818181818182 
0.6770025839793282 0.15374677002583978 0.06330749354005168 0.028423772609819122 0.07751937984496124 
0.08928571428571429 0.6190476190476191 0.10119047619047619 0.041666666666666664 0.1488095238095238 
0.0948509485094851 0.07317073170731707 0.06775067750677506 0.06775067750677506 0.6964769647696477 
0.20606060606060606 0.3878787878787879 0.1393939393939394 0.18181818181818182 0.08484848484848485 
0.06455266138165346 0.027180067950169876 0.8391845979614949 0.02944507361268403 0.039637599093997736 
0.7111111111111111 0.09259259259259259 0.07407407407407407 0.05185185185185185 0.07037037037037037 
0.22903885480572597 0.07566462167689161 0.5930470347648262 0.044989775051124746 0.05725971370143149 
0.09533468559837728 0.15212981744421908 0.29817444219066935 0.07302231237322515 0.3813387423935091 
0.23061224489795917 0.053061224489795916 0.061224489795918366 0.026530612244897958 0.6285714285714286 
0.21473951715374842 0.20584498094027953 0.053367217280813214 0.27573062261753495 0.2503176620076239 
0.08960573476702509 0.5483870967741935 0.17025089605734767 0.04121863799283154 0.15053763440860216 
0.19133574007220217 0.555956678700361 0.06498194945848375 0.07942238267148015 0.10830324909747292 
0.05012964563526361 0.07433016421780467 0.032843560933448576 0.012100259291270527 0.8305963699222126 
0.22938144329896906 0.5463917525773195 0.04381443298969072 0.030927835051546393 0.14948453608247422 
0.18599679315873865 0.20523784072688403 0.2073757349011224 0.021378941742383754 0.3800106894708712 
0.19795918367346937 0.0673469387755102 0.07959183673469387 0.02857142857142857 0.6265306122448979 
0.06770833333333333 0.53125 0.25 0.049479166666666664 0.1015625 
0.09487459105779716 0.028353326063249727 0.8233369683751364 0.017448200654307525 0.03598691384950927 
0.06260869565217392 0.06782608695652174 0.03304347826086956 0.019130434782608695 0.8173913043478261 
0.09915611814345991 0.6160337552742616 0.08016877637130802 0.023206751054852322 0.18143459915611815 
0.09803921568627451 0.13725490196078433 0.11764705882352941 0.10784313725490197 0.5392156862745098 
0.10703363914373089 0.781855249745158 0.040774719673802244 0.0254841997961264 0.04485219164118247 
0.1388888888888889 0.34375 0.09027777777777778 0.25 0.17708333333333334 
0.056782334384858045 0.061514195583596214 0.7791798107255521 0.07255520504731862 0.02996845425867508 
0.1111111111111111 0.13071895424836602 0.0784313725490196 0.0784313725490196 0.6013071895424836 
0.10377358490566038 0.14150943396226415 0.10377358490566038 0.10377358490566038 0.5471698113207547 
0.06143344709897611 0.7098976109215017 0.06143344709897611 0.034129692832764506 0.13310580204778158 
0.1357142857142857 0.14285714285714285 0.12857142857142856 0.11428571428571428 0.4785714285714286 
0.6070234113712375 0.020903010033444816 0.010033444816053512 0.00919732441471572 0.3528428093645485 
0.07155635062611806 0.11270125223613596 0.24150268336314848 0.025044722719141325 0.5491949910554562 
0.14772727272727273 0.26704545454545453 0.11363636363636363 0.32954545454545453 0.14204545454545456 
0.06415094339622641 0.09433962264150944 0.06792452830188679 0.720754716981132 0.052830188679245285 
0.23333333333333334 0.09761904761904762 0.2357142857142857 0.3523809523809524 0.08095238095238096 
0.18773946360153257 0.6053639846743295 0.05747126436781609 0.07662835249042145 0.07279693486590039 
0.0970873786407767 0.10679611650485436 0.10679611650485436 0.0970873786407767 0.5922330097087378 
0.20388349514563106 0.08009708737864078 0.4538834951456311 0.043689320388349516 0.21844660194174756 
0.10232558139534884 0.10232558139534884 0.33488372093023255 0.06976744186046512 0.39069767441860465 
0.07220216606498195 0.11552346570397112 0.039711191335740074 0.7220216606498195 0.05054151624548736 
0.1459227467811159 0.148068669527897 0.21030042918454936 0.060085836909871244 0.4356223175965665 
0.12727272727272726 0.07272727272727272 0.03636363636363636 0.7090909090909091 0.05454545454545454 
0.17045454545454544 0.31363636363636366 0.3795454545454545 0.05454545454545454 0.08181818181818182 
0.818070818070818 0.04884004884004884 0.07692307692307693 0.017094017094017096 0.03907203907203907 
0.07435897435897436 0.6923076923076923 0.06923076923076923 0.028205128205128206 0.1358974358974359 
0.525 0.21666666666666667 0.10416666666666667 0.08333333333333333 0.07083333333333333 
0.17391304347826086 0.06521739130434782 0.0782608695652174 0.05652173913043478 0.6260869565217392 
0.052132701421800945 0.05687203791469194 0.07109004739336493 0.05687203791469194 0.7630331753554502 
0.12927756653992395 0.5779467680608364 0.16730038022813687 0.053231939163498096 0.07224334600760456 
0.10790144435004248 0.08666100254885302 0.42310960067969416 0.033984706881903144 0.34834324553950724 
0.18061674008810572 0.08370044052863436 0.43171806167400884 0.18502202643171806 0.11894273127753303 
0.06829268292682927 0.32926829268292684 0.03902439024390244 0.05609756097560976 0.5073170731707317 
0.18494055482166447 0.5561426684280053 0.154557463672391 0.019815059445178335 0.0845442536327609 
0.06451612903225806 0.13620071684587814 0.035842293906810034 0.7096774193548387 0.053763440860215055 
0.04633781763826607 0.44095665171898357 0.03288490284005979 0.028400597907324365 0.4514200298953662 
0.045112781954887216 0.32545649838882923 0.061224489795918366 0.2545649838882922 0.31364124597207305 
0.2227626459143969 0.20914396887159534 0.07976653696498054 0.38910505836575876 0.09922178988326848 
0.0546875 0.06640625 0.04296875 0.7890625 0.046875 
0.023121387283236993 0.033236994219653176 0.9075144508670521 0.014450867052023121 0.02167630057803468 
0.21502209131075112 0.05891016200294551 0.1325478645066274 0.020618556701030927 0.572901325478645 
0.08870967741935484 0.12096774193548387 0.10483870967741936 0.08064516129032258 0.6048387096774194 
0.14206128133704735 0.15598885793871867 0.08356545961002786 0.06963788300835655 0.5487465181058496 
0.06973293768545995 0.6632047477744807 0.06083086053412463 0.02225519287833828 0.18397626112759644 
0.05223880597014925 0.048507462686567165 0.13432835820895522 0.7126865671641791 0.05223880597014925 
0.5758426966292135 0.20786516853932585 0.09269662921348315 0.06460674157303371 0.05898876404494382 
0.12177121771217712 0.6642066420664207 0.04797047970479705 0.05166051660516605 0.11439114391143912 
0.6205170975813178 0.01834862385321101 0.012510425354462052 0.011676396997497914 0.33694745621351124 
0.045454545454545456 0.08522727272727272 0.041666666666666664 0.010416666666666666 0.8172348484848485 
0.027093596059113302 0.03694581280788178 0.0665024630541872 0.027093596059113302 0.8423645320197044 
0.05172413793103448 0.07241379310344828 0.03793103448275862 0.03793103448275862 0.8 
0.2163265306122449 0.04285714285714286 0.05714285714285714 0.022448979591836733 0.6612244897959184 
0.11730769230769231 0.5711538461538461 0.05961538461538462 0.028846153846153848 0.2230769230769231 
0.1393643031784841 0.5721271393643031 0.05378973105134474 0.17359413202933985 0.061124694376528114 
0.1794871794871795 0.48717948717948717 0.12179487179487179 0.07051282051282051 0.14102564102564102 
0.7274119448698315 0.11944869831546708 0.09647779479326186 0.03598774885145482 0.020673813169984685 
0.1348148148148148 0.056296296296296296 0.5451851851851852 0.017777777777777778 0.24592592592592594 
0.36587366694011486 0.20918785890073832 0.2649712879409352 0.03691550451189499 0.12305168170631665 
0.044145873320537425 0.7869481765834933 0.09980806142034548 0.023032629558541268 0.046065259117082535 
0.057291666666666664 0.06770833333333333 0.052083333333333336 0.057291666666666664 0.765625 
0.183206106870229 0.09541984732824428 0.4541984732824427 0.17557251908396945 0.0916030534351145 
0.041237113402061855 0.044673539518900345 0.12714776632302405 0.718213058419244 0.06872852233676977 
0.6205733558178752 0.01770657672849916 0.01433389544688027 0.01011804384485666 0.3372681281618887 
0.05802047781569966 0.7133105802047781 0.05802047781569966 0.034129692832764506 0.13651877133105803 
0.1501865671641791 0.3162313432835821 0.09701492537313433 0.020522388059701493 0.416044776119403 
0.09420289855072464 0.036231884057971016 0.07729468599033816 0.06763285024154589 0.7246376811594203 
0.109375 0.6625 0.05 0.034375 0.14375 
0.20146520146520147 0.36996336996337 0.12087912087912088 0.2490842490842491 0.05860805860805861 
0.11313868613138686 0.7506082725060828 0.05474452554744526 0.013990267639902677 0.06751824817518248 
0.052083333333333336 0.6944444444444444 0.0625 0.041666666666666664 0.14930555555555555 
0.10619469026548672 0.168141592920354 0.17699115044247787 0.168141592920354 0.3805309734513274 
0.13509544787077826 0.73568281938326 0.03524229074889868 0.032305433186490456 0.06167400881057269 
0.045454545454545456 0.04924242424242424 0.0946969696969697 0.7386363636363636 0.07196969696969698 
0.0915032679738562 0.1503267973856209 0.0718954248366013 0.0718954248366013 0.6143790849673203 
0.10408921933085502 0.31226765799256506 0.06691449814126393 0.055762081784386616 0.46096654275092935 
0.21022727272727273 0.09659090909090909 0.22727272727272727 0.05397727272727273 0.4119318181818182 
0.13756613756613756 0.14814814814814814 0.05291005291005291 0.0582010582010582 0.6031746031746031 
0.04664179104477612 0.7873134328358209 0.09701492537313433 0.027985074626865673 0.041044776119402986 
0.15364583333333334 0.24739583333333334 0.13802083333333334 0.375 0.0859375 
0.061371841155234655 0.05776173285198556 0.04693140794223827 0.039711191335740074 0.7942238267148014 
0.045283018867924525 0.09245283018867924 0.035849056603773584 0.020754716981132074 0.8056603773584906 
0.07234042553191489 0.05106382978723404 0.04680851063829787 0.05106382978723404 0.7787234042553192 
0.06818181818181818 0.7088068181818182 0.10511363636363637 0.07102272727272728 0.046875 
0.04184100418410042 0.1297071129707113 0.07531380753138076 0.04602510460251046 0.7071129707112971 
0.29357798165137616 0.1628440366972477 0.17660550458715596 0.22018348623853212 0.14678899082568808 
0.22466960352422907 0.5198237885462555 0.08370044052863436 0.09251101321585903 0.07929515418502203 
0.08646616541353383 0.07518796992481203 0.04887218045112782 0.7443609022556391 0.045112781954887216 
0.05787037037037037 0.0625 0.09722222222222222 0.027777777777777776 0.7546296296296297 
0.06818181818181818 0.6893939393939394 0.07954545454545454 0.05303030303030303 0.10984848484848485 
0.1151685393258427 0.2050561797752809 0.18820224719101122 0.042134831460674156 0.449438202247191 
0.176 0.448 0.128 0.104 0.144 
0.1839080459770115 0.1685823754789272 0.39846743295019155 0.09961685823754789 0.14942528735632185 
0.2931937172774869 0.09424083769633508 0.09424083769633508 0.4607329842931937 0.05759162303664921 
0.04905660377358491 0.04905660377358491 0.06415094339622641 0.7886792452830189 0.04905660377358491 
0.07005494505494506 0.03296703296703297 0.038461538461538464 0.016483516483516484 0.842032967032967 
0.12174479166666667 0.09635416666666667 0.20833333333333334 0.013020833333333334 0.560546875 
0.21122994652406418 0.3302139037433155 0.21524064171122995 0.06818181818181818 0.1751336898395722 
0.09941520467836257 0.10526315789473684 0.47953216374269003 0.13450292397660818 0.18128654970760233 
