0.07780979827089338 0.07492795389048991 0.6945244956772334 0.07204610951008646 0.08069164265129683 
0.6714876033057852 0.08471074380165289 0.047520661157024795 0.1446280991735537 0.05165289256198347 
0.25041829336307864 0.2833240379252649 0.2777467930842164 0.16620189626324597 0.022308979364194088 
0.06478405315614617 0.8255813953488372 0.05647840531561462 0.03322259136212625 0.019933554817275746 
0.16666666666666666 0.23550724637681159 0.36594202898550726 0.17753623188405798 0.05434782608695652 
0.05555555555555555 0.05555555555555555 0.05555555555555555 0.047619047619047616 0.7857142857142857 
0.07081174438687392 0.046632124352331605 0.7098445595854922 0.12780656303972365 0.044905008635578586 
0.07692307692307693 0.13262599469496023 0.493368700265252 0.1989389920424403 0.09814323607427056 
0.8151515151515152 0.06515151515151515 0.04696969696969697 0.05454545454545454 0.01818181818181818 
0.17582417582417584 0.23076923076923078 0.2692307692307692 0.23626373626373626 0.08791208791208792 
0.06896551724137931 0.6609195402298851 0.12643678160919541 0.07471264367816093 0.06896551724137931 
0.4083769633507853 0.193717277486911 0.07329842931937172 0.2198952879581152 0.10471204188481675 
0.12302839116719243 0.1892744479495268 0.3438485804416404 0.27129337539432175 0.07255520504731862 
0.08275862068965517 0.6379310344827587 0.1310344827586207 0.05172413793103448 0.09655172413793103 
0.140625 0.3125 0.13541666666666666 0.359375 0.052083333333333336 
0.1949685534591195 0.5534591194968553 0.0880503144654088 0.09433962264150944 0.06918238993710692 
0.19710467706013363 0.133630289532294 0.5523385300668151 0.08908685968819599 0.02783964365256125 
0.5501618122977346 0.061488673139158574 0.11650485436893204 0.1650485436893204 0.10679611650485436 
0.0642570281124498 0.040160642570281124 0.04417670682730924 0.0963855421686747 0.7550200803212851 
0.45985401459854014 0.08759124087591241 0.24817518248175183 0.10948905109489052 0.0948905109489051 
0.2571001494768311 0.09715994020926756 0.06576980568011959 0.5575485799701047 0.02242152466367713 
0.12939001848428835 0.15434380776340112 0.066543438077634 0.6136783733826248 0.036044362292051754 
0.8164983164983165 0.06397306397306397 0.04713804713804714 0.05218855218855219 0.020202020202020204 
0.03278688524590164 0.8641686182669789 0.0468384074941452 0.02810304449648712 0.02810304449648712 
0.06426735218508997 0.07455012853470437 0.5784061696658098 0.16709511568123395 0.11568123393316196 
0.11351351351351352 0.3567567567567568 0.2918918918918919 0.10270270270270271 0.13513513513513514 
0.15789473684210525 0.07368421052631578 0.11428571428571428 0.6075187969924812 0.04661654135338346 
0.07142857142857142 0.10989010989010989 0.5604395604395604 0.14285714285714285 0.11538461538461539 
0.20279720279720279 0.13986013986013987 0.3776223776223776 0.11538461538461539 0.16433566433566432 
0.28 0.14588235294117646 0.2023529411764706 0.1223529411764706 0.24941176470588236 
0.054491899852724596 0.4742268041237113 0.09425625920471281 0.36229749631811486 0.014727540500736377 
0.15083798882681565 0.37988826815642457 0.35195530726256985 0.08659217877094973 0.030726256983240222 
0.3262411347517731 0.5035460992907801 0.05319148936170213 0.07801418439716312 0.03900709219858156 
0.6102088167053364 0.13921113689095127 0.09048723897911833 0.11136890951276102 0.048723897911832945 
0.1443661971830986 0.06338028169014084 0.4295774647887324 0.2711267605633803 0.09154929577464789 
0.13071895424836602 0.06971677559912855 0.28104575163398693 0.18518518518518517 0.3333333333333333 
0.044573643410852716 0.060077519379844964 0.7286821705426356 0.09883720930232558 0.06782945736434108 
0.12589928057553956 0.7571942446043165 0.03597122302158273 0.05755395683453238 0.023381294964028777 
0.17298937784522003 0.09559939301972686 0.08649468892261002 0.5933232169954477 0.051593323216995446 
0.47191011235955055 0.28651685393258425 0.07865168539325842 0.10112359550561797 0.06179775280898876 
0.5 0.17132867132867133 0.1888111888111888 0.09090909090909091 0.04895104895104895 
0.3351063829787234 0.09574468085106383 0.05319148936170213 0.44148936170212766 0.07446808510638298 
0.7276595744680852 0.08936170212765958 0.05106382978723404 0.10851063829787234 0.023404255319148935 
0.11959287531806616 0.2748091603053435 0.4300254452926209 0.13231552162849872 0.043256997455470736 
0.08235294117647059 0.6176470588235294 0.10588235294117647 0.10588235294117647 0.08823529411764706 
0.18156424581005587 0.3770949720670391 0.31564245810055863 0.09497206703910614 0.030726256983240222 
0.04878048780487805 0.056910569105691054 0.052845528455284556 0.06097560975609756 0.7804878048780488 
0.13855421686746988 0.0391566265060241 0.0286144578313253 0.7349397590361446 0.058734939759036146 
0.09722222222222222 0.35648148148148145 0.08796296296296297 0.13425925925925927 0.32407407407407407 
0.1570048309178744 0.28019323671497587 0.16183574879227053 0.3502415458937198 0.050724637681159424 
0.6311166875784191 0.06398996235884567 0.1329987452948557 0.1342534504391468 0.037641154328732745 
0.14772727272727273 0.48863636363636365 0.08522727272727272 0.09659090909090909 0.18181818181818182 
0.04285714285714286 0.7964285714285714 0.04285714285714286 0.05 0.06785714285714285 
0.09742120343839542 0.6934097421203438 0.07449856733524356 0.08022922636103152 0.054441260744985676 
0.5777777777777777 0.1037037037037037 0.14074074074074075 0.11481481481481481 0.06296296296296296 
0.3310810810810811 0.22297297297297297 0.0945945945945946 0.1554054054054054 0.19594594594594594 
0.05915813424345848 0.055745164960182024 0.0875995449374289 0.7781569965870307 0.019340159271899887 
0.12951807228915663 0.0963855421686747 0.0677710843373494 0.6551204819277109 0.05120481927710843 
0.05357142857142857 0.07142857142857142 0.10357142857142858 0.05357142857142857 0.7178571428571429 
0.14214463840399003 0.5311720698254364 0.16458852867830423 0.11221945137157108 0.04987531172069826 
0.03732303732303732 0.8494208494208494 0.02702702702702703 0.0694980694980695 0.01673101673101673 
0.30927835051546393 0.13402061855670103 0.21649484536082475 0.15463917525773196 0.18556701030927836 
0.13829787234042554 0.44680851063829785 0.19148936170212766 0.10638297872340426 0.11702127659574468 
0.07722007722007722 0.05019305019305019 0.07335907335907337 0.04247104247104247 0.7567567567567568 
0.24522292993630573 0.06050955414012739 0.5222929936305732 0.12101910828025478 0.050955414012738856 
0.058823529411764705 0.04779411764705882 0.051470588235294115 0.0625 0.7794117647058824 
0.10816777041942605 0.5452538631346578 0.141280353200883 0.17439293598233996 0.03090507726269316 
0.6019230769230769 0.09807692307692308 0.028846153846153848 0.08269230769230769 0.18846153846153846 
0.12529002320185614 0.5197215777262181 0.10208816705336426 0.19489559164733178 0.058004640371229696 
0.1553784860557769 0.5258964143426295 0.11952191235059761 0.10358565737051793 0.09561752988047809 
0.0959409594095941 0.16236162361623616 0.23616236162361623 0.42435424354243545 0.08118081180811808 
0.0949367088607595 0.08227848101265822 0.4240506329113924 0.18037974683544303 0.21835443037974683 
0.20357142857142857 0.11785714285714285 0.06785714285714285 0.06428571428571428 0.5464285714285714 
0.5089285714285714 0.10491071428571429 0.046875 0.10714285714285714 0.23214285714285715 
0.041025641025641026 0.8333333333333334 0.04871794871794872 0.04871794871794872 0.028205128205128206 
0.7430555555555556 0.09375 0.05555555555555555 0.0625 0.04513888888888889 
0.7557046979865771 0.02953020134228188 0.02953020134228188 0.1597315436241611 0.025503355704697986 
0.5696969696969697 0.09696969696969697 0.16363636363636364 0.07272727272727272 0.09696969696969697 
0.4806201550387597 0.2248062015503876 0.060077519379844964 0.20348837209302326 0.031007751937984496 
0.04387990762124711 0.03695150115473441 0.03233256351039261 0.859122401847575 0.02771362586605081 
0.8113522537562604 0.05509181969949917 0.04674457429048414 0.06176961602671119 0.025041736227045076 
0.0498220640569395 0.4875444839857651 0.08540925266903915 0.042704626334519574 0.33451957295373663 
0.5443786982248521 0.1834319526627219 0.10848126232741617 0.1282051282051282 0.03550295857988166 
0.7711069418386491 0.11819887429643527 0.02626641651031895 0.06378986866791744 0.020637898686679174 
0.12863070539419086 0.6639004149377593 0.07468879668049792 0.06639004149377593 0.06639004149377593 
0.646746347941567 0.16600265604249667 0.08100929614873838 0.08632138114209828 0.0199203187250996 
0.1890625 0.4984375 0.2 0.0828125 0.0296875 
0.7531172069825436 0.032418952618453865 0.029925187032418952 0.16209476309226933 0.022443890274314215 
0.4931506849315068 0.08008429926238145 0.20758693361433087 0.15384615384615385 0.06533192834562697 
0.06777777777777778 0.028888888888888888 0.8277777777777777 0.044444444444444446 0.03111111111111111 
0.10025062656641603 0.6741854636591479 0.07769423558897243 0.07769423558897243 0.07017543859649122 
0.3929712460063898 0.43929712460063897 0.02875399361022364 0.10063897763578275 0.038338658146964855 
0.07236842105263158 0.819078947368421 0.049342105263157895 0.039473684210526314 0.019736842105263157 
0.12594458438287154 0.2972292191435768 0.4080604534005038 0.12342569269521411 0.04534005037783375 
0.16481223922114047 0.6522948539638387 0.0702364394993046 0.0917941585535466 0.02086230876216968 
0.14652014652014653 0.47985347985347987 0.15018315018315018 0.17582417582417584 0.047619047619047616 
0.890742285237698 0.022518765638031693 0.03669724770642202 0.03669724770642202 0.013344453711426188 
0.5039370078740157 0.06692913385826772 0.03937007874015748 0.3405511811023622 0.04921259842519685 
0.04482758620689655 0.041379310344827586 0.04827586206896552 0.14482758620689656 0.7206896551724138 
0.19198312236286919 0.043248945147679324 0.06751054852320675 0.6613924050632911 0.035864978902953586 
0.5631929046563193 0.1286031042128603 0.09977827050997783 0.17073170731707318 0.037694013303769404 
0.05639913232104121 0.4685466377440347 0.15835140997830802 0.29067245119305857 0.026030368763557483 
0.15914489311163896 0.07600950118764846 0.20190023752969122 0.4916864608076009 0.07125890736342043 
0.17274939172749393 0.1654501216545012 0.12165450121654502 0.48175182481751827 0.058394160583941604 
0.054474708171206226 0.24319066147859922 0.49416342412451364 0.17315175097276264 0.03501945525291829 
0.08262108262108261 0.06695156695156695 0.0754985754985755 0.7407407407407407 0.03418803418803419 
0.10352941176470588 0.07058823529411765 0.11058823529411765 0.6188235294117647 0.09647058823529411 
0.3574660633484163 0.04524886877828054 0.07088989441930618 0.2458521870286576 0.28054298642533937 
0.1423487544483986 0.2526690391459075 0.36298932384341637 0.19572953736654805 0.046263345195729534 
0.19578686493184635 0.4516728624535316 0.12639405204460966 0.20384138785625774 0.022304832713754646 
0.08480565371024736 0.04946996466431095 0.05653710247349823 0.053003533568904596 0.7561837455830389 
0.10179640718562874 0.5329341317365269 0.20958083832335328 0.0718562874251497 0.08383233532934131 
0.2616580310880829 0.10362694300518134 0.422279792746114 0.14766839378238342 0.06476683937823834 
0.10344827586206896 0.6853448275862069 0.07327586206896551 0.08620689655172414 0.05172413793103448 
0.09389671361502347 0.352112676056338 0.352112676056338 0.11267605633802817 0.0892018779342723 
0.08664259927797834 0.6642599277978339 0.11913357400722022 0.04693140794223827 0.08303249097472924 
0.06280193236714976 0.6714975845410628 0.11594202898550725 0.07729468599033816 0.07246376811594203 
0.6563467492260062 0.05263157894736842 0.03715170278637771 0.21671826625386997 0.03715170278637771 
0.7552581261950286 0.1147227533460803 0.022944550669216062 0.08221797323135756 0.0248565965583174 
0.03183023872679045 0.8461538461538461 0.050397877984084884 0.03713527851458886 0.034482758620689655 
0.21176470588235294 0.21176470588235294 0.12941176470588237 0.1411764705882353 0.3058823529411765 
0.582089552238806 0.12238805970149254 0.04776119402985075 0.19402985074626866 0.05373134328358209 
0.14814814814814814 0.41975308641975306 0.16049382716049382 0.13580246913580246 0.13580246913580246 
0.09821428571428571 0.7053571428571429 0.06696428571428571 0.07142857142857142 0.05803571428571429 
0.12371134020618557 0.5257731958762887 0.08247422680412371 0.08762886597938144 0.18041237113402062 
0.8957983193277311 0.02773109243697479 0.029411764705882353 0.03277310924369748 0.014285714285714285 
0.15126050420168066 0.15126050420168066 0.11764705882352941 0.42016806722689076 0.15966386554621848 
0.7194029850746269 0.14626865671641792 0.049253731343283584 0.06567164179104477 0.019402985074626865 
0.10227272727272728 0.07575757575757576 0.041666666666666664 0.04924242424242424 0.7310606060606061 
0.034482758620689655 0.8879310344827587 0.02586206896551724 0.03017241379310345 0.021551724137931036 
0.5991561181434599 0.16244725738396623 0.05907172995780591 0.14978902953586498 0.029535864978902954 
0.2562674094707521 0.44846796657381616 0.11420612813370473 0.10863509749303621 0.07242339832869081 
0.6666666666666666 0.09482758620689655 0.06896551724137931 0.12931034482758622 0.040229885057471264 
0.41954022988505746 0.16666666666666666 0.10919540229885058 0.09195402298850575 0.21264367816091953 
0.12345679012345678 0.10493827160493827 0.2932098765432099 0.4166666666666667 0.06172839506172839 
0.054474708171206226 0.04669260700389105 0.08171206225680934 0.042801556420233464 0.77431906614786 
0.1774891774891775 0.18614718614718614 0.4069264069264069 0.1341991341991342 0.09523809523809523 
0.10077519379844961 0.06330749354005168 0.07235142118863049 0.7235142118863049 0.040051679586563305 
0.4851190476190476 0.13690476190476192 0.09226190476190477 0.09523809523809523 0.19047619047619047 
0.056910569105691054 0.6883468834688347 0.06504065040650407 0.13550135501355012 0.05420054200542006 
0.3393939393939394 0.12727272727272726 0.10303030303030303 0.30303030303030304 0.12727272727272726 
0.04869762174405436 0.04077010192525481 0.8233295583238958 0.05096262740656852 0.0362400906002265 
0.08518518518518518 0.08888888888888889 0.09259259259259259 0.6851851851851852 0.04814814814814815 
0.05930470347648262 0.05725971370143149 0.5603271983640081 0.2903885480572597 0.032719836400818 
0.1257606490872211 0.3935091277890467 0.2657200811359026 0.1075050709939148 0.1075050709939148 
0.04897959183673469 0.536734693877551 0.0673469387755102 0.32040816326530613 0.026530612244897958 
0.2617534942820839 0.22490470139771285 0.052096569250317665 0.4371029224904701 0.0241423125794155 
0.5555555555555556 0.14695340501792115 0.18100358422939067 0.08422939068100359 0.03225806451612903 
0.5270758122743683 0.1263537906137184 0.061371841155234655 0.20577617328519857 0.07942238267148015 
0.09075194468452895 0.8115816767502161 0.05099394987035436 0.03802938634399308 0.00864304235090752 
0.5231958762886598 0.13917525773195877 0.05154639175257732 0.22164948453608246 0.06443298969072164 
0.207910208444682 0.37840726884019243 0.17744521646178515 0.21111704970603956 0.02512025654730091 
0.06938775510204082 0.6938775510204082 0.07755102040816327 0.11836734693877551 0.04081632653061224 
0.5208333333333334 0.06510416666666667 0.140625 0.19010416666666666 0.08333333333333333 
0.03271537622682661 0.03162486368593239 0.8233369683751364 0.0916030534351145 0.020719738276990186 
0.12 0.7808695652173913 0.03130434782608696 0.04869565217391304 0.019130434782608695 
0.5949367088607594 0.16244725738396623 0.06962025316455696 0.13924050632911392 0.03375527426160337 
0.10784313725490197 0.5392156862745098 0.11764705882352941 0.10784313725490197 0.12745098039215685 
0.7614678899082569 0.04281345565749235 0.03363914373088685 0.11722731906218145 0.04485219164118247 
0.3506944444444444 0.25 0.08680555555555555 0.09722222222222222 0.2152777777777778 
0.056782334384858045 0.0473186119873817 0.8123028391167192 0.04258675078864353 0.04100946372239748 
0.16339869281045752 0.6143790849673203 0.0784313725490196 0.0784313725490196 0.06535947712418301 
0.11320754716981132 0.5943396226415094 0.10377358490566038 0.09433962264150944 0.09433962264150944 
0.16040955631399317 0.11262798634812286 0.05802047781569966 0.05802047781569966 0.6109215017064846 
0.22142857142857142 0.44285714285714284 0.12142857142857143 0.1 0.11428571428571428 
0.046822742474916385 0.9155518394648829 0.01588628762541806 0.01254180602006689 0.00919732441471572 
0.17173524150268335 0.481216457960644 0.25402504472271914 0.059033989266547404 0.03398926654740608 
0.3181818181818182 0.17045454545454544 0.125 0.1534090909090909 0.23295454545454544 
0.09056603773584905 0.045283018867924525 0.06037735849056604 0.06415094339622641 0.7396226415094339 
0.11190476190476191 0.05952380952380952 0.21666666666666667 0.3047619047619048 0.30714285714285716 
0.6781609195402298 0.06513409961685823 0.05363984674329502 0.15708812260536398 0.04597701149425287 
0.1262135922330097 0.5728155339805825 0.10679611650485436 0.0970873786407767 0.0970873786407767 
0.11650485436893204 0.21844660194174756 0.4878640776699029 0.1383495145631068 0.038834951456310676 
0.11627906976744186 0.32558139534883723 0.4 0.07906976744186046 0.07906976744186046 
0.11913357400722022 0.05415162454873646 0.039711191335740074 0.05054151624548736 0.7364620938628159 
0.19742489270386265 0.3969957081545064 0.20386266094420602 0.15665236051502146 0.045064377682403435 
0.08 0.05454545454545454 0.04 0.10181818181818182 0.7236363636363636 
0.3159090909090909 0.09545454545454546 0.35454545454545455 0.18863636363636363 0.045454545454545456 
0.029304029304029304 0.03785103785103785 0.05860805860805861 0.8547008547008547 0.019536019536019536 
0.6871794871794872 0.13846153846153847 0.04871794871794872 0.09487179487179487 0.03076923076923077 
0.15 0.09166666666666666 0.05416666666666667 0.5958333333333333 0.10833333333333334 
0.05652173913043478 0.7130434782608696 0.0782608695652174 0.09130434782608696 0.06086956521739131 
0.052132701421800945 0.7393364928909952 0.07582938388625593 0.08056872037914692 0.052132701421800945 
0.5741444866920152 0.07604562737642585 0.1482889733840304 0.13688212927756654 0.06463878326996197 
0.07051826677994902 0.31945624468988953 0.4494477485131691 0.12914188615123195 0.03143585386576041 
0.07929515418502203 0.14977973568281938 0.44052863436123346 0.10572687224669604 0.22466960352422907 
0.15121951219512195 0.4 0.06341463414634146 0.04390243902439024 0.34146341463414637 
0.5931307793923382 0.11096433289299867 0.17305151915455746 0.09379128137384413 0.02906208718626156 
0.1003584229390681 0.06810035842293907 0.03942652329749104 0.06451612903225806 0.7275985663082437 
0.3931240657698057 0.4514200298953662 0.02391629297458894 0.07922272047832586 0.052316890881913304 
0.24060150375939848 0.3673469387755102 0.0644468313641246 0.08700322234156821 0.24060150375939848 
0.20428015564202334 0.10894941634241245 0.07976653696498054 0.566147859922179 0.04085603112840467 
0.05859375 0.06640625 0.046875 0.05078125 0.77734375 
0.02023121387283237 0.023121387283236993 0.9017341040462428 0.023121387283236993 0.031791907514450865 
0.0662739322533137 0.47128129602356406 0.09572901325478646 0.34609720176730485 0.020618556701030927 
0.12096774193548387 0.5725806451612904 0.12096774193548387 0.08870967741935484 0.0967741935483871 
0.15598885793871867 0.4986072423398329 0.08913649025069638 0.22284122562674094 0.033426183844011144 
0.7136498516320475 0.14836795252225518 0.04451038575667656 0.0771513353115727 0.016320474777448073 
0.05970149253731343 0.04477611940298507 0.11940298507462686 0.048507462686567165 0.7276119402985075 
0.26685393258426965 0.07303370786516854 0.09550561797752809 0.5084269662921348 0.056179775280898875 
0.6605166051660517 0.11439114391143912 0.04797047970479705 0.12915129151291513 0.04797047970479705 
0.03419516263552961 0.9257714762301918 0.016680567139282735 0.010842368640533779 0.012510425354462052 
0.10132575757575757 0.7926136363636364 0.050189393939393936 0.04450757575757576 0.011363636363636364 
0.03940886699507389 0.8448275862068966 0.04926108374384237 0.034482758620689655 0.03201970443349754 
0.06206896551724138 0.8137931034482758 0.034482758620689655 0.03793103448275862 0.05172413793103448 
0.04081632653061224 0.536734693877551 0.053061224489795916 0.3448979591836735 0.024489795918367346 
0.6461538461538462 0.19423076923076923 0.06538461538461539 0.051923076923076926 0.04230769230769231 
0.5599022004889975 0.05134474327628362 0.05378973105134474 0.11491442542787286 0.2200488997555012 
0.44871794871794873 0.1987179487179487 0.12179487179487179 0.14102564102564102 0.08974358974358974 
0.08116385911179173 0.04823889739663093 0.0888208269525268 0.7649310872894334 0.016845329249617153 
0.06814814814814815 0.277037037037037 0.4533333333333333 0.1748148148148148 0.02666666666666667 
0.19688269073010664 0.1616078753076292 0.1944216570959803 0.4200164068908942 0.027071369975389663 
0.8061420345489443 0.036468330134357005 0.09021113243761997 0.03838771593090211 0.028790786948176585 
0.09895833333333333 0.7291666666666666 0.052083333333333336 0.06770833333333333 0.052083333333333336 
0.08015267175572519 0.09923664122137404 0.5343511450381679 0.16793893129770993 0.1183206106870229 
0.041237113402061855 0.05154639175257732 0.12027491408934708 0.048109965635738834 0.738831615120275 
0.04047217537942664 0.9139966273187183 0.01770657672849916 0.0193929173693086 0.008431703204047217 
0.16382252559726962 0.13651877133105803 0.04778156996587031 0.051194539249146756 0.6006825938566553 
0.3498134328358209 0.4375 0.06436567164179105 0.12126865671641791 0.027052238805970148 
0.04589371980676329 0.717391304347826 0.0893719806763285 0.0821256038647343 0.06521739130434782 
0.703125 0.146875 0.05 0.05625 0.04375 
0.336996336996337 0.07326007326007326 0.08058608058608059 0.3882783882783883 0.12087912087912088 
0.42031630170316303 0.060218978102189784 0.02068126520681265 0.11739659367396593 0.3813868613138686 
0.16666666666666666 0.13541666666666666 0.04513888888888889 0.05555555555555555 0.5972222222222222 
0.168141592920354 0.3805309734513274 0.18584070796460178 0.10619469026548672 0.1592920353982301 
0.6960352422907489 0.0381791483113069 0.03671071953010279 0.14684287812041116 0.08223201174743025 
0.045454545454545456 0.06818181818181818 0.125 0.04924242424242424 0.7121212121212122 
0.11764705882352941 0.6078431372549019 0.08496732026143791 0.11764705882352941 0.0718954248366013 
0.3271375464684015 0.4795539033457249 0.06319702602230483 0.07434944237918216 0.055762081784386616 
0.06818181818181818 0.4375 0.20738636363636365 0.23579545454545456 0.05113636363636364 
0.11904761904761904 0.5582010582010583 0.09788359788359788 0.19047619047619047 0.03439153439153439 
0.8078358208955224 0.03731343283582089 0.08582089552238806 0.033582089552238806 0.03544776119402985 
0.21875 0.07291666666666667 0.11458333333333333 0.2109375 0.3828125 
0.04693140794223827 0.8122743682310469 0.04332129963898917 0.04693140794223827 0.05054151624548736 
0.1490566037735849 0.7735849056603774 0.03018867924528302 0.026415094339622643 0.020754716981132074 
0.059574468085106386 0.7872340425531915 0.05531914893617021 0.0425531914893617 0.05531914893617021 
0.7613636363636364 0.03977272727272727 0.09943181818181818 0.0625 0.036931818181818184 
0.13807531380753138 0.6610878661087866 0.07531380753138076 0.0794979079497908 0.04602510460251046 
0.21100917431192662 0.16743119266055045 0.31422018348623854 0.21100917431192662 0.0963302752293578 
0.5418502202643172 0.11894273127753303 0.08370044052863436 0.18061674008810572 0.07488986784140969 
0.06015037593984962 0.045112781954887216 0.045112781954887216 0.10902255639097744 0.7406015037593985 
0.06944444444444445 0.7175925925925926 0.06712962962962964 0.1087962962962963 0.037037037037037035 
0.6893939393939394 0.10984848484848485 0.04924242424242424 0.10984848484848485 0.041666666666666664 
0.24157303370786518 0.4606741573033708 0.14887640449438203 0.09831460674157304 0.05056179775280899 
0.328 0.176 0.168 0.184 0.144 
0.1532567049808429 0.13026819923371646 0.4482758620689655 0.19157088122605365 0.07662835249042145 
0.17277486910994763 0.06282722513089005 0.13612565445026178 0.23036649214659685 0.39790575916230364 
0.04150943396226415 0.05660377358490566 0.05660377358490566 0.04905660377358491 0.7962264150943397 
0.04395604395604396 0.8406593406593407 0.03296703296703297 0.06456043956043957 0.017857142857142856 
0.12239583333333333 0.5403645833333334 0.228515625 0.09309895833333333 0.015625 
0.30213903743315507 0.22727272727272727 0.20320855614973263 0.22192513368983957 0.045454545454545456 
0.0935672514619883 0.14619883040935672 0.5555555555555556 0.14035087719298245 0.06432748538011696 
