0.05763688760806916 0.06051873198847262 0.7146974063400576 0.08645533141210375 0.08069164265129683 
0.6735537190082644 0.07024793388429752 0.08057851239669421 0.13636363636363635 0.03925619834710744 
0.2727272727272727 0.27328499721137756 0.2392638036809816 0.19576129392080313 0.018962632459564976 
0.04152823920265781 0.8289036544850499 0.0681063122923588 0.03986710963455149 0.02159468438538206 
0.2028985507246377 0.2644927536231884 0.2391304347826087 0.2246376811594203 0.06884057971014493 
0.05555555555555555 0.05555555555555555 0.047619047619047616 0.05952380952380952 0.7817460317460317 
0.06390328151986183 0.04145077720207254 0.7288428324697754 0.11917098445595854 0.046632124352331605 
0.09018567639257294 0.1273209549071618 0.5809018567639257 0.1246684350132626 0.07692307692307693 
0.8303030303030303 0.051515151515151514 0.04393939393939394 0.05303030303030303 0.021212121212121213 
0.12087912087912088 0.29120879120879123 0.2692307692307692 0.23626373626373626 0.08241758241758242 
0.08620689655172414 0.6609195402298851 0.09195402298850575 0.09195402298850575 0.06896551724137931 
0.38219895287958117 0.23036649214659685 0.08900523560209424 0.2198952879581152 0.07853403141361257 
0.10725552050473186 0.15772870662460567 0.38485804416403785 0.2744479495268139 0.07570977917981073 
0.06896551724137931 0.5896551724137931 0.15172413793103448 0.06551724137931035 0.12413793103448276 
0.10677083333333333 0.3072916666666667 0.13802083333333334 0.4036458333333333 0.044270833333333336 
0.11320754716981132 0.6477987421383647 0.07547169811320754 0.09433962264150944 0.06918238993710692 
0.18040089086859687 0.10801781737193764 0.5657015590200446 0.1091314031180401 0.036748329621380846 
0.5145631067961165 0.05501618122977346 0.15857605177993528 0.21359223300970873 0.05825242718446602 
0.05622489959839357 0.04417670682730924 0.04417670682730924 0.06827309236947791 0.7871485943775101 
0.43795620437956206 0.11678832116788321 0.24817518248175183 0.11678832116788321 0.08029197080291971 
0.19282511210762332 0.09865470852017937 0.10911808669656203 0.5739910313901345 0.025411061285500747 
0.09519408502772643 0.16358595194085027 0.0878003696857671 0.6081330868761553 0.04528650646950092 
0.8198653198653199 0.03535353535353535 0.0707070707070707 0.04882154882154882 0.025252525252525252 
0.03044496487119438 0.8758782201405152 0.03278688524590164 0.03044496487119438 0.03044496487119438 
0.07969151670951156 0.07197943444730077 0.519280205655527 0.17994858611825193 0.14910025706940874 
0.08648648648648649 0.34054054054054056 0.2864864864864865 0.11891891891891893 0.16756756756756758 
0.09022556390977443 0.08571428571428572 0.13533834586466165 0.6406015037593985 0.0481203007518797 
0.1043956043956044 0.1043956043956044 0.5494505494505495 0.14835164835164835 0.09340659340659341 
0.17132867132867133 0.11538461538461539 0.46853146853146854 0.11538461538461539 0.12937062937062938 
0.29411764705882354 0.11529411764705882 0.18352941176470589 0.18823529411764706 0.2188235294117647 
0.047128129602356406 0.4801178203240059 0.07511045655375552 0.37702503681885124 0.020618556701030927 
0.13687150837988826 0.33519553072625696 0.39385474860335196 0.09776536312849161 0.036312849162011177 
0.3404255319148936 0.46808510638297873 0.06382978723404255 0.07092198581560284 0.05673758865248227 
0.605568445475638 0.08120649651972157 0.10904872389791183 0.1554524361948956 0.048723897911832945 
0.13732394366197184 0.09154929577464789 0.4225352112676056 0.18661971830985916 0.1619718309859155 
0.16993464052287582 0.06100217864923747 0.23093681917211328 0.1568627450980392 0.3812636165577342 
0.040697674418604654 0.06976744186046512 0.7093023255813954 0.10852713178294573 0.07170542635658915 
0.14568345323741008 0.7410071942446043 0.03597122302158273 0.052158273381294966 0.025179856115107913 
0.20485584218512898 0.057663125948406675 0.17147192716236723 0.5265553869499241 0.03945371775417299 
0.5 0.25842696629213485 0.07303370786516854 0.10112359550561797 0.06741573033707865 
0.548951048951049 0.11538461538461539 0.18181818181818182 0.07342657342657342 0.08041958041958042 
0.2712765957446808 0.1595744680851064 0.06914893617021277 0.4148936170212766 0.0851063829787234 
0.7319148936170212 0.09787234042553192 0.031914893617021274 0.1 0.03829787234042553 
0.11704834605597965 0.2951653944020356 0.40966921119592875 0.1297709923664122 0.04834605597964377 
0.09411764705882353 0.6 0.1 0.12352941176470589 0.08235294117647059 
0.15363128491620112 0.32122905027932963 0.39664804469273746 0.09776536312849161 0.030726256983240222 
0.06504065040650407 0.06097560975609756 0.044715447154471545 0.04878048780487805 0.7804878048780488 
0.1144578313253012 0.03463855421686747 0.025602409638554216 0.7936746987951807 0.03162650602409638 
0.09259259259259259 0.4166666666666667 0.06481481481481481 0.08796296296296297 0.33796296296296297 
0.12077294685990338 0.28019323671497587 0.1570048309178744 0.39371980676328505 0.04830917874396135 
0.6286072772898369 0.050188205771643665 0.11543287327478043 0.17565872020075282 0.030112923462986198 
0.14204545454545456 0.5340909090909091 0.10227272727272728 0.08522727272727272 0.13636363636363635 
0.05357142857142857 0.8035714285714286 0.039285714285714285 0.04285714285714286 0.060714285714285714 
0.12320916905444126 0.6762177650429799 0.08882521489971347 0.06303724928366762 0.04871060171919771 
0.5888888888888889 0.08148148148148149 0.12962962962962962 0.11851851851851852 0.08148148148148149 
0.22972972972972974 0.24324324324324326 0.10810810810810811 0.22972972972972974 0.1891891891891892 
0.05460750853242321 0.05233219567690557 0.07394766780432309 0.7963594994311718 0.022753128555176336 
0.13253012048192772 0.10240963855421686 0.09487951807228916 0.6370481927710844 0.03313253012048193 
0.06785714285714285 0.075 0.09285714285714286 0.05357142857142857 0.7107142857142857 
0.1172069825436409 0.5386533665835411 0.15211970074812967 0.1371571072319202 0.05486284289276808 
0.0489060489060489 0.8326898326898327 0.03346203346203346 0.06177606177606178 0.023166023166023165 
0.31958762886597936 0.20618556701030927 0.18556701030927836 0.14432989690721648 0.14432989690721648 
0.14893617021276595 0.48936170212765956 0.1276595744680851 0.10638297872340426 0.1276595744680851 
0.05019305019305019 0.07722007722007722 0.07335907335907337 0.04247104247104247 0.7567567567567568 
0.24522292993630573 0.054140127388535034 0.49363057324840764 0.1305732484076433 0.07643312101910828 
0.0661764705882353 0.058823529411764705 0.051470588235294115 0.051470588235294115 0.7720588235294118 
0.0772626931567329 0.5518763796909493 0.1986754966887417 0.1346578366445916 0.037527593818984545 
0.5192307692307693 0.08653846153846154 0.025 0.1576923076923077 0.21153846153846154 
0.12296983758700696 0.5568445475638051 0.09048723897911833 0.1925754060324826 0.037122969837587005 
0.20717131474103587 0.5298804780876494 0.099601593625498 0.10756972111553785 0.055776892430278883 
0.14760147601476015 0.12915129151291513 0.22509225092250923 0.4095940959409594 0.08856088560885608 
0.08544303797468354 0.08860759493670886 0.46835443037974683 0.2310126582278481 0.12658227848101267 
0.22857142857142856 0.07857142857142857 0.08928571428571429 0.07857142857142857 0.525 
0.47544642857142855 0.11607142857142858 0.04017857142857143 0.13169642857142858 0.23660714285714285 
0.05128205128205128 0.8333333333333334 0.046153846153846156 0.041025641025641026 0.028205128205128206 
0.7118055555555556 0.11805555555555555 0.06944444444444445 0.04861111111111111 0.052083333333333336 
0.7704697986577181 0.01879194630872483 0.026845637583892617 0.1691275167785235 0.01476510067114094 
0.5575757575757576 0.11515151515151516 0.13333333333333333 0.09696969696969697 0.09696969696969697 
0.5038759689922481 0.25 0.040697674418604654 0.17635658914728683 0.029069767441860465 
0.03233256351039261 0.03233256351039261 0.03926096997690531 0.8637413394919169 0.03233256351039261 
0.8096828046744574 0.06844741235392321 0.05175292153589316 0.05175292153589316 0.018363939899833055 
0.0498220640569395 0.44483985765124556 0.042704626334519574 0.03914590747330961 0.4234875444839858 
0.5108481262327417 0.16765285996055226 0.1222879684418146 0.15384615384615385 0.045364891518737675 
0.7410881801125704 0.12570356472795496 0.02626641651031895 0.08630393996247655 0.020637898686679174 
0.16182572614107885 0.6597510373443983 0.05394190871369295 0.06224066390041494 0.06224066390041494 
0.6879150066401063 0.16865869853917662 0.043824701195219126 0.0796812749003984 0.0199203187250996 
0.2109375 0.4828125 0.196875 0.0796875 0.0296875 
0.7780548628428927 0.034912718204488775 0.02119700748129676 0.14713216957605985 0.018703241895261846 
0.5279241306638567 0.08640674394099052 0.1970495258166491 0.13593256059009484 0.05268703898840885 
0.06555555555555556 0.03 0.8288888888888889 0.051111111111111114 0.024444444444444446 
0.11027568922305764 0.6791979949874687 0.07017543859649122 0.08771929824561403 0.05263157894736842 
0.4680511182108626 0.3929712460063898 0.027156549520766772 0.06230031948881789 0.04952076677316294 
0.04276315789473684 0.8421052631578947 0.05921052631578947 0.03618421052631579 0.019736842105263157 
0.10831234256926953 0.31738035264483627 0.3954659949622166 0.1385390428211587 0.04030226700251889 
0.20584144645340752 0.5994436717663422 0.09735744089012517 0.06954102920723226 0.027816411682892908 
0.10622710622710622 0.5457875457875457 0.10256410256410256 0.19047619047619047 0.054945054945054944 
0.8607172643869891 0.030025020850708923 0.045871559633027525 0.05087572977481234 0.012510425354462052 
0.5452755905511811 0.0610236220472441 0.06496062992125984 0.281496062992126 0.047244094488188976 
0.06206896551724138 0.034482758620689655 0.04827586206896552 0.1310344827586207 0.7241379310344828 
0.14556962025316456 0.027426160337552744 0.08227848101265822 0.7025316455696202 0.04219409282700422 
0.5188470066518847 0.16851441241685144 0.09090909090909091 0.17738359201773837 0.04434589800443459 
0.09327548806941431 0.45336225596529284 0.1561822125813449 0.27331887201735355 0.02386117136659436 
0.166270783847981 0.09263657957244656 0.20902612826603326 0.46080760095011875 0.07125890736342043 
0.17761557177615572 0.1386861313868613 0.10218978102189781 0.5182481751824818 0.06326034063260341 
0.054474708171206226 0.2490272373540856 0.5058365758754864 0.16342412451361868 0.027237354085603113 
0.08547008547008547 0.05982905982905983 0.06695156695156695 0.7507122507122507 0.037037037037037035 
0.10823529411764705 0.08705882352941176 0.15294117647058825 0.5788235294117647 0.07294117647058823 
0.3273001508295626 0.043740573152337855 0.06033182503770739 0.3076923076923077 0.2609351432880845 
0.17793594306049823 0.29537366548042704 0.20640569395017794 0.2526690391459075 0.06761565836298933 
0.17286245353159851 0.4591078066914498 0.12205700123915737 0.22304832713754646 0.02292441140024783 
0.07420494699646643 0.04946996466431095 0.05653710247349823 0.05653710247349823 0.7632508833922261 
0.0658682634730539 0.592814371257485 0.15568862275449102 0.07784431137724551 0.10778443113772455 
0.2927461139896373 0.11398963730569948 0.43523316062176165 0.10103626943005181 0.05699481865284974 
0.14655172413793102 0.6724137931034483 0.05603448275862069 0.06465517241379311 0.0603448275862069 
0.11737089201877934 0.38967136150234744 0.30985915492957744 0.1267605633802817 0.056338028169014086 
0.07942238267148015 0.555956678700361 0.16606498194945848 0.05054151624548736 0.148014440433213 
0.07729468599033816 0.6908212560386473 0.10628019323671498 0.06763285024154589 0.057971014492753624 
0.631578947368421 0.07739938080495357 0.04024767801857585 0.18885448916408668 0.06191950464396285 
0.7552581261950286 0.10325047801147227 0.036328871892925434 0.08221797323135756 0.022944550669216062 
0.03978779840848806 0.8461538461538461 0.04509283819628647 0.034482758620689655 0.034482758620689655 
0.16470588235294117 0.2235294117647059 0.1411764705882353 0.16470588235294117 0.3058823529411765 
0.6119402985074627 0.08955223880597014 0.04776119402985075 0.18507462686567164 0.06567164179104477 
0.18518518518518517 0.35802469135802467 0.18518518518518517 0.13580246913580246 0.13580246913580246 
0.13839285714285715 0.6785714285714286 0.0625 0.0625 0.05803571428571429 
0.13402061855670103 0.5103092783505154 0.0979381443298969 0.09278350515463918 0.16494845360824742 
0.8647058823529412 0.026050420168067228 0.052941176470588235 0.0453781512605042 0.010924369747899159 
0.14285714285714285 0.1092436974789916 0.14285714285714285 0.42857142857142855 0.17647058823529413 
0.673134328358209 0.17761194029850746 0.06865671641791045 0.06417910447761194 0.016417910447761194 
0.10227272727272728 0.07575757575757576 0.03787878787878788 0.041666666666666664 0.7424242424242424 
0.036637931034482756 0.853448275862069 0.03879310344827586 0.04310344827586207 0.028017241379310345 
0.609704641350211 0.16033755274261605 0.052742616033755275 0.14345991561181434 0.03375527426160337 
0.2200557103064067 0.467966573816156 0.11977715877437325 0.14206128133704735 0.05013927576601671 
0.646551724137931 0.10919540229885058 0.06896551724137931 0.13505747126436782 0.040229885057471264 
0.3620689655172414 0.19540229885057472 0.09770114942528736 0.11494252873563218 0.22988505747126436 
0.13580246913580246 0.1111111111111111 0.22839506172839505 0.44753086419753085 0.07716049382716049 
0.038910505836575876 0.0622568093385214 0.07782101167315175 0.0622568093385214 0.7587548638132295 
0.17316017316017315 0.13852813852813853 0.42424242424242425 0.15584415584415584 0.10822510822510822 
0.09043927648578812 0.07622739018087855 0.06459948320413436 0.7260981912144703 0.04263565891472868 
0.5684523809523809 0.12797619047619047 0.08928571428571429 0.08035714285714286 0.13392857142857142 
0.0948509485094851 0.6368563685636857 0.0975609756097561 0.11653116531165311 0.05420054200542006 
0.40606060606060607 0.08484848484848485 0.10303030303030303 0.2727272727272727 0.13333333333333333 
0.04077010192525481 0.026047565118912798 0.8482446206115515 0.061155152887882216 0.02378255945639864 
0.08148148148148149 0.1037037037037037 0.11851851851851852 0.6555555555555556 0.040740740740740744 
0.09406952965235174 0.05725971370143149 0.5848670756646217 0.2167689161554192 0.04703476482617587 
0.12373225152129817 0.3813387423935091 0.3225152129817444 0.07910750507099391 0.09330628803245436 
0.04897959183673469 0.5 0.04693877551020408 0.37551020408163266 0.02857142857142857 
0.22998729351969505 0.21092757306226176 0.045743329097839895 0.4599745870393901 0.053367217280813214 
0.5824372759856631 0.15770609318996415 0.13620071684587814 0.07885304659498207 0.044802867383512544 
0.5595667870036101 0.11191335740072202 0.08664259927797834 0.18772563176895307 0.05415162454873646 
0.1063094209161625 0.8107173725151253 0.05099394987035436 0.02247191011235955 0.00950734658599827 
0.49742268041237114 0.17525773195876287 0.061855670103092786 0.21649484536082475 0.04896907216494845 
0.21325494388027794 0.364510956707643 0.19294494922501337 0.21165152324959915 0.017637626937466594 
0.06326530612244897 0.7204081632653061 0.10204081632653061 0.07755102040816327 0.036734693877551024 
0.4661458333333333 0.0859375 0.20052083333333334 0.1796875 0.06770833333333333 
0.030534351145038167 0.03925845147219193 0.8124318429661941 0.09378407851690294 0.023991275899672846 
0.10608695652173913 0.782608695652174 0.02782608695652174 0.06434782608695652 0.019130434782608695 
0.6476793248945147 0.14345991561181434 0.056962025316455694 0.10548523206751055 0.046413502109704644 
0.12745098039215685 0.5686274509803921 0.10784313725490197 0.09803921568627451 0.09803921568627451 
0.7308868501529052 0.04281345565749235 0.03160040774719674 0.15392456676860347 0.040774719673802244 
0.3715277777777778 0.20833333333333334 0.0798611111111111 0.12152777777777778 0.21875 
0.07097791798107256 0.028391167192429023 0.7681388012618297 0.06309148264984227 0.0694006309148265 
0.13725490196078433 0.5882352941176471 0.1111111111111111 0.0915032679738562 0.0718954248366013 
0.09433962264150944 0.5943396226415094 0.09433962264150944 0.09433962264150944 0.12264150943396226 
0.13651877133105803 0.12627986348122866 0.051194539249146756 0.05802047781569966 0.6279863481228669 
0.1357142857142857 0.4357142857142857 0.1 0.17857142857142858 0.15 
0.05518394648829431 0.8996655518394648 0.017558528428093644 0.016722408026755852 0.010869565217391304 
0.1449016100178891 0.5223613595706619 0.22719141323792486 0.07692307692307693 0.028622540250447227 
0.32954545454545453 0.19886363636363635 0.06818181818181818 0.1590909090909091 0.24431818181818182 
0.07924528301886792 0.045283018867924525 0.05660377358490566 0.08679245283018867 0.7320754716981132 
0.1 0.06904761904761905 0.22857142857142856 0.25952380952380955 0.34285714285714286 
0.5977011494252874 0.07279693486590039 0.05747126436781609 0.17624521072796934 0.09578544061302682 
0.0970873786407767 0.5922330097087378 0.10679611650485436 0.10679611650485436 0.0970873786407767 
0.08980582524271845 0.20388349514563106 0.5266990291262136 0.12864077669902912 0.050970873786407765 
0.12093023255813953 0.40930232558139534 0.2837209302325581 0.11627906976744186 0.06976744186046512 
0.11552346570397112 0.061371841155234655 0.039711191335740074 0.04693140794223827 0.7364620938628159 
0.18454935622317598 0.4656652360515021 0.1459227467811159 0.15450643776824036 0.04935622317596566 
0.05090909090909091 0.05818181818181818 0.04727272727272727 0.12363636363636364 0.72 
0.32045454545454544 0.07045454545454545 0.3477272727272727 0.22045454545454546 0.04090909090909091 
0.028083028083028084 0.05372405372405373 0.04395604395604396 0.8461538461538461 0.028083028083028084 
0.717948717948718 0.09487179487179487 0.05897435897435897 0.09743589743589744 0.03076923076923077 
0.20416666666666666 0.058333333333333334 0.07916666666666666 0.5666666666666667 0.09166666666666666 
0.06521739130434782 0.7130434782608696 0.07391304347826087 0.08695652173913043 0.06086956521739131 
0.04739336492890995 0.7867298578199052 0.061611374407582936 0.052132701421800945 0.052132701421800945 
0.5817490494296578 0.10266159695817491 0.12167300380228137 0.13307984790874525 0.060836501901140684 
0.09005947323704333 0.30246389124893797 0.4817332200509771 0.10875106202209006 0.016992353440951572 
0.0881057268722467 0.08370044052863436 0.5242290748898678 0.12334801762114538 0.18061674008810572 
0.1073170731707317 0.4073170731707317 0.05609756097560976 0.05121951219512195 0.3780487804878049 
0.5891677675033025 0.11360634081902246 0.1690885072655218 0.10303830911492734 0.02509907529722589 
0.10752688172043011 0.06093189964157706 0.04659498207885305 0.05017921146953405 0.7347670250896058 
0.45590433482810166 0.41853512705530643 0.03139013452914798 0.05680119581464873 0.03736920777279522 
0.3104189044038668 0.2696025778732546 0.06659505907626208 0.07089151450053706 0.2824919441460795 
0.1857976653696498 0.1293774319066148 0.08268482490272373 0.5535019455252919 0.048638132295719845 
0.078125 0.05859375 0.046875 0.046875 0.76953125 
0.02023121387283237 0.024566473988439308 0.9002890173410405 0.028901734104046242 0.02601156069364162 
0.047128129602356406 0.4653902798232695 0.08689248895434462 0.38144329896907214 0.01914580265095729 
0.0967741935483871 0.6532258064516129 0.08064516129032258 0.08064516129032258 0.08870967741935484 
0.15598885793871867 0.4763231197771588 0.10306406685236769 0.21727019498607242 0.04735376044568245 
0.6958456973293768 0.17210682492581603 0.04896142433234421 0.06528189910979229 0.017804154302670624 
0.048507462686567165 0.05223880597014925 0.12313432835820895 0.055970149253731345 0.7201492537313433 
0.2443820224719101 0.05337078651685393 0.08707865168539326 0.5674157303370787 0.047752808988764044 
0.7047970479704797 0.08118081180811808 0.06273062730627306 0.11070110701107011 0.04059040590405904 
0.05921601334445371 0.8924103419516264 0.01834862385321101 0.01751459549624687 0.012510425354462052 
0.12310606060606061 0.7878787878787878 0.052083333333333336 0.026515151515151516 0.010416666666666666 
0.034482758620689655 0.8275862068965517 0.06157635467980296 0.027093596059113302 0.04926108374384237 
0.034482758620689655 0.8068965517241379 0.04482758620689655 0.04482758620689655 0.06896551724137931 
0.04285714285714286 0.5408163265306123 0.04081632653061224 0.35306122448979593 0.022448979591836733 
0.6711538461538461 0.17307692307692307 0.06538461538461539 0.05 0.04038461538461539 
0.5770171149144254 0.04645476772616137 0.06356968215158924 0.13447432762836187 0.1784841075794621 
0.46794871794871795 0.1987179487179487 0.08333333333333333 0.1794871794871795 0.07051282051282051 
0.08728943338437979 0.027565084226646247 0.10336906584992343 0.7526799387442573 0.02909647779479326 
0.047407407407407405 0.26814814814814814 0.49777777777777776 0.1674074074074074 0.01925925925925926 
0.17719442165709598 0.13125512715340443 0.17801476620180476 0.48810500410172275 0.02543068088597211 
0.8157389635316699 0.03838771593090211 0.061420345489443376 0.05182341650671785 0.03262955854126679 
0.078125 0.7447916666666666 0.0625 0.057291666666666664 0.057291666666666664 
0.1183206106870229 0.12213740458015267 0.5419847328244275 0.12595419847328243 0.0916030534351145 
0.044673539518900345 0.044673539518900345 0.13058419243986255 0.058419243986254296 0.7216494845360825 
0.050590219224283306 0.9021922428330523 0.016020236087689713 0.0193929173693086 0.011804384485666104 
0.10580204778156997 0.13993174061433447 0.04778156996587031 0.06825938566552901 0.6382252559726962 
0.3246268656716418 0.4253731343283582 0.09981343283582089 0.125 0.025186567164179104 
0.07246376811594203 0.6763285024154589 0.09178743961352658 0.11352657004830918 0.04589371980676329 
0.659375 0.140625 0.059375 0.09375 0.046875 
0.3076923076923077 0.05860805860805861 0.08424908424908426 0.358974358974359 0.19047619047619047 
0.4768856447688564 0.06751824817518248 0.02737226277372263 0.11131386861313869 0.31690997566909973 
0.11458333333333333 0.15625 0.052083333333333336 0.04861111111111111 0.6284722222222222 
0.1504424778761062 0.40707964601769914 0.1415929203539823 0.1415929203539823 0.1592920353982301 
0.6916299559471366 0.0381791483113069 0.033773861967694566 0.16005873715124816 0.0763582966226138 
0.03787878787878788 0.06818181818181818 0.09848484848484848 0.06439393939393939 0.7310606060606061 
0.16339869281045752 0.5620915032679739 0.0784313725490196 0.11764705882352941 0.0784313725490196 
0.3271375464684015 0.48698884758364314 0.05947955390334572 0.07806691449814127 0.048327137546468404 
0.08806818181818182 0.4090909090909091 0.17045454545454544 0.2755681818181818 0.056818181818181816 
0.14814814814814814 0.5476190476190477 0.07407407407407407 0.18518518518518517 0.04497354497354497 
0.8376865671641791 0.026119402985074626 0.07462686567164178 0.03171641791044776 0.029850746268656716 
0.18229166666666666 0.109375 0.12239583333333333 0.20572916666666666 0.3802083333333333 
0.05054151624548736 0.8158844765342961 0.039711191335740074 0.05054151624548736 0.04332129963898917 
0.12264150943396226 0.7773584905660378 0.03207547169811321 0.04716981132075472 0.020754716981132074 
0.06382978723404255 0.774468085106383 0.05531914893617021 0.05531914893617021 0.05106382978723404 
0.7386363636363636 0.046875 0.07670454545454546 0.08948863636363637 0.048295454545454544 
0.13807531380753138 0.702928870292887 0.05439330543933055 0.05439330543933055 0.0502092050209205 
0.16055045871559634 0.18577981651376146 0.286697247706422 0.24311926605504589 0.12385321100917432 
0.4933920704845815 0.11894273127753303 0.07048458149779736 0.2422907488986784 0.07488986784140969 
0.045112781954887216 0.041353383458646614 0.041353383458646614 0.10902255639097744 0.7631578947368421 
0.08333333333333333 0.7199074074074074 0.06944444444444445 0.09490740740740741 0.032407407407407406 
0.696969696969697 0.11363636363636363 0.07575757575757576 0.06818181818181818 0.045454545454545456 
0.23595505617977527 0.46348314606741575 0.12359550561797752 0.10955056179775281 0.06741573033707865 
0.384 0.184 0.12 0.176 0.136 
0.19157088122605365 0.10727969348659004 0.47509578544061304 0.1532567049808429 0.07279693486590039 
0.13089005235602094 0.07853403141361257 0.15706806282722513 0.3036649214659686 0.3298429319371728 
0.045283018867924525 0.06792452830188679 0.05660377358490566 0.04150943396226415 0.7886792452830189 
0.034340659340659344 0.8269230769230769 0.034340659340659344 0.08241758241758242 0.02197802197802198 
0.119140625 0.5690104166666666 0.189453125 0.10091145833333333 0.021484375 
0.3114973262032086 0.2339572192513369 0.21524064171122995 0.17780748663101603 0.06149732620320856 
0.12280701754385964 0.14619883040935672 0.5847953216374269 0.08771929824561403 0.05847953216374269 
