0.09221902017291066 0.04899135446685879 0.7550432276657061 0.043227665706051875 0.06051873198847262 
0.11983471074380166 0.6838842975206612 0.05165289256198347 0.04132231404958678 0.10330578512396695 
0.12660345789180144 0.24818739542665924 0.3312883435582822 0.01505856107083101 0.2788622420524261 
0.02823920265780731 0.03986710963455149 0.03820598006644518 0.02159468438538206 0.872093023255814 
0.4057971014492754 0.14130434782608695 0.08695652173913043 0.050724637681159424 0.31521739130434784 
0.051587301587301584 0.06746031746031746 0.03968253968253968 0.7738095238095238 0.06746031746031746 
0.11917098445595854 0.05181347150259067 0.7616580310880829 0.03626943005181347 0.031088082901554404 
0.15915119363395225 0.10344827586206896 0.5543766578249337 0.058355437665782495 0.1246684350132626 
0.07424242424242425 0.7075757575757575 0.03787878787878788 0.022727272727272728 0.15757575757575756 
0.22527472527472528 0.1043956043956044 0.2967032967032967 0.08791208791208792 0.2857142857142857 
0.08045977011494253 0.06321839080459771 0.07471264367816093 0.06321839080459771 0.7183908045977011 
0.14659685863874344 0.5235602094240838 0.08376963350785341 0.08376963350785341 0.16230366492146597 
0.2744479495268139 0.08201892744479496 0.4637223974763407 0.050473186119873815 0.12933753943217666 
0.06206896551724138 0.05517241379310345 0.1206896551724138 0.04482758620689655 0.7172413793103448 
0.12760416666666666 0.13541666666666666 0.3619791666666667 0.041666666666666664 0.3333333333333333 
0.09433962264150944 0.1069182389937107 0.07547169811320754 0.06918238993710692 0.6540880503144654 
0.13919821826280623 0.13808463251670378 0.5879732739420935 0.030066815144766147 0.10467706013363029 
0.16828478964401294 0.5275080906148867 0.1262135922330097 0.10032362459546926 0.07766990291262135 
0.04417670682730924 0.04417670682730924 0.040160642570281124 0.8313253012048193 0.040160642570281124 
0.17518248175182483 0.35036496350364965 0.24817518248175183 0.072992700729927 0.15328467153284672 
0.484304932735426 0.2526158445440957 0.11061285500747384 0.053811659192825115 0.09865470852017937 
0.378003696857671 0.1423290203327172 0.04528650646950092 0.27818853974122 0.15619223659889095 
0.08922558922558922 0.7878787878787878 0.04713804713804714 0.021885521885521887 0.05387205387205387 
0.0351288056206089 0.03044496487119438 0.0351288056206089 0.02576112412177986 0.8735362997658079 
0.17994858611825193 0.06940874035989718 0.3496143958868895 0.3213367609254499 0.07969151670951156 
0.15135135135135136 0.08108108108108109 0.23243243243243245 0.13513513513513514 0.4 
0.518796992481203 0.16842105263157894 0.16842105263157894 0.04360902255639098 0.10075187969924812 
0.14835164835164835 0.14835164835164835 0.42857142857142855 0.1813186813186813 0.09340659340659341 
0.15734265734265734 0.19230769230769232 0.3986013986013986 0.15034965034965034 0.10139860139860139 
0.1811764705882353 0.40941176470588236 0.24235294117647058 0.04 0.12705882352941175 
0.3328424153166421 0.055964653902798235 0.09131075110456553 0.016200294550810016 0.5036818851251841 
0.31564245810055863 0.09497206703910614 0.17039106145251395 0.04189944134078212 0.3770949720670391 
0.06028368794326241 0.2907801418439716 0.05673758865248227 0.04964539007092199 0.5425531914893617 
0.12064965197215777 0.6496519721577726 0.09048723897911833 0.04408352668213457 0.0951276102088167 
0.22887323943661972 0.16549295774647887 0.3732394366197183 0.13732394366197184 0.09507042253521127 
0.22657952069716775 0.29411764705882354 0.2788671023965142 0.11982570806100218 0.08061002178649238 
0.07751937984496124 0.04844961240310078 0.7209302325581395 0.0755813953488372 0.07751937984496124 
0.05575539568345324 0.07733812949640288 0.044964028776978415 0.02158273381294964 0.8003597122302158 
0.543247344461305 0.19119878603945373 0.15022761760242792 0.05614567526555387 0.05918057663125948 
0.0898876404494382 0.42134831460674155 0.07303370786516854 0.08426966292134831 0.33146067415730335 
0.12237762237762238 0.3776223776223776 0.28321678321678323 0.055944055944055944 0.16083916083916083 
0.25 0.35106382978723405 0.07446808510638298 0.23404255319148937 0.09042553191489362 
0.06808510638297872 0.7404255319148936 0.031914893617021274 0.04468085106382979 0.1148936170212766 
0.16030534351145037 0.10687022900763359 0.3893129770992366 0.043256997455470736 0.30025445292620867 
0.1 0.07058823529411765 0.08235294117647059 0.07647058823529412 0.6705882352941176 
0.29608938547486036 0.12011173184357542 0.20391061452513967 0.03910614525139665 0.3407821229050279 
0.056910569105691054 0.04878048780487805 0.04065040650406504 0.8048780487804879 0.04878048780487805 
0.29668674698795183 0.13403614457831325 0.03463855421686747 0.4924698795180723 0.04216867469879518 
0.11574074074074074 0.06944444444444445 0.08333333333333333 0.33796296296296297 0.39351851851851855 
0.10386473429951691 0.17632850241545894 0.38405797101449274 0.04106280193236715 0.2946859903381642 
0.11794228356336262 0.6298619824341279 0.12547051442910917 0.060225846925972396 0.06649937264742785 
0.09659090909090909 0.11931818181818182 0.08522727272727272 0.09090909090909091 0.6079545454545454 
0.03571428571428571 0.060714285714285714 0.04285714285714286 0.04285714285714286 0.8178571428571428 
0.05157593123209169 0.12320916905444126 0.07449856733524356 0.04871060171919771 0.7020057306590258 
0.14814814814814814 0.5296296296296297 0.16296296296296298 0.05925925925925926 0.1 
0.17567567567567569 0.2972972972972973 0.11486486486486487 0.13513513513513514 0.27702702702702703 
0.8293515358361775 0.02957906712172924 0.05005688282138794 0.03299203640500569 0.05802047781569966 
0.3253012048192771 0.20481927710843373 0.05271084337349398 0.3207831325301205 0.0963855421686747 
0.05714285714285714 0.06428571428571428 0.10714285714285714 0.7214285714285714 0.05 
0.15211970074812967 0.10972568578553615 0.12718204488778054 0.0399002493765586 0.571072319201995 
0.06563706563706563 0.043758043758043756 0.028314028314028315 0.018018018018018018 0.8442728442728443 
0.13402061855670103 0.27835051546391754 0.20618556701030927 0.18556701030927836 0.1958762886597938 
0.1276595744680851 0.10638297872340426 0.1276595744680851 0.1276595744680851 0.5106382978723404 
0.05019305019305019 0.05405405405405406 0.05791505791505792 0.7567567567567568 0.08108108108108109 
0.5923566878980892 0.1942675159235669 0.09872611464968153 0.054140127388535034 0.06050955414012739 
0.051470588235294115 0.058823529411764705 0.04411764705882353 0.8014705882352942 0.04411764705882353 
0.18984547461368653 0.052980132450331126 0.15894039735099338 0.033112582781456956 0.565121412803532 
0.08076923076923077 0.7153846153846154 0.03461538461538462 0.05384615384615385 0.11538461538461539 
0.14153132250580047 0.15081206496519722 0.09744779582366589 0.0951276102088167 0.5150812064965197 
0.07569721115537849 0.21912350597609562 0.14342629482071714 0.043824701195219126 0.5179282868525896 
0.34686346863468637 0.17712177121771217 0.2140221402214022 0.1033210332103321 0.15867158671586715 
0.14240506329113925 0.08544303797468354 0.3670886075949367 0.3322784810126582 0.07278481012658228 
0.13214285714285715 0.6428571428571429 0.09642857142857143 0.039285714285714285 0.08928571428571429 
0.08482142857142858 0.7053571428571429 0.033482142857142856 0.05357142857142857 0.12276785714285714 
0.05897435897435897 0.04871794871794872 0.038461538461538464 0.03333333333333333 0.8205128205128205 
0.059027777777777776 0.6111111111111112 0.1111111111111111 0.04861111111111111 0.1701388888888889 
0.11006711409395974 0.8013422818791947 0.024161073825503355 0.021476510067114093 0.042953020134228186 
0.10303030303030303 0.4666666666666667 0.21212121212121213 0.08484848484848485 0.13333333333333333 
0.12403100775193798 0.5135658914728682 0.0562015503875969 0.05426356589147287 0.25193798449612403 
0.8729792147806005 0.03695150115473441 0.03002309468822171 0.023094688221709007 0.03695150115473441 
0.09682804674457429 0.7946577629382304 0.04006677796327212 0.03005008347245409 0.038397328881469114 
0.06405693950177936 0.0498220640569395 0.03914590747330961 0.4377224199288256 0.4092526690391459 
0.17357001972386588 0.40631163708086787 0.20512820512820512 0.045364891518737675 0.16962524654832348 
0.05628517823639775 0.7523452157598499 0.03189493433395872 0.0225140712945591 0.13696060037523453 
0.058091286307053944 0.0995850622406639 0.05394190871369295 0.06224066390041494 0.7261410788381742 
0.07304116865869854 0.6188579017264276 0.07835325365205843 0.021248339973439574 0.20849933598937584 
0.1015625 0.1171875 0.1859375 0.0328125 0.5625 
0.13092269326683292 0.7830423940149626 0.026184538653366583 0.02119700748129676 0.03865336658354115 
0.12223393045310854 0.46891464699683877 0.3119072708113804 0.02423603793466807 0.07270811380400422 
0.052222222222222225 0.057777777777777775 0.8066666666666666 0.035555555555555556 0.04777777777777778 
0.24310776942355888 0.08771929824561403 0.07017543859649122 0.03258145363408521 0.5664160401002506 
0.04792332268370607 0.4217252396166134 0.03354632587859425 0.03514376996805112 0.46166134185303515 
0.03289473684210526 0.03618421052631579 0.029605263157894735 0.029605263157894735 0.8717105263157895 
0.13602015113350127 0.08816120906801007 0.4080604534005038 0.030226700251889168 0.33753148614609574 
0.19888734353268428 0.14812239221140472 0.06397774687065369 0.025034770514603615 0.5639777468706537 
0.17582417582417584 0.10622710622710622 0.13553113553113552 0.05128205128205128 0.5311355311355311 
0.03336113427856547 0.6522101751459549 0.27522935779816515 0.012510425354462052 0.026688907422852376 
0.15354330708661418 0.6692913385826772 0.05708661417322835 0.0531496062992126 0.06692913385826772 
0.05172413793103448 0.05172413793103448 0.05172413793103448 0.7931034482758621 0.05172413793103448 
0.48417721518987344 0.34810126582278483 0.08438818565400844 0.04113924050632911 0.04219409282700422 
0.13747228381374724 0.5343680709534369 0.13303769401330376 0.04212860310421286 0.15299334811529933 
0.31019522776572667 0.05422993492407809 0.12147505422993492 0.03036876355748373 0.4837310195227766 
0.49406175771971494 0.1496437054631829 0.1995249406175772 0.0855106888361045 0.07125890736342043 
0.40389294403892945 0.25304136253041365 0.1192214111922141 0.058394160583941604 0.1654501216545012 
0.48638132295719844 0.06614785992217899 0.14007782101167315 0.033073929961089495 0.27431906614785995 
0.5071225071225072 0.16809116809116809 0.0584045584045584 0.20797720797720798 0.0584045584045584 
0.5364705882352941 0.18352941176470589 0.11529411764705882 0.09647058823529411 0.06823529411764706 
0.12518853695324283 0.5248868778280543 0.05580693815987934 0.248868778280543 0.04524886877828054 
0.3487544483985765 0.16370106761565836 0.15658362989323843 0.042704626334519574 0.28825622775800713 
0.19578686493184635 0.19021065675340768 0.09727385377942999 0.022304832713754646 0.4944237918215613 
0.04240282685512368 0.12014134275618374 0.06007067137809187 0.7208480565371025 0.05653710247349823 
0.059880239520958084 0.10778443113772455 0.09580838323353294 0.0658682634730539 0.6706586826347305 
0.13471502590673576 0.22538860103626943 0.4326424870466321 0.10621761658031088 0.10103626943005181 
0.05603448275862069 0.09913793103448276 0.06465517241379311 0.04310344827586207 0.7370689655172413 
0.11737089201877934 0.09389671361502347 0.29577464788732394 0.07981220657276995 0.4131455399061033 
0.08303249097472924 0.06498194945848375 0.11191335740072202 0.05054151624548736 0.6895306859205776 
0.10144927536231885 0.06763285024154589 0.09178743961352658 0.06763285024154589 0.6714975845410628 
0.07430340557275542 0.7058823529411765 0.04024767801857585 0.10835913312693499 0.07120743034055728 
0.04397705544933078 0.7590822179732314 0.04397705544933078 0.032504780114722756 0.12045889101338432 
0.03183023872679045 0.03183023872679045 0.042440318302387266 0.026525198938992044 0.8673740053050398 
0.15294117647058825 0.2235294117647059 0.15294117647058825 0.23529411764705882 0.23529411764705882 
0.0955223880597015 0.608955223880597 0.07462686567164178 0.12238805970149254 0.09850746268656717 
0.14814814814814814 0.13580246913580246 0.1728395061728395 0.13580246913580246 0.4074074074074074 
0.07589285714285714 0.07589285714285714 0.05357142857142857 0.05357142857142857 0.7410714285714286 
0.08762886597938144 0.10309278350515463 0.10309278350515463 0.10309278350515463 0.6030927835051546 
0.030252100840336135 0.6605042016806723 0.26974789915966385 0.010924369747899159 0.02857142857142857 
0.35294117647058826 0.16806722689075632 0.13445378151260504 0.20168067226890757 0.14285714285714285 
0.07462686567164178 0.691044776119403 0.05970149253731343 0.016417910447761194 0.1582089552238806 
0.041666666666666664 0.08712121212121213 0.056818181818181816 0.7348484848484849 0.07954545454545454 
0.032327586206896554 0.032327586206896554 0.032327586206896554 0.034482758620689655 0.8685344827586207 
0.09071729957805907 0.6476793248945147 0.052742616033755275 0.0379746835443038 0.17088607594936708 
0.15598885793871867 0.1894150417827298 0.06406685236768803 0.052924791086350974 0.5376044568245125 
0.14942528735632185 0.6293103448275862 0.05459770114942529 0.05747126436781609 0.10919540229885058 
0.12643678160919541 0.3390804597701149 0.16091954022988506 0.11494252873563218 0.25862068965517243 
0.43209876543209874 0.15432098765432098 0.25925925925925924 0.06172839506172839 0.09259259259259259 
0.054474708171206226 0.038910505836575876 0.08171206225680934 0.7626459143968871 0.0622568093385214 
0.22510822510822512 0.11688311688311688 0.45021645021645024 0.07792207792207792 0.12987012987012986 
0.6214470284237726 0.18604651162790697 0.08397932816537468 0.05297157622739018 0.05555555555555555 
0.13095238095238096 0.5952380952380952 0.0744047619047619 0.03273809523809524 0.16666666666666666 
0.0921409214092141 0.08943089430894309 0.05420054200542006 0.07588075880758807 0.6883468834688347 
0.22424242424242424 0.47878787878787876 0.08484848484848485 0.10909090909090909 0.10303030303030303 
0.1291053227633069 0.0362400906002265 0.7633069082672707 0.02944507361268403 0.04190260475651189 
0.6333333333333333 0.13333333333333333 0.0962962962962963 0.05185185185185185 0.08518518518518518 
0.28629856850715746 0.10020449897750511 0.5194274028629857 0.034764826175869123 0.05930470347648262 
0.2413793103448276 0.1440162271805274 0.17647058823529413 0.028397565922920892 0.40973630831643004 
0.32857142857142857 0.05918367346938776 0.04285714285714286 0.024489795918367346 0.5448979591836735 
0.14104193138500634 0.22871664548919948 0.08767471410419314 0.2820838627700127 0.2604828462515883 
0.11290322580645161 0.35304659498207885 0.2903225806451613 0.06451612903225806 0.17921146953405018 
0.1444043321299639 0.51985559566787 0.09747292418772563 0.1299638989169675 0.10830324909747292 
0.05012964563526361 0.058772687986171135 0.0449438202247191 0.013828867761452032 0.8323249783923942 
0.18814432989690721 0.5592783505154639 0.04381443298969072 0.05154639175257732 0.15721649484536082 
0.17958311063602353 0.18920363442009622 0.21218599679315875 0.024585783003741316 0.39444147514698025 
0.19183673469387755 0.06326530612244897 0.10408163265306122 0.02857142857142857 0.6122448979591837 
0.234375 0.3932291666666667 0.16145833333333334 0.0859375 0.125 
0.128680479825518 0.026172300981461286 0.7928026172300982 0.027262813522355506 0.025081788440567066 
0.06260869565217392 0.08347826086956522 0.029565217391304348 0.019130434782608695 0.8052173913043478 
0.0949367088607595 0.630801687763713 0.04430379746835443 0.04430379746835443 0.18565400843881857 
0.11764705882352941 0.14705882352941177 0.10784313725490197 0.11764705882352941 0.5098039215686274 
0.05708460754332314 0.7920489296636085 0.040774719673802244 0.03873598369011213 0.07135575942915393 
0.15625 0.4375 0.06597222222222222 0.13194444444444445 0.20833333333333334 
0.05993690851735016 0.0473186119873817 0.8091482649842271 0.04416403785488959 0.03943217665615142 
0.0784313725490196 0.13071895424836602 0.08496732026143791 0.0718954248366013 0.6339869281045751 
0.09433962264150944 0.10377358490566038 0.09433962264150944 0.10377358490566038 0.6037735849056604 
0.040955631399317405 0.7098976109215017 0.05460750853242321 0.03754266211604096 0.15699658703071673 
0.1 0.21428571428571427 0.09285714285714286 0.09285714285714286 0.5 
0.6463210702341137 0.020066889632107024 0.01254180602006689 0.010033444816053512 0.3110367892976589 
0.07155635062611806 0.10196779964221825 0.29159212880143115 0.03220035778175313 0.5026833631484794 
0.13068181818181818 0.36363636363636365 0.09090909090909091 0.24431818181818182 0.17045454545454544 
0.052830188679245285 0.09811320754716982 0.052830188679245285 0.7433962264150943 0.052830188679245285 
0.20952380952380953 0.12142857142857143 0.45714285714285713 0.12380952380952381 0.0880952380952381 
0.1417624521072797 0.6628352490421456 0.05363984674329502 0.07279693486590039 0.06896551724137931 
0.10679611650485436 0.0970873786407767 0.11650485436893204 0.0970873786407767 0.5825242718446602 
0.308252427184466 0.04854368932038835 0.3592233009708738 0.06067961165048544 0.22330097087378642 
0.14883720930232558 0.09767441860465116 0.30697674418604654 0.07906976744186046 0.3674418604651163 
0.04693140794223827 0.11913357400722022 0.04693140794223827 0.7220216606498195 0.06498194945848375 
0.10300429184549356 0.17381974248927037 0.19527896995708155 0.06223175965665236 0.4656652360515021 
0.07272727272727272 0.04727272727272727 0.04363636363636364 0.7890909090909091 0.04727272727272727 
0.25681818181818183 0.2590909090909091 0.3409090909090909 0.056818181818181816 0.08636363636363636 
0.8315018315018315 0.06837606837606838 0.03907203907203907 0.02442002442002442 0.03663003663003663 
0.06666666666666667 0.6692307692307692 0.0641025641025641 0.041025641025641026 0.15897435897435896 
0.2708333333333333 0.4375 0.075 0.1375 0.07916666666666666 
0.16521739130434782 0.05217391304347826 0.1 0.06086956521739131 0.6217391304347826 
0.052132701421800945 0.061611374407582936 0.06635071090047394 0.04739336492890995 0.7725118483412322 
0.1520912547528517 0.5513307984790875 0.18631178707224336 0.053231939163498096 0.057034220532319393 
0.13338997451146983 0.05692438402718777 0.45879354290569246 0.022939677145284623 0.32795242141036535 
0.2511013215859031 0.07488986784140969 0.3744493392070485 0.18502202643171806 0.1145374449339207 
0.036585365853658534 0.37317073170731707 0.046341463414634146 0.05365853658536585 0.4902439024390244 
0.18361955085865259 0.5402906208718626 0.17040951122853368 0.03830911492734478 0.06737120211360634 
0.06093189964157706 0.12186379928315412 0.03942652329749104 0.7204301075268817 0.05734767025089606 
0.04932735426008968 0.3901345291479821 0.029895366218236172 0.0343796711509716 0.4962630792227205 
0.05907626208378088 0.2996777658431794 0.06015037593984962 0.23093447905477982 0.3501611170784103 
0.17412451361867703 0.20817120622568094 0.0963035019455253 0.38132295719844356 0.14007782101167315 
0.046875 0.0703125 0.0390625 0.76953125 0.07421875 
0.03901734104046243 0.024566473988439308 0.8815028901734104 0.02023121387283237 0.03468208092485549 
0.35346097201767307 0.041237113402061855 0.07216494845360824 0.023564064801178203 0.5095729013254786 
0.08064516129032258 0.10483870967741936 0.0967741935483871 0.08064516129032258 0.6370967741935484 
0.12813370473537605 0.1309192200557103 0.08913649025069638 0.0807799442896936 0.5710306406685237 
0.0830860534124629 0.6780415430267063 0.04451038575667656 0.020771513353115726 0.17359050445103857 
0.04477611940298507 0.03731343283582089 0.1417910447761194 0.7238805970149254 0.05223880597014925 
0.19382022471910113 0.3202247191011236 0.11235955056179775 0.31179775280898875 0.06179775280898876 
0.0959409594095941 0.7158671586715867 0.05166051660516605 0.05166051660516605 0.08487084870848709 
0.6430358632193495 0.014178482068390326 0.008340283569641367 0.010842368640533779 0.32360300250208507 
0.06818181818181818 0.050189393939393936 0.06912878787878787 0.017045454545454544 0.7954545454545454 
0.046798029556650245 0.03201970443349754 0.054187192118226604 0.03201970443349754 0.8349753694581281 
0.041379310344827586 0.07241379310344828 0.04827586206896552 0.03793103448275862 0.8 
0.3081632653061224 0.03877551020408163 0.04081632653061224 0.02857142857142857 0.5836734693877551 
0.075 0.5557692307692308 0.11923076923076924 0.038461538461538464 0.21153846153846154 
0.07334963325183375 0.6259168704156479 0.05623471882640587 0.1882640586797066 0.05623471882640587 
0.12179487179487179 0.532051282051282 0.07692307692307693 0.08333333333333333 0.1858974358974359 
0.31929555895865236 0.13016845329249618 0.12863705972434916 0.3874425727411945 0.03445635528330781 
0.4711111111111111 0.045925925925925926 0.1511111111111111 0.03111111111111111 0.30074074074074075 
0.29286300246103364 0.1944216570959803 0.34290401968826906 0.019688269073010665 0.1501230516817063 
0.02495201535508637 0.7696737044145874 0.12092130518234165 0.028790786948176585 0.05566218809980806 
0.06770833333333333 0.078125 0.0625 0.0625 0.7291666666666666 
0.20610687022900764 0.08015267175572519 0.5152671755725191 0.11450381679389313 0.08396946564885496 
0.041237113402061855 0.041237113402061855 0.12371134020618557 0.7353951890034365 0.058419243986254296 
0.6517706576728499 0.013490725126475547 0.01011804384485666 0.00927487352445194 0.31534569983136596 
0.04778156996587031 0.7064846416382252 0.051194539249146756 0.04778156996587031 0.14675767918088736 
0.15858208955223882 0.34328358208955223 0.048507462686567165 0.03544776119402985 0.4141791044776119 
0.11835748792270531 0.04589371980676329 0.07246376811594203 0.04589371980676329 0.717391304347826 
0.071875 0.63125 0.109375 0.04375 0.14375 
0.14285714285714285 0.3772893772893773 0.09523809523809523 0.29304029304029305 0.09157509157509157 
0.09610705596107055 0.7603406326034063 0.05656934306569343 0.022506082725060828 0.06447688564476886 
0.03819444444444445 0.6770833333333334 0.052083333333333336 0.04513888888888889 0.1875 
0.13274336283185842 0.19469026548672566 0.1504424778761062 0.09734513274336283 0.4247787610619469 
0.10572687224669604 0.7180616740088106 0.07048458149779736 0.06901615271659324 0.03671071953010279 
0.06439393939393939 0.05303030303030303 0.09090909090909091 0.7272727272727273 0.06439393939393939 
0.0718954248366013 0.1437908496732026 0.1111111111111111 0.06535947712418301 0.6078431372549019 
0.055762081784386616 0.2788104089219331 0.06319702602230483 0.040892193308550186 0.5613382899628253 
0.29829545454545453 0.07670454545454546 0.21022727272727273 0.03409090909090909 0.3806818181818182 
0.12433862433862433 0.14814814814814814 0.07936507936507936 0.07142857142857142 0.5767195767195767 
0.041044776119402986 0.7723880597014925 0.11940298507462686 0.024253731343283583 0.04291044776119403 
0.20833333333333334 0.3984375 0.23177083333333334 0.09114583333333333 0.0703125 
0.039711191335740074 0.05776173285198556 0.036101083032490974 0.04693140794223827 0.8194945848375451 
0.033962264150943396 0.06037735849056604 0.033962264150943396 0.03018867924528302 0.8415094339622642 
0.04680851063829787 0.05531914893617021 0.04680851063829787 0.05531914893617021 0.7957446808510639 
0.08238636363636363 0.6732954545454546 0.1534090909090909 0.05113636363636364 0.03977272727272727 
0.06276150627615062 0.09205020920502092 0.06694560669456066 0.0502092050209205 0.7280334728033473 
0.20412844036697247 0.11467889908256881 0.19036697247706422 0.2798165137614679 0.21100917431192662 
0.09691629955947137 0.5947136563876652 0.07048458149779736 0.09251101321585903 0.14537444933920704 
0.08270676691729323 0.05639097744360902 0.04887218045112782 0.7706766917293233 0.041353383458646614 
0.0625 0.07175925925925926 0.06481481481481481 0.04861111111111111 0.7523148148148148 
0.06060606060606061 0.6893939393939394 0.07196969696969698 0.03787878787878788 0.14015151515151514 
0.16853932584269662 0.18258426966292135 0.08146067415730338 0.03932584269662921 0.5280898876404494 
0.168 0.344 0.224 0.096 0.168 
0.19540229885057472 0.17624521072796934 0.4061302681992337 0.07279693486590039 0.14942528735632185 
0.18324607329842932 0.1256544502617801 0.1099476439790576 0.5130890052356021 0.06806282722513089 
0.07547169811320754 0.04150943396226415 0.052830188679245285 0.7735849056603774 0.05660377358490566 
0.07005494505494506 0.028846153846153848 0.03708791208791209 0.01510989010989011 0.8489010989010989 
0.12565104166666666 0.107421875 0.25 0.009114583333333334 0.5078125 
0.29545454545454547 0.2647058823529412 0.16711229946524064 0.06016042780748663 0.21256684491978609 
0.11695906432748537 0.08187134502923976 0.47953216374269003 0.09941520467836257 0.2222222222222222 
