0.5459610027855153 0.10863509749303621 0.09192200557103064 0.09192200557103064 0.1615598885793872 
0.03319502074688797 0.08713692946058091 0.34024896265560167 0.43983402489626555 0.0995850622406639 
0.027808069792802616 0.30861504907306436 0.15430752453653218 0.1723009814612868 0.33696837513631406 
0.024834437086092714 0.8576158940397351 0.02152317880794702 0.05132450331125828 0.04470198675496689 
0.0996309963099631 0.23985239852398524 0.11808118081180811 0.11808118081180811 0.42435424354243545 
0.8050541516245487 0.036101083032490974 0.04332129963898917 0.061371841155234655 0.05415162454873646 
0.6406779661016949 0.06779661016949153 0.05084745762711865 0.10338983050847457 0.13728813559322034 
0.4153846153846154 0.15128205128205127 0.11794871794871795 0.07692307692307693 0.23846153846153847 
0.02145922746781116 0.07582260371959942 0.8283261802575107 0.045779685264663805 0.02861230329041488 
0.18128654970760233 0.27485380116959063 0.09941520467836257 0.15204678362573099 0.29239766081871343 
0.07647058823529412 0.6823529411764706 0.06470588235294118 0.11764705882352941 0.058823529411764705 
0.06629834254143646 0.15469613259668508 0.2596685082872928 0.32044198895027626 0.19889502762430938 
0.1832797427652733 0.18006430868167203 0.11254019292604502 0.1414790996784566 0.38263665594855306 
0.06785714285714285 0.7107142857142857 0.06428571428571428 0.07142857142857142 0.08571428571428572 
0.041343669250646 0.3772609819121447 0.08785529715762273 0.11886304909560723 0.37467700258397935 
0.06962025316455696 0.5886075949367089 0.06962025316455696 0.20253164556962025 0.06962025316455696 
0.4550438596491228 0.08114035087719298 0.13157894736842105 0.21052631578947367 0.12171052631578948 
0.0732484076433121 0.06369426751592357 0.39171974522292996 0.27070063694267515 0.20063694267515925 
0.76 0.04 0.04363636363636364 0.04363636363636364 0.11272727272727273 
0.14814814814814814 0.0962962962962963 0.24444444444444444 0.3851851851851852 0.1259259259259259 
0.0344311377245509 0.08383233532934131 0.09880239520958084 0.24251497005988024 0.5404191616766467 
0.023744292237442923 0.16712328767123288 0.09223744292237443 0.1324200913242009 0.5844748858447488 
0.02181208053691275 0.03859060402684564 0.8338926174496645 0.06879194630872483 0.03691275167785235 
0.02891566265060241 0.8433734939759037 0.04578313253012048 0.043373493975903614 0.03855421686746988 
0.38345864661654133 0.08521303258145363 0.15288220551378445 0.06766917293233082 0.3107769423558897 
0.13368983957219252 0.44919786096256686 0.1497326203208556 0.12834224598930483 0.13903743315508021 
0.05194805194805195 0.08513708513708514 0.08513708513708514 0.13997113997113997 0.6378066378066378 
0.3401015228426396 0.12690355329949238 0.15736040609137056 0.14213197969543148 0.233502538071066 
0.3957597173144876 0.14840989399293286 0.19434628975265017 0.15547703180212014 0.10600706713780919 
0.04929577464788732 0.1431924882629108 0.3028169014084507 0.25586854460093894 0.24882629107981222 
0.022857142857142857 0.67 0.03428571428571429 0.05142857142857143 0.22142857142857142 
0.043596730245231606 0.42779291553133514 0.20708446866485014 0.11444141689373297 0.20708446866485014 
0.03900709219858156 0.5354609929078015 0.1276595744680851 0.23404255319148937 0.06382978723404255 
0.0400890868596882 0.11804008908685969 0.08685968819599109 0.6146993318485523 0.1403118040089087 
0.25773195876288657 0.12027491408934708 0.15463917525773196 0.15807560137457044 0.30927835051546393 
0.1431578947368421 0.06526315789473684 0.3263157894736842 0.18736842105263157 0.27789473684210525 
0.6828358208955224 0.06529850746268656 0.05037313432835821 0.05970149253731343 0.1417910447761194 
0.023722627737226276 0.781021897810219 0.0364963503649635 0.11131386861313869 0.04744525547445255 
0.0693815987933635 0.05128205128205128 0.10558069381598793 0.2187028657616893 0.555052790346908 
0.06432748538011696 0.19883040935672514 0.08187134502923976 0.5672514619883041 0.08771929824561403 
0.09473684210526316 0.12982456140350876 0.07017543859649122 0.631578947368421 0.07368421052631578 
0.07291666666666667 0.07291666666666667 0.203125 0.2916666666666667 0.359375 
0.027139874739039668 0.0918580375782881 0.05010438413361169 0.7724425887265136 0.05845511482254697 
0.25 0.3475 0.0925 0.0975 0.2125 
0.08074534161490683 0.6459627329192547 0.06832298136645963 0.08074534161490683 0.12422360248447205 
0.03278688524590164 0.43169398907103823 0.17759562841530055 0.12568306010928962 0.23224043715846995 
0.7962962962962963 0.05555555555555555 0.040740740740740744 0.05555555555555555 0.05185185185185185 
0.03299856527977044 0.035868005738880916 0.0703012912482066 0.12195121951219512 0.7388809182209469 
0.3404255319148936 0.37446808510638296 0.0851063829787234 0.1148936170212766 0.0851063829787234 
0.026378896882494004 0.38848920863309355 0.1079136690647482 0.11510791366906475 0.36211031175059955 
0.08121827411167512 0.05203045685279188 0.4098984771573604 0.33883248730964466 0.11802030456852793 
0.06285714285714286 0.45714285714285713 0.09142857142857143 0.32 0.06857142857142857 
0.039568345323741004 0.7877697841726619 0.06474820143884892 0.0539568345323741 0.0539568345323741 
0.0650887573964497 0.727810650887574 0.08284023668639054 0.07396449704142012 0.05029585798816568 
0.06716417910447761 0.08955223880597014 0.3246268656716418 0.44402985074626866 0.07462686567164178 
0.12837837837837837 0.14189189189189189 0.21621621621621623 0.3581081081081081 0.1554054054054054 
0.033482142857142856 0.024553571428571428 0.03571428571428571 0.03794642857142857 0.8683035714285714 
0.03945371775417299 0.04704097116843703 0.165402124430956 0.1062215477996965 0.6418816388467374 
0.7796052631578947 0.06907894736842106 0.05592105263157895 0.0625 0.03289473684210526 
0.07323232323232323 0.6060606060606061 0.08333333333333333 0.12878787878787878 0.10858585858585859 
0.025348542458808618 0.8365019011406845 0.034220532319391636 0.03929024081115336 0.06463878326996197 
0.1836734693877551 0.1836734693877551 0.16326530612244897 0.336734693877551 0.1326530612244898 
0.1111111111111111 0.5111111111111111 0.12222222222222222 0.14444444444444443 0.1111111111111111 
0.8118466898954704 0.05226480836236934 0.03832752613240418 0.04878048780487805 0.04878048780487805 
0.0744336569579288 0.05177993527508091 0.13592233009708737 0.6213592233009708 0.11650485436893204 
0.8006644518272426 0.046511627906976744 0.053156146179401995 0.04318936877076412 0.05647840531561462 
0.08189655172413793 0.6831896551724138 0.06896551724137931 0.08620689655172414 0.07974137931034483 
0.03682170542635659 0.06395348837209303 0.5058139534883721 0.34689922480620156 0.046511627906976744 
0.05647058823529412 0.5223529411764706 0.13176470588235295 0.11058823529411765 0.17882352941176471 
0.092 0.504 0.148 0.176 0.08 
0.1033210332103321 0.2029520295202952 0.12915129151291513 0.09225092250922509 0.47232472324723246 
0.44025157232704404 0.10062893081761007 0.11635220125786164 0.14465408805031446 0.19811320754716982 
0.07326007326007326 0.08424908424908426 0.608058608058608 0.13186813186813187 0.10256410256410256 
0.028761061946902654 0.05088495575221239 0.5641592920353983 0.2743362831858407 0.08185840707964602 
0.03076923076923077 0.823076923076923 0.05128205128205128 0.05641025641025641 0.038461538461538464 
0.061224489795918366 0.08163265306122448 0.14625850340136054 0.6496598639455783 0.061224489795918366 
0.01634877384196185 0.04087193460490463 0.728882833787466 0.10762942779291552 0.10626702997275204 
0.09032258064516129 0.14838709677419354 0.24516129032258063 0.3741935483870968 0.14193548387096774 
0.03018867924528302 0.1641509433962264 0.062264150943396226 0.6528301886792452 0.09056603773584905 
0.02643171806167401 0.03303964757709251 0.039647577092511016 0.04405286343612335 0.8568281938325991 
0.019933554817275746 0.046511627906976744 0.8172757475083057 0.07807308970099668 0.03820598006644518 
0.49828178694158076 0.30927835051546393 0.0859106529209622 0.048109965635738834 0.058419243986254296 
0.05835010060362173 0.12072434607645875 0.1488933601609658 0.5392354124748491 0.13279678068410464 
0.021032504780114723 0.06118546845124283 0.036328871892925434 0.8432122370936902 0.03824091778202677 
0.04819277108433735 0.642570281124498 0.08032128514056225 0.18473895582329317 0.04417670682730924 
0.031496062992125984 0.09055118110236221 0.03280839895013123 0.7939632545931758 0.051181102362204724 
0.1 0.51875 0.078125 0.184375 0.11875 
0.015151515151515152 0.03156565656565657 0.7386363636363636 0.13005050505050506 0.0845959595959596 
0.08597748208802457 0.06038894575230297 0.34186284544524054 0.4032753326509724 0.10849539406345957 
0.6146067415730337 0.08202247191011236 0.04157303370786517 0.08089887640449438 0.18089887640449437 
0.0610079575596817 0.5888594164456233 0.18037135278514588 0.10344827586206896 0.06631299734748011 
0.01765650080256822 0.4028892455858748 0.03691813804173355 0.5120385232744783 0.030497592295345103 
0.021241830065359478 0.8562091503267973 0.027777777777777776 0.04411764705882353 0.05065359477124183 
0.27386934673366836 0.32663316582914576 0.0728643216080402 0.11809045226130653 0.20854271356783918 
0.024021962937542895 0.5319148936170213 0.22855181880576528 0.1262868908716541 0.08922443376801648 
0.06093189964157706 0.5627240143369175 0.06093189964157706 0.17562724014336917 0.13978494623655913 
0.008291873963515755 0.019071310116086235 0.0505804311774461 0.8814262023217247 0.0406301824212272 
0.027833001988071572 0.055666003976143144 0.20278330019880716 0.48111332007952284 0.23260437375745527 
0.7211538461538461 0.038461538461538464 0.05128205128205128 0.05128205128205128 0.13782051282051283 
0.027513227513227514 0.0380952380952381 0.13333333333333333 0.1671957671957672 0.6338624338624339 
0.034934497816593885 0.13100436681222707 0.11135371179039301 0.5938864628820961 0.12882096069868995 
0.03632478632478633 0.5790598290598291 0.05128205128205128 0.07051282051282051 0.26282051282051283 
0.10238095238095238 0.09047619047619047 0.16428571428571428 0.15714285714285714 0.4857142857142857 
0.050239234449760764 0.11961722488038277 0.0861244019138756 0.3038277511961722 0.44019138755980863 
0.042801556420233464 0.2801556420233463 0.054474708171206226 0.05252918287937743 0.5700389105058365 
0.038834951456310676 0.026352288488210817 0.12205270457697642 0.07628294036061026 0.7364771151178918 
0.11187214611872145 0.06621004566210045 0.1415525114155251 0.12100456621004566 0.5593607305936074 
0.03851851851851852 0.028148148148148148 0.49333333333333335 0.27111111111111114 0.1688888888888889 
0.08273381294964029 0.22661870503597123 0.10071942446043165 0.16906474820143885 0.420863309352518 
0.031598513011152414 0.4634448574969021 0.10966542750929369 0.16604708798017348 0.22924411400247832 
0.7587301587301587 0.050793650793650794 0.05714285714285714 0.08253968253968254 0.050793650793650794 
0.125 0.65625 0.06875 0.075 0.075 
0.12623762376237624 0.12376237623762376 0.14356435643564355 0.35148514851485146 0.25495049504950495 
0.04780876494023904 0.6533864541832669 0.06374501992031872 0.18326693227091634 0.05179282868525897 
0.07964601769911504 0.4690265486725664 0.084070796460177 0.17699115044247787 0.1902654867256637 
0.05947955390334572 0.6877323420074349 0.05947955390334572 0.10780669144981413 0.08550185873605948 
0.08205128205128205 0.6871794871794872 0.05641025641025641 0.06666666666666667 0.1076923076923077 
0.04075235109717868 0.05329153605015674 0.3072100313479624 0.4952978056426332 0.10344827586206896 
0.02529182879377432 0.06614785992217899 0.027237354085603113 0.8424124513618677 0.038910505836575876 
0.027777777777777776 0.8444444444444444 0.030555555555555555 0.06111111111111111 0.03611111111111111 
0.25301204819277107 0.20481927710843373 0.20481927710843373 0.1927710843373494 0.14457831325301204 
0.03939393939393939 0.09090909090909091 0.4212121212121212 0.3 0.1484848484848485 
0.12195121951219512 0.4268292682926829 0.13414634146341464 0.1951219512195122 0.12195121951219512 
0.04741379310344827 0.6681034482758621 0.06465517241379311 0.16810344827586207 0.05172413793103448 
0.07853403141361257 0.4869109947643979 0.08376963350785341 0.25654450261780104 0.09424083769633508 
0.01173512154233026 0.03604358759430008 0.02933780385582565 0.8960603520536463 0.026823134953897737 
0.14912280701754385 0.10526315789473684 0.14912280701754385 0.13157894736842105 0.4649122807017544 
0.025373134328358207 0.06119402985074627 0.7268656716417911 0.12835820895522387 0.058208955223880594 
0.7482758620689656 0.06896551724137931 0.04827586206896552 0.0896551724137931 0.04482758620689655 
0.027210884353741496 0.854875283446712 0.04081632653061224 0.03854875283446712 0.03854875283446712 
0.029411764705882353 0.11554621848739496 0.046218487394957986 0.7563025210084033 0.052521008403361345 
0.03825136612021858 0.5245901639344263 0.09836065573770492 0.2568306010928962 0.08196721311475409 
0.041791044776119404 0.08358208955223881 0.2865671641791045 0.48656716417910445 0.10149253731343283 
0.09411764705882353 0.15294117647058825 0.18235294117647058 0.45294117647058824 0.11764705882352941 
0.0963855421686747 0.10542168674698796 0.13855421686746988 0.1536144578313253 0.5060240963855421 
0.8226950354609929 0.0425531914893617 0.03546099290780142 0.03900709219858156 0.06028368794326241 
0.25925925925925924 0.1646090534979424 0.10699588477366255 0.2345679012345679 0.2345679012345679 
0.035578144853875476 0.062261753494282084 0.11689961880559085 0.10292249047013977 0.6823379923761118 
0.055232558139534885 0.10755813953488372 0.27325581395348836 0.45930232558139533 0.10465116279069768 
0.050666666666666665 0.68 0.08266666666666667 0.08266666666666667 0.104 
0.09876543209876543 0.10493827160493827 0.17901234567901234 0.4506172839506173 0.16666666666666666 
0.5966209081309398 0.054910242872228086 0.0675818373812038 0.046462513199577615 0.23442449841605068 
0.07168458781362007 0.1039426523297491 0.07526881720430108 0.1111111111111111 0.6379928315412187 
0.45180722891566266 0.05421686746987952 0.0783132530120482 0.10240963855421686 0.3132530120481928 
0.12048192771084337 0.3714859437751004 0.1686746987951807 0.10240963855421686 0.23694779116465864 
0.037549407114624504 0.6818181818181818 0.041501976284584984 0.0533596837944664 0.1857707509881423 
0.031407035175879394 0.2185929648241206 0.06909547738693467 0.4535175879396985 0.22738693467336685 
0.07295373665480427 0.0800711743772242 0.15302491103202848 0.6352313167259787 0.05871886120996441 
0.05223880597014925 0.08955223880597014 0.23880597014925373 0.4664179104477612 0.15298507462686567 
0.015561015561015561 0.8304668304668305 0.06552006552006552 0.054873054873054876 0.03357903357903358 
0.03926701570680628 0.12041884816753927 0.08115183246073299 0.6282722513089005 0.13089005235602094 
0.0849740932642487 0.389119170984456 0.17098445595854922 0.15492227979274611 0.2 
0.04665314401622718 0.6085192697768763 0.14198782961460446 0.10141987829614604 0.10141987829614604 
0.05370843989769821 0.09462915601023018 0.5728900255754475 0.10485933503836317 0.17391304347826086 
0.7771966527196653 0.029288702928870293 0.0397489539748954 0.036610878661087864 0.11715481171548117 
0.026362038664323375 0.7873462214411248 0.03866432337434095 0.0984182776801406 0.0492091388400703 
0.046218487394957986 0.12815126050420167 0.04201680672268908 0.7184873949579832 0.06512605042016807 
0.10204081632653061 0.5306122448979592 0.1326530612244898 0.11224489795918367 0.12244897959183673 
0.017137096774193547 0.034274193548387094 0.47681451612903225 0.3810483870967742 0.0907258064516129 
0.07194244604316546 0.08992805755395683 0.5863309352517986 0.13309352517985612 0.11870503597122302 
0.7076205287713841 0.05132192846034215 0.07620528771384137 0.049766718506998445 0.1150855365474339 
0.06535947712418301 0.5882352941176471 0.09803921568627451 0.1830065359477124 0.06535947712418301 
0.10784313725490197 0.5490196078431373 0.12745098039215685 0.11764705882352941 0.09803921568627451 
0.046263345195729534 0.1387900355871886 0.6797153024911032 0.08896797153024912 0.046263345195729534 
0.07746478873239436 0.4295774647887324 0.09859154929577464 0.23943661971830985 0.15492957746478872 
0.01001669449081803 0.2654424040066778 0.6986644407345576 0.014190317195325543 0.011686143572621035 
0.03571428571428571 0.5517857142857143 0.07678571428571429 0.10357142857142858 0.23214285714285715 
0.10909090909090909 0.10303030303030303 0.4666666666666667 0.1393939393939394 0.18181818181818182 
0.7719298245614035 0.0456140350877193 0.0456140350877193 0.08070175438596491 0.056140350877192984 
0.1883720930232558 0.08604651162790698 0.10697674418604651 0.14883720930232558 0.4697674418604651 
0.064 0.064 0.304 0.416 0.152 
0.11 0.57 0.1 0.11 0.11 
0.29484029484029484 0.257985257985258 0.07862407862407862 0.11547911547911548 0.25307125307125306 
0.09734513274336283 0.4911504424778761 0.084070796460177 0.15486725663716813 0.17256637168141592 
0.7194719471947195 0.0462046204620462 0.07260726072607261 0.10561056105610561 0.056105610561056105 
0.1072961373390558 0.4291845493562232 0.11158798283261803 0.2575107296137339 0.0944206008583691 
0.7166666666666667 0.06 0.05 0.06666666666666667 0.10666666666666667 
0.11261261261261261 0.13288288288288289 0.26576576576576577 0.17342342342342343 0.3153153153153153 
0.022565320665083134 0.040380047505938245 0.0332541567695962 0.055819477434679333 0.8479809976247031 
0.029850746268656716 0.09203980099502487 0.06467661691542288 0.736318407960199 0.07711442786069651 
0.05128205128205128 0.05555555555555555 0.1794871794871795 0.21367521367521367 0.5 
0.07589285714285714 0.6428571428571429 0.12946428571428573 0.05803571428571429 0.09375 
0.065 0.74 0.07 0.065 0.06 
0.0421455938697318 0.10344827586206896 0.26436781609195403 0.5134099616858238 0.07662835249042145 
0.28406275805119735 0.37985136251032203 0.07184145334434351 0.11560693641618497 0.1486374896779521 
0.45689655172413796 0.1853448275862069 0.125 0.10344827586206896 0.12931034482758622 
0.03827751196172249 0.38516746411483255 0.37559808612440193 0.16267942583732056 0.03827751196172249 
0.051347881899871634 0.0834403080872914 0.22593068035943517 0.5263157894736842 0.11296534017971759 
0.7275747508305648 0.046511627906976744 0.11627906976744186 0.06976744186046512 0.03986710963455149 
0.016129032258064516 0.4340175953079179 0.045454545454545456 0.46920821114369504 0.03519061583577713 
0.1828752642706131 0.28118393234672306 0.03276955602536998 0.4513742071881607 0.05179704016913319 
0.033170731707317075 0.10146341463414635 0.09853658536585366 0.5678048780487804 0.19902439024390245 
0.776595744680851 0.04964539007092199 0.09574468085106383 0.03900709219858156 0.03900709219858156 
0.8751660026560425 0.025232403718459494 0.0398406374501992 0.029216467463479414 0.03054448871181939 
0.024285714285714285 0.6714285714285714 0.027142857142857142 0.04285714285714286 0.2342857142857143 
0.09090909090909091 0.6033057851239669 0.09917355371900827 0.11570247933884298 0.09090909090909091 
0.051490514905149054 0.5582655826558266 0.0921409214092141 0.17073170731707318 0.12737127371273713 
0.021961932650073207 0.04538799414348463 0.739385065885798 0.13177159590043924 0.06149341142020498 
0.8395904436860068 0.04778156996587031 0.040955631399317405 0.03754266211604096 0.034129692832764506 
0.051771117166212535 0.05722070844686648 0.11171662125340599 0.2561307901907357 0.5231607629427792 
0.04744525547445255 0.07664233576642336 0.354014598540146 0.43795620437956206 0.08394160583941605 
0.010896898575020955 0.2564962279966471 0.7007544006705784 0.019279128248113998 0.012573344509639563 
0.012070566388115135 0.819870009285051 0.057567316620241414 0.0733519034354689 0.03714020427112349 
0.046153846153846156 0.8205128205128205 0.04871794871794872 0.04871794871794872 0.035897435897435895 
0.03819444444444445 0.8090277777777778 0.0625 0.052083333333333336 0.03819444444444445 
0.023668639053254437 0.7238658777120316 0.03155818540433925 0.05917159763313609 0.16173570019723865 
0.04174573055028463 0.1157495256166983 0.16129032258064516 0.6375711574952562 0.04364326375711575 
0.04009433962264151 0.06132075471698113 0.4410377358490566 0.37028301886792453 0.08726415094339622 
0.07142857142857142 0.2012987012987013 0.13636363636363635 0.42207792207792205 0.16883116883116883 
0.01889644746787604 0.04081632653061224 0.12471655328798185 0.07936507936507936 0.7362055933484505 
0.028358208955223882 0.31791044776119404 0.05223880597014925 0.04626865671641791 0.5552238805970149 
0.03357903357903358 0.13185913185913187 0.17772317772317772 0.12694512694512694 0.5298935298935299 
0.026717557251908396 0.03435114503816794 0.09541984732824428 0.799618320610687 0.04389312977099236 
0.06282722513089005 0.7277486910994765 0.06282722513089005 0.06282722513089005 0.08376963350785341 
0.38515901060070673 0.09540636042402827 0.17314487632508835 0.0636042402826855 0.2826855123674912 
0.815625 0.065625 0.034375 0.034375 0.05 
0.009306260575296108 0.24027072758037224 0.7225042301184433 0.01353637901861252 0.014382402707275803 
0.042704626334519574 0.13167259786476868 0.6797153024911032 0.09252669039145907 0.05338078291814947 
0.026728110599078342 0.37695852534562213 0.08018433179723503 0.4165898617511521 0.09953917050691244 
0.04411764705882353 0.678921568627451 0.061274509803921566 0.10784313725490197 0.10784313725490197 
0.06481481481481481 0.07716049382716049 0.1388888888888889 0.6728395061728395 0.046296296296296294 
0.1391941391941392 0.08791208791208792 0.3516483516483517 0.21978021978021978 0.20146520146520147 
0.009586578789694428 0.041941282204913125 0.5416417016177352 0.30317555422408626 0.10365488316357101 
0.046762589928057555 0.13309352517985612 0.6870503597122302 0.0683453237410072 0.06474820143884892 
0.12037037037037036 0.4351851851851852 0.1388888888888889 0.17592592592592593 0.12962962962962962 
0.02586206896551724 0.02442528735632184 0.40660919540229884 0.3936781609195402 0.14942528735632185 
0.8118466898954704 0.05226480836236934 0.05226480836236934 0.041811846689895474 0.041811846689895474 
0.0718954248366013 0.5882352941176471 0.09803921568627451 0.1437908496732026 0.09803921568627451 
0.048507462686567165 0.5 0.13059701492537312 0.22014925373134328 0.10074626865671642 
0.056022408963585436 0.5462184873949579 0.0784313725490196 0.08683473389355742 0.23249299719887956 
0.04050632911392405 0.6 0.08354430379746836 0.17215189873417722 0.10379746835443038 
0.024163568773234202 0.03903345724907063 0.09293680297397769 0.8029739776951673 0.040892193308550186 
0.07532467532467532 0.07272727272727272 0.5246753246753246 0.14285714285714285 0.18441558441558442 
0.036231884057971016 0.8152173913043478 0.04710144927536232 0.06159420289855073 0.03985507246376811 
0.026923076923076925 0.7865384615384615 0.03653846153846154 0.10576923076923077 0.04423076923076923 
0.058823529411764705 0.7647058823529411 0.06787330316742081 0.058823529411764705 0.049773755656108594 
0.039942938659058486 0.05135520684736091 0.3024251069900143 0.5278174037089871 0.07845934379457917 
0.04819277108433735 0.6867469879518072 0.04819277108433735 0.1566265060240964 0.060240963855421686 
0.315668202764977 0.1152073732718894 0.1889400921658986 0.14055299539170507 0.23963133640552994 
0.05726872246696035 0.09251101321585903 0.2555066079295154 0.42290748898678415 0.17180616740088106 
0.7526132404181185 0.041811846689895474 0.041811846689895474 0.059233449477351915 0.10452961672473868 
0.03926096997690531 0.7644341801385681 0.06697459584295612 0.06697459584295612 0.06235565819861432 
0.04428044280442804 0.12546125461254612 0.1070110701107011 0.6531365313653137 0.07011070110701106 
0.04696132596685083 0.5138121546961326 0.07734806629834254 0.27071823204419887 0.09116022099447514 
0.16535433070866143 0.12598425196850394 0.15748031496062992 0.4094488188976378 0.14173228346456693 
0.32954545454545453 0.12878787878787878 0.14393939393939395 0.20075757575757575 0.19696969696969696 
0.11386138613861387 0.06930693069306931 0.19801980198019803 0.14356435643564355 0.4752475247524752 
0.8206896551724138 0.04827586206896552 0.04482758620689655 0.04482758620689655 0.041379310344827586 
0.024725274725274724 0.8241758241758241 0.03708791208791209 0.034340659340659344 0.07967032967032966 
0.031665611146295125 0.578214059531349 0.09056364787840405 0.10829639012032932 0.19126029132362254 
0.054474708171206226 0.20881971465629054 0.19844357976653695 0.28793774319066145 0.2503242542153048 
0.32926829268292684 0.18292682926829268 0.12195121951219512 0.17073170731707318 0.1951219512195122 
