0.05475504322766571 0.0893371757925072 0.7002881844380403 0.09221902017291066 0.06340057636887608 
0.6590909090909091 0.09090909090909091 0.06818181818181818 0.12603305785123967 0.05578512396694215 
0.27607361963190186 0.26380368098159507 0.28165086447295035 0.1561628555493586 0.022308979364194088 
0.05813953488372093 0.8471760797342193 0.04817275747508306 0.026578073089700997 0.019933554817275746 
0.19202898550724637 0.22826086956521738 0.3188405797101449 0.21739130434782608 0.043478260869565216 
0.051587301587301584 0.04365079365079365 0.06349206349206349 0.051587301587301584 0.7896825396825397 
0.06735751295336788 0.04835924006908463 0.7184801381692574 0.1157167530224525 0.05008635578583765 
0.08753315649867374 0.13527851458885942 0.5039787798408488 0.21220159151193635 0.0610079575596817 
0.8712121212121212 0.045454545454545456 0.03333333333333333 0.031818181818181815 0.01818181818181818 
0.13186813186813187 0.2857142857142857 0.23626373626373626 0.27472527472527475 0.07142857142857142 
0.08620689655172414 0.6781609195402298 0.06896551724137931 0.08620689655172414 0.08045977011494253 
0.39267015706806285 0.17801047120418848 0.06282722513089005 0.2513089005235602 0.11518324607329843 
0.08517350157728706 0.13249211356466878 0.35962145110410093 0.31545741324921134 0.10725552050473186 
0.05517241379310345 0.6862068965517242 0.11724137931034483 0.05172413793103448 0.0896551724137931 
0.1484375 0.3541666666666667 0.1640625 0.2916666666666667 0.041666666666666664 
0.16981132075471697 0.5660377358490566 0.0880503144654088 0.1069182389937107 0.06918238993710692 
0.16369710467706014 0.1091314031180401 0.5567928730512249 0.08351893095768374 0.08685968819599109 
0.5016181229773463 0.05177993527508091 0.11650485436893204 0.23948220064724918 0.09061488673139159 
0.05220883534136546 0.040160642570281124 0.040160642570281124 0.08032128514056225 0.7871485943775101 
0.5328467153284672 0.0948905109489051 0.16058394160583941 0.10218978102189781 0.10948905109489052 
0.20029895366218237 0.10463378176382661 0.11659192825112108 0.5515695067264574 0.026905829596412557 
0.14602587800369685 0.16266173752310537 0.07486136783733827 0.5794824399260629 0.036968576709796676 
0.8434343434343434 0.045454545454545456 0.03872053872053872 0.04882154882154882 0.02356902356902357 
0.0351288056206089 0.8548009367681498 0.03981264637002342 0.0351288056206089 0.0351288056206089 
0.07969151670951156 0.08483290488431877 0.5526992287917738 0.17223650385604114 0.11053984575835475 
0.0972972972972973 0.3783783783783784 0.2810810810810811 0.11351351351351352 0.12972972972972974 
0.11428571428571428 0.09924812030075188 0.15639097744360902 0.5834586466165413 0.04661654135338346 
0.13186813186813187 0.0989010989010989 0.46153846153846156 0.15384615384615385 0.15384615384615385 
0.21328671328671328 0.10139860139860139 0.46153846153846156 0.1048951048951049 0.11888111888111888 
0.3176470588235294 0.13176470588235295 0.19294117647058823 0.14352941176470588 0.21411764705882352 
0.05154639175257732 0.4889543446244477 0.07511045655375552 0.36671575846833576 0.017673048600883652 
0.17039106145251395 0.3435754189944134 0.29608938547486036 0.13687150837988826 0.05307262569832402 
0.3333333333333333 0.4787234042553192 0.05673758865248227 0.07092198581560284 0.06028368794326241 
0.6380510440835266 0.07192575406032482 0.07888631090487239 0.15777262180974477 0.05336426914153132 
0.18661971830985916 0.09859154929577464 0.43661971830985913 0.19718309859154928 0.08098591549295775 
0.2788671023965142 0.06318082788671024 0.26143790849673204 0.2440087145969499 0.15250544662309368 
0.040697674418604654 0.06589147286821706 0.7034883720930233 0.12015503875968993 0.06976744186046512 
0.09352517985611511 0.7589928057553957 0.030575539568345324 0.09532374100719425 0.02158273381294964 
0.19271623672230653 0.0834597875569044 0.125948406676783 0.5705614567526556 0.027314112291350532 
0.5 0.2640449438202247 0.07865168539325842 0.08426966292134831 0.07303370786516854 
0.3951048951048951 0.17132867132867133 0.13636363636363635 0.08391608391608392 0.21328671328671328 
0.19148936170212766 0.13297872340425532 0.06382978723404255 0.5212765957446809 0.09042553191489362 
0.7361702127659574 0.09148936170212765 0.0425531914893617 0.1 0.029787234042553193 
0.09669211195928754 0.30279898218829515 0.4198473282442748 0.1297709923664122 0.05089058524173028 
0.11176470588235295 0.611764705882353 0.08823529411764706 0.10588235294117647 0.08235294117647059 
0.13128491620111732 0.329608938547486 0.3407821229050279 0.1564245810055866 0.04189944134078212 
0.056910569105691054 0.04878048780487805 0.052845528455284556 0.04065040650406504 0.8008130081300813 
0.11897590361445783 0.03313253012048193 0.03463855421686747 0.7650602409638554 0.04819277108433735 
0.0787037037037037 0.35185185185185186 0.09722222222222222 0.125 0.3472222222222222 
0.13043478260869565 0.3526570048309179 0.1570048309178744 0.3188405797101449 0.04106280193236715 
0.6260978670012547 0.06524466750313676 0.10664993726474278 0.15056461731493098 0.05144291091593475 
0.14772727272727273 0.5568181818181818 0.09090909090909091 0.09090909090909091 0.11363636363636363 
0.04285714285714286 0.8178571428571428 0.03571428571428571 0.04642857142857143 0.05714285714285714 
0.10601719197707736 0.7363896848137536 0.06303724928366762 0.04297994269340974 0.05157593123209169 
0.6259259259259259 0.07037037037037037 0.12222222222222222 0.11851851851851852 0.06296296296296296 
0.3108108108108108 0.28378378378378377 0.11486486486486487 0.14189189189189189 0.14864864864864866 
0.06598407281001138 0.055745164960182024 0.07394766780432309 0.7849829351535836 0.019340159271899887 
0.11596385542168675 0.10240963855421686 0.0677710843373494 0.6596385542168675 0.05421686746987952 
0.05 0.06428571428571428 0.07142857142857142 0.05 0.7642857142857142 
0.14214463840399003 0.5112219451371571 0.13466334164588528 0.13466334164588528 0.0773067331670823 
0.039897039897039896 0.8416988416988417 0.032175032175032175 0.07078507078507079 0.015444015444015444 
0.35051546391752575 0.12371134020618557 0.18556701030927836 0.15463917525773196 0.18556701030927836 
0.1276595744680851 0.4787234042553192 0.14893617021276595 0.1276595744680851 0.11702127659574468 
0.06177606177606178 0.06177606177606178 0.05405405405405406 0.04633204633204633 0.7760617760617761 
0.2197452229299363 0.05732484076433121 0.4840764331210191 0.1624203821656051 0.07643312101910828 
0.04411764705882353 0.05514705882352941 0.05514705882352941 0.051470588235294115 0.7941176470588235 
0.09050772626931568 0.5607064017660044 0.17880794701986755 0.1390728476821192 0.03090507726269316 
0.5923076923076923 0.11538461538461539 0.03461538461538462 0.12115384615384615 0.13653846153846153 
0.09976798143851508 0.4965197215777262 0.16009280742459397 0.19489559164733178 0.048723897911832945 
0.18326693227091634 0.5219123505976095 0.1394422310756972 0.08366533864541832 0.07171314741035857 
0.14022140221402213 0.1881918819188192 0.14022140221402213 0.45387453874538747 0.07749077490774908 
0.07911392405063292 0.06329113924050633 0.4936708860759494 0.18354430379746836 0.18037974683544303 
0.5928571428571429 0.08571428571428572 0.13214285714285715 0.10714285714285714 0.08214285714285714 
0.5491071428571429 0.10044642857142858 0.03125 0.09375 0.22544642857142858 
0.038461538461538464 0.841025641025641 0.04358974358974359 0.04871794871794872 0.028205128205128206 
0.6770833333333334 0.11805555555555555 0.05555555555555555 0.052083333333333336 0.09722222222222222 
0.7704697986577181 0.028187919463087248 0.036241610738255034 0.1476510067114094 0.0174496644295302 
0.503030303030303 0.10909090909090909 0.14545454545454545 0.15151515151515152 0.09090909090909091 
0.5058139534883721 0.24224806201550386 0.040697674418604654 0.17054263565891473 0.040697674418604654 
0.03233256351039261 0.03926096997690531 0.025404157043879907 0.8660508083140878 0.03695150115473441 
0.8731218697829716 0.028380634390651086 0.03672787979966611 0.03672787979966611 0.025041736227045076 
0.03914590747330961 0.46619217081850534 0.03914590747330961 0.05693950177935943 0.398576512455516 
0.47337278106508873 0.16173570019723865 0.08875739644970414 0.17751479289940827 0.09861932938856016 
0.7729831144465291 0.11632270168855535 0.024390243902439025 0.058161350844277676 0.028142589118198873 
0.12033195020746888 0.7012448132780082 0.04564315352697095 0.06639004149377593 0.06639004149377593 
0.6640106241699867 0.17264276228419656 0.043824701195219126 0.07835325365205843 0.041168658698539175 
0.1546875 0.525 0.165625 0.10625 0.0484375 
0.7668329177057357 0.028678304239401497 0.026184538653366583 0.16084788029925187 0.017456359102244388 
0.5785036880927292 0.0779768177028451 0.1917808219178082 0.12750263435194942 0.02423603793466807 
0.052222222222222225 0.044444444444444446 0.8066666666666666 0.07444444444444444 0.022222222222222223 
0.08521303258145363 0.7192982456140351 0.07518796992481203 0.07518796992481203 0.045112781954887216 
0.39456869009584666 0.4217252396166134 0.04952076677316294 0.0670926517571885 0.0670926517571885 
0.046052631578947366 0.850328947368421 0.05098684210526316 0.027960526315789474 0.024671052631578948 
0.11335012594458438 0.32997481108312343 0.4156171284634761 0.10327455919395466 0.037783375314861464 
0.1571627260083449 0.655076495132128 0.07162726008344923 0.09109874826147427 0.025034770514603615 
0.11355311355311355 0.5384615384615384 0.11355311355311355 0.18681318681318682 0.047619047619047616 
0.9032527105921602 0.02585487906588824 0.02835696413678065 0.03252710592160134 0.010008340283569641 
0.5551181102362205 0.0531496062992126 0.045275590551181105 0.2933070866141732 0.0531496062992126 
0.04827586206896552 0.03793103448275862 0.05862068965517241 0.1103448275862069 0.7448275862068966 
0.19198312236286919 0.04008438818565401 0.06540084388185655 0.6708860759493671 0.03164556962025317 
0.5698447893569845 0.14855875831485588 0.09534368070953436 0.13747228381374724 0.04878048780487805 
0.08026030368763558 0.44685466377440347 0.1735357917570499 0.27765726681127983 0.021691973969631236 
0.24703087885985747 0.07600950118764846 0.2042755344418052 0.4014251781472684 0.07125890736342043 
0.25547445255474455 0.10218978102189781 0.1435523114355231 0.44282238442822386 0.05596107055961071 
0.07782101167315175 0.26653696498054474 0.48443579766536965 0.14396887159533073 0.027237354085603113 
0.09401709401709402 0.06837606837606838 0.03561253561253561 0.7777777777777778 0.024216524216524215 
0.1011764705882353 0.1223529411764706 0.14588235294117646 0.5317647058823529 0.0988235294117647 
0.4238310708898944 0.04524886877828054 0.07088989441930618 0.22021116138763197 0.2398190045248869 
0.17793594306049823 0.25622775800711745 0.30604982206405695 0.21708185053380782 0.042704626334519574 
0.1734820322180917 0.4653035935563817 0.13382899628252787 0.21313506815365552 0.014250309789343246 
0.08833922261484099 0.053003533568904596 0.06713780918727916 0.04946996466431095 0.7420494699646644 
0.059880239520958084 0.6586826347305389 0.11976047904191617 0.0718562874251497 0.08982035928143713 
0.26424870466321243 0.08031088082901554 0.43523316062176165 0.14507772020725387 0.07512953367875648 
0.12931034482758622 0.7025862068965517 0.0603448275862069 0.0603448275862069 0.04741379310344827 
0.13615023474178403 0.4084507042253521 0.28169014084507044 0.107981220657277 0.06572769953051644 
0.06859205776173286 0.6245487364620939 0.12274368231046931 0.06859205776173286 0.11552346570397112 
0.07729468599033816 0.6714975845410628 0.11594202898550725 0.07246376811594203 0.06280193236714976 
0.5913312693498453 0.0804953560371517 0.04024767801857585 0.24458204334365324 0.043343653250773995 
0.7705544933078394 0.0994263862332696 0.036328871892925434 0.06692160611854685 0.02676864244741874 
0.03713527851458886 0.8620689655172413 0.03183023872679045 0.03183023872679045 0.03713527851458886 
0.23529411764705882 0.18823529411764706 0.1411764705882353 0.17647058823529413 0.25882352941176473 
0.5791044776119403 0.08955223880597014 0.050746268656716415 0.21194029850746268 0.06865671641791045 
0.13580246913580246 0.4444444444444444 0.16049382716049382 0.13580246913580246 0.12345679012345678 
0.13839285714285715 0.6696428571428571 0.05357142857142857 0.07142857142857142 0.06696428571428571 
0.20103092783505155 0.520618556701031 0.08247422680412371 0.061855670103092786 0.13402061855670103 
0.8949579831932774 0.02773109243697479 0.034453781512605045 0.03277310924369748 0.010084033613445379 
0.13445378151260504 0.14285714285714285 0.14285714285714285 0.46218487394957986 0.11764705882352941 
0.7253731343283583 0.1328358208955224 0.07164179104477612 0.05373134328358209 0.016417910447761194 
0.07954545454545454 0.06818181818181818 0.05303030303030303 0.04924242424242424 0.75 
0.034482758620689655 0.8577586206896551 0.034482758620689655 0.036637931034482756 0.036637931034482756 
0.6181434599156118 0.14978902953586498 0.046413502109704644 0.1518987341772152 0.03375527426160337 
0.25069637883008355 0.46518105849582175 0.13370473537604458 0.09192200557103064 0.0584958217270195 
0.6350574712643678 0.10057471264367816 0.04597701149425287 0.14942528735632185 0.06896551724137931 
0.3275862068965517 0.26436781609195403 0.14367816091954022 0.10919540229885058 0.15517241379310345 
0.12962962962962962 0.10802469135802469 0.27469135802469136 0.404320987654321 0.08333333333333333 
0.05058365758754864 0.05058365758754864 0.0933852140077821 0.054474708171206226 0.7509727626459144 
0.1471861471861472 0.14285714285714285 0.4675324675324675 0.16017316017316016 0.08225108225108226 
0.12532299741602068 0.08397932816537468 0.03359173126614987 0.7338501291989664 0.023255813953488372 
0.49404761904761907 0.15178571428571427 0.08630952380952381 0.09226190476190477 0.17559523809523808 
0.06775067750677506 0.6693766937669376 0.07588075880758807 0.13821138211382114 0.04878048780487805 
0.3515151515151515 0.10303030303030303 0.12121212121212122 0.30303030303030304 0.12121212121212122 
0.045300113250283124 0.03397508493771234 0.8187995469988675 0.06795016987542468 0.03397508493771234 
0.14814814814814814 0.0962962962962963 0.09259259259259259 0.6037037037037037 0.05925925925925926 
0.0736196319018405 0.05521472392638037 0.5460122699386503 0.2822085889570552 0.04294478527607362 
0.10547667342799188 0.37322515212981744 0.332657200811359 0.07099391480730223 0.11764705882352941 
0.044897959183673466 0.5428571428571428 0.04897959183673469 0.33877551020408164 0.024489795918367346 
0.2770012706480305 0.24650571791613723 0.0698856416772554 0.3697585768742058 0.036848792884371026 
0.3817204301075269 0.16129032258064516 0.10931899641577061 0.06989247311827956 0.2777777777777778 
0.5306859205776173 0.1299638989169675 0.07220216606498195 0.19494584837545126 0.07220216606498195 
0.10198789974070872 0.8115816767502161 0.03975799481417459 0.036300777873811585 0.010371650821089023 
0.5283505154639175 0.17525773195876287 0.03865979381443299 0.20618556701030927 0.05154639175257732 
0.23623730625334047 0.34313201496525925 0.19241047568145378 0.21004810261892037 0.018172100481026188 
0.08163265306122448 0.6387755102040816 0.11836734693877551 0.11428571428571428 0.04693877551020408 
0.4765625 0.08072916666666667 0.1875 0.17708333333333334 0.078125 
0.03707742639040349 0.03598691384950927 0.7938931297709924 0.11450381679389313 0.018538713195201745 
0.14608695652173914 0.7582608695652174 0.03130434782608696 0.04521739130434783 0.019130434782608695 
0.5949367088607594 0.16244725738396623 0.03164556962025317 0.16244725738396623 0.04852320675105485 
0.13725490196078433 0.5196078431372549 0.11764705882352941 0.10784313725490197 0.11764705882352941 
0.7655453618756372 0.03873598369011213 0.03058103975535168 0.14067278287461774 0.024464831804281346 
0.3576388888888889 0.2361111111111111 0.059027777777777776 0.12152777777777778 0.22569444444444445 
0.04100946372239748 0.03470031545741325 0.8264984227129337 0.04889589905362776 0.04889589905362776 
0.13071895424836602 0.6405228758169934 0.0718954248366013 0.0915032679738562 0.06535947712418301 
0.09433962264150944 0.5849056603773585 0.09433962264150944 0.12264150943396226 0.10377358490566038 
0.16723549488054607 0.09556313993174062 0.04778156996587031 0.05802047781569966 0.6313993174061433 
0.2 0.4642857142857143 0.1 0.14285714285714285 0.09285714285714286 
0.038461538461538464 0.9205685618729097 0.01254180602006689 0.019230769230769232 0.00919732441471572 
0.16279069767441862 0.47942754919499103 0.25402504472271914 0.06797853309481217 0.03577817531305903 
0.29545454545454547 0.24431818181818182 0.07386363636363637 0.125 0.26136363636363635 
0.0830188679245283 0.07924528301886792 0.045283018867924525 0.052830188679245285 0.7396226415094339 
0.1357142857142857 0.07142857142857142 0.4 0.27380952380952384 0.11904761904761904 
0.6053639846743295 0.08045977011494253 0.0842911877394636 0.1532567049808429 0.07662835249042145 
0.1262135922330097 0.5728155339805825 0.0970873786407767 0.10679611650485436 0.0970873786407767 
0.11407766990291263 0.24029126213592233 0.49514563106796117 0.11407766990291263 0.03640776699029126 
0.12093023255813953 0.42790697674418604 0.3023255813953488 0.08372093023255814 0.06511627906976744 
0.09747292418772563 0.06498194945848375 0.039711191335740074 0.061371841155234655 0.7364620938628159 
0.19313304721030042 0.4678111587982833 0.12446351931330472 0.1351931330472103 0.07939914163090128 
0.05818181818181818 0.04 0.04 0.10909090909090909 0.7527272727272727 
0.33181818181818185 0.09772727272727273 0.3159090909090909 0.2159090909090909 0.038636363636363635 
0.04151404151404151 0.05616605616605617 0.05128205128205128 0.8266178266178266 0.02442002442002442 
0.6974358974358974 0.12564102564102564 0.04871794871794872 0.1 0.028205128205128206 
0.225 0.08333333333333333 0.06666666666666667 0.5333333333333333 0.09166666666666666 
0.06086956521739131 0.6826086956521739 0.09130434782608696 0.09130434782608696 0.07391304347826087 
0.04739336492890995 0.7772511848341233 0.06635071090047394 0.061611374407582936 0.04739336492890995 
0.6577946768060836 0.06844106463878327 0.09885931558935361 0.12927756653992395 0.045627376425855515 
0.06796941376380629 0.34069668649107904 0.45284621920135937 0.10875106202209006 0.029736618521665252 
0.1013215859030837 0.12334801762114538 0.5022026431718062 0.17180616740088106 0.1013215859030837 
0.15609756097560976 0.36585365853658536 0.03414634146341464 0.02926829268292683 0.4146341463414634 
0.6261558784676354 0.09379128137384413 0.12417437252311757 0.12813738441215325 0.02774108322324967 
0.1003584229390681 0.05017921146953405 0.04659498207885305 0.06810035842293907 0.7347670250896058 
0.43796711509715996 0.4170403587443946 0.03587443946188341 0.05829596412556054 0.05082212257100149 
0.28678839957035446 0.3372717508055854 0.06659505907626208 0.05477980665950591 0.2545649838882922 
0.18968871595330739 0.1264591439688716 0.10116731517509728 0.5496108949416343 0.033073929961089495 
0.0625 0.06640625 0.04296875 0.04296875 0.78515625 
0.02745664739884393 0.030346820809248554 0.8973988439306358 0.024566473988439308 0.02023121387283237 
0.044182621502209134 0.48748159057437407 0.07952871870397643 0.36082474226804123 0.027982326951399118 
0.0967741935483871 0.6048387096774194 0.10483870967741936 0.08064516129032258 0.11290322580645161 
0.12813370473537605 0.5459610027855153 0.10027855153203342 0.1894150417827298 0.036211699164345405 
0.7225519287833828 0.13501483679525222 0.06973293768545995 0.057863501483679525 0.01483679525222552 
0.041044776119402986 0.05223880597014925 0.1417910447761194 0.048507462686567165 0.7164179104477612 
0.2949438202247191 0.056179775280898875 0.07303370786516854 0.5056179775280899 0.0702247191011236 
0.7232472324723247 0.07380073800738007 0.05904059040590406 0.08856088560885608 0.055350553505535055 
0.03919933277731443 0.902418682235196 0.021684737281067557 0.026688907422852376 0.010008340283569641 
0.10700757575757576 0.7982954545454546 0.04450757575757576 0.036931818181818184 0.013257575757575758 
0.03694581280788178 0.8349753694581281 0.059113300492610835 0.03694581280788178 0.03201970443349754 
0.06206896551724138 0.8137931034482758 0.04482758620689655 0.034482758620689655 0.04482758620689655 
0.04285714285714286 0.5448979591836735 0.0673469387755102 0.32448979591836735 0.02040816326530612 
0.5557692307692308 0.19423076923076923 0.032692307692307694 0.06153846153846154 0.15576923076923077 
0.5819070904645477 0.039119804400977995 0.04156479217603912 0.15892420537897312 0.1784841075794621 
0.44871794871794873 0.14743589743589744 0.1282051282051282 0.19230769230769232 0.08333333333333333 
0.08728943338437979 0.04211332312404288 0.07274119448698316 0.7817764165390505 0.016079632465543645 
0.04888888888888889 0.25333333333333335 0.5096296296296297 0.16148148148148148 0.02666666666666667 
0.20426579163248565 0.1443806398687449 0.17309269893355209 0.4561115668580804 0.022149302707136997 
0.8349328214971209 0.04030710172744722 0.05566218809980806 0.0345489443378119 0.0345489443378119 
0.0625 0.765625 0.057291666666666664 0.0625 0.052083333333333336 
0.08396946564885496 0.11450381679389313 0.5877862595419847 0.12595419847328243 0.08778625954198473 
0.03436426116838488 0.058419243986254296 0.1134020618556701 0.044673539518900345 0.7491408934707904 
0.05480607082630692 0.9047217537942664 0.011804384485666104 0.016863406408094434 0.011804384485666104 
0.15699658703071673 0.11604095563139932 0.040955631399317405 0.06484641638225255 0.621160409556314 
0.3591417910447761 0.4207089552238806 0.061567164179104475 0.125 0.033582089552238806 
0.050724637681159424 0.7270531400966184 0.07729468599033816 0.10628019323671498 0.03864734299516908 
0.56875 0.18125 0.059375 0.059375 0.13125 
0.3772893772893773 0.07326007326007326 0.09523809523809523 0.17582417582417584 0.2783882783882784 
0.4701946472019465 0.06630170316301703 0.02737226277372263 0.10158150851581509 0.33454987834549876 
0.12152777777777778 0.13541666666666666 0.05555555555555555 0.07291666666666667 0.6145833333333334 
0.17699115044247787 0.415929203539823 0.13274336283185842 0.12389380530973451 0.1504424778761062 
0.7254038179148311 0.04552129221732746 0.03524229074889868 0.13509544787077826 0.05873715124816446 
0.03787878787878788 0.045454545454545456 0.10227272727272728 0.06439393939393939 0.75 
0.1503267973856209 0.6013071895424836 0.0718954248366013 0.10457516339869281 0.0718954248366013 
0.35315985130111527 0.4758364312267658 0.03717472118959108 0.07806691449814127 0.055762081784386616 
0.09943181818181818 0.42045454545454547 0.1903409090909091 0.25 0.03977272727272727 
0.13756613756613756 0.5396825396825397 0.08994708994708994 0.19047619047619047 0.042328042328042326 
0.8134328358208955 0.04291044776119403 0.05970149253731343 0.048507462686567165 0.03544776119402985 
0.4296875 0.0703125 0.12760416666666666 0.3229166666666667 0.049479166666666664 
0.04693140794223827 0.8267148014440433 0.04332129963898917 0.039711191335740074 0.04332129963898917 
0.14150943396226415 0.7754716981132076 0.02830188679245283 0.035849056603773584 0.018867924528301886 
0.05531914893617021 0.7702127659574468 0.06382978723404255 0.06382978723404255 0.04680851063829787 
0.765625 0.045454545454545456 0.09090909090909091 0.052556818181818184 0.045454545454545456 
0.09623430962343096 0.698744769874477 0.05439330543933055 0.09623430962343096 0.05439330543933055 
0.15825688073394495 0.20871559633027523 0.22477064220183487 0.22018348623853212 0.18807339449541285 
0.5903083700440529 0.09251101321585903 0.08370044052863436 0.14096916299559473 0.09251101321585903 
0.05639097744360902 0.041353383458646614 0.03759398496240601 0.11278195488721804 0.7518796992481203 
0.0763888888888889 0.7407407407407407 0.05324074074074074 0.09722222222222222 0.032407407407407406 
0.678030303030303 0.13636363636363635 0.05303030303030303 0.09090909090909091 0.041666666666666664 
0.22191011235955055 0.547752808988764 0.09550561797752809 0.08426966292134831 0.05056179775280899 
0.384 0.184 0.128 0.184 0.12 
0.1685823754789272 0.13026819923371646 0.42911877394636017 0.19157088122605365 0.08045977011494253 
0.13612565445026178 0.07853403141361257 0.1099476439790576 0.2617801047120419 0.41361256544502617 
0.04150943396226415 0.05660377358490566 0.06037735849056604 0.04150943396226415 0.8 
0.03571428571428571 0.8475274725274725 0.03296703296703297 0.06456043956043957 0.019230769230769232 
0.1328125 0.53125 0.21875 0.10481770833333333 0.012369791666666666 
0.3355614973262032 0.22192513368983957 0.2018716577540107 0.18716577540106952 0.053475935828877004 
0.12280701754385964 0.15204678362573099 0.5555555555555556 0.09941520467836257 0.07017543859649122 
