0.12680115273775217 0.6080691642651297 0.11527377521613832 0.05763688760806916 0.09221902017291066 
0.07851239669421488 0.045454545454545456 0.14256198347107438 0.6466942148760331 0.08677685950413223 
0.11433351924149471 0.04294478527607362 0.22364751812604575 0.2381483547127719 0.3809258226436141 
0.07641196013289037 0.019933554817275746 0.019933554817275746 0.03322259136212625 0.8504983388704319 
0.14130434782608695 0.06159420289855073 0.16666666666666666 0.1956521739130435 0.43478260869565216 
0.05555555555555555 0.7658730158730159 0.06349206349206349 0.06746031746031746 0.047619047619047616 
0.1226252158894646 0.5716753022452504 0.13126079447322972 0.1001727115716753 0.07426597582037997 
0.27320954907161804 0.3448275862068966 0.17506631299734748 0.07427055702917772 0.13262599469496023 
0.045454545454545456 0.016666666666666666 0.051515151515151514 0.7833333333333333 0.10303030303030303 
0.24175824175824176 0.15384615384615385 0.16483516483516483 0.17582417582417584 0.26373626373626374 
0.13793103448275862 0.06896551724137931 0.06321839080459771 0.08045977011494253 0.6494252873563219 
0.09424083769633508 0.06282722513089005 0.2617801047120419 0.4083769633507853 0.17277486910994763 
0.2555205047318612 0.1861198738170347 0.2996845425867508 0.08517350157728706 0.17350157728706625 
0.15517241379310345 0.05517241379310345 0.041379310344827586 0.06206896551724138 0.6862068965517242 
0.3958333333333333 0.044270833333333336 0.14322916666666666 0.14322916666666666 0.2734375 
0.07547169811320754 0.06918238993710692 0.09433962264150944 0.13836477987421383 0.6226415094339622 
0.6726057906458798 0.0556792873051225 0.10467706013363029 0.1091314031180401 0.05790645879732739 
0.13915857605177995 0.08737864077669903 0.26537216828478966 0.4401294498381877 0.06796116504854369 
0.04417670682730924 0.7630522088353414 0.08032128514056225 0.05622489959839357 0.05622489959839357 
0.20437956204379562 0.13138686131386862 0.10218978102189781 0.46715328467153283 0.0948905109489051 
0.12855007473841554 0.04932735426008968 0.4469357249626308 0.25112107623318386 0.12406576980568013 
0.1414048059149723 0.026802218114602587 0.5859519408502772 0.08964879852125693 0.15619223659889095 
0.058922558922558925 0.026936026936026935 0.06565656565656566 0.803030303030303 0.045454545454545456 
0.06557377049180328 0.02576112412177986 0.03747072599531616 0.03747072599531616 0.8337236533957846 
0.16452442159383032 0.5089974293059126 0.17480719794344474 0.07197943444730077 0.07969151670951156 
0.31351351351351353 0.11351351351351352 0.12432432432432433 0.08648648648648649 0.3621621621621622 
0.18045112781954886 0.061654135338345864 0.5142857142857142 0.14736842105263157 0.0962406015037594 
0.24175824175824176 0.3626373626373626 0.19230769230769232 0.12637362637362637 0.07692307692307693 
0.22377622377622378 0.36363636363636365 0.13636363636363635 0.15034965034965034 0.1258741258741259 
0.17176470588235293 0.08705882352941176 0.1388235294117647 0.48470588235294115 0.11764705882352941 
0.05743740795287187 0.027982326951399118 0.1796759941089838 0.050073637702503684 0.6848306332842415 
0.4776536312849162 0.05027932960893855 0.1005586592178771 0.11173184357541899 0.25977653631284914 
0.06382978723404255 0.0425531914893617 0.0673758865248227 0.25177304964539005 0.574468085106383 
0.09976798143851508 0.04408352668213457 0.11832946635730858 0.617169373549884 0.12064965197215777 
0.28169014084507044 0.176056338028169 0.2605633802816901 0.1619718309859155 0.11971830985915492 
0.15468409586056645 0.10675381263616558 0.477124183006536 0.1503267973856209 0.1111111111111111 
0.12015503875968993 0.6492248062015504 0.10077519379844961 0.060077519379844964 0.06976744186046512 
0.030575539568345324 0.019784172661870502 0.03237410071942446 0.12410071942446044 0.7931654676258992 
0.16995447647951442 0.06828528072837632 0.5220030349013657 0.18209408194233687 0.057663125948406675 
0.07865168539325842 0.08426966292134831 0.10674157303370786 0.4157303370786517 0.3146067415730337 
0.5874125874125874 0.04895104895104895 0.07692307692307693 0.16083916083916083 0.1258741258741259 
0.10106382978723404 0.06914893617021277 0.4734042553191489 0.25 0.10638297872340426 
0.05106382978723404 0.036170212765957444 0.1148936170212766 0.7021276595744681 0.09574468085106383 
0.5267175572519084 0.0737913486005089 0.09669211195928754 0.05597964376590331 0.24681933842239187 
0.10588235294117647 0.06470588235294118 0.11764705882352941 0.08235294117647059 0.6294117647058823 
0.49441340782122906 0.0446927374301676 0.10335195530726257 0.10335195530726257 0.2541899441340782 
0.04878048780487805 0.7723577235772358 0.06097560975609756 0.06097560975609756 0.056910569105691054 
0.061746987951807226 0.025602409638554216 0.7650602409638554 0.09939759036144578 0.04819277108433735 
0.11574074074074074 0.12962962962962962 0.08796296296296297 0.1111111111111111 0.5555555555555556 
0.427536231884058 0.04830917874396135 0.10628019323671498 0.15217391304347827 0.26570048309178745 
0.09159347553324969 0.06148055207026349 0.1806775407779172 0.6110414052697616 0.05520702634880803 
0.08522727272727272 0.07386363636363637 0.07386363636363637 0.1875 0.5795454545454546 
0.05357142857142857 0.04642857142857143 0.05714285714285714 0.05714285714285714 0.7857142857142857 
0.07163323782234957 0.03724928366762178 0.054441260744985676 0.10601719197707736 0.7306590257879656 
0.10740740740740741 0.08148148148148149 0.1 0.6148148148148148 0.0962962962962963 
0.18243243243243243 0.12162162162162163 0.12162162162162163 0.31756756756756754 0.25675675675675674 
0.10466439135381114 0.03185437997724687 0.764505119453925 0.03981797497155859 0.05915813424345848 
0.11746987951807229 0.04819277108433735 0.6460843373493976 0.10391566265060241 0.08433734939759036 
0.06785714285714285 0.7464285714285714 0.06428571428571428 0.05714285714285714 0.06428571428571428 
0.1770573566084788 0.05236907730673317 0.08728179551122195 0.13216957605985039 0.5511221945137157 
0.04247104247104247 0.02445302445302445 0.05019305019305019 0.03474903474903475 0.8481338481338482 
0.17525773195876287 0.14432989690721648 0.14432989690721648 0.3402061855670103 0.1958762886597938 
0.14893617021276595 0.13829787234042554 0.11702127659574468 0.10638297872340426 0.48936170212765956 
0.09266409266409266 0.7683397683397684 0.04633204633204633 0.04633204633204633 0.04633204633204633 
0.5573248407643312 0.050955414012738856 0.15286624203821655 0.18789808917197454 0.050955414012738856 
0.051470588235294115 0.7573529411764706 0.08088235294117647 0.058823529411764705 0.051470588235294115 
0.141280353200883 0.06622516556291391 0.09271523178807947 0.08167770419426049 0.6181015452538632 
0.06538461538461539 0.025 0.23846153846153847 0.5711538461538461 0.1 
0.11136890951276102 0.07192575406032482 0.18097447795823665 0.12064965197215777 0.5150812064965197 
0.11952191235059761 0.07569721115537849 0.055776892430278883 0.20318725099601595 0.545816733067729 
0.17712177121771217 0.12546125461254612 0.4132841328413284 0.12177121771217712 0.16236162361623616 
0.14240506329113925 0.43670886075949367 0.20253164556962025 0.11392405063291139 0.10443037974683544 
0.09285714285714286 0.07142857142857142 0.4857142857142857 0.25357142857142856 0.09642857142857143 
0.05133928571428571 0.03794642857142857 0.234375 0.5959821428571429 0.08035714285714286 
0.06666666666666667 0.035897435897435895 0.038461538461538464 0.04358974358974359 0.8153846153846154 
0.3229166666666667 0.04513888888888889 0.0763888888888889 0.4652777777777778 0.09027777777777778 
0.042953020134228186 0.021476510067114093 0.1261744966442953 0.7731543624161074 0.036241610738255034 
0.13333333333333333 0.12121212121212122 0.13333333333333333 0.4909090909090909 0.12121212121212122 
0.11627906976744186 0.03875968992248062 0.15503875968992248 0.5038759689922481 0.18604651162790697 
0.057736720554272515 0.023094688221709007 0.8568129330254042 0.02771362586605081 0.03464203233256351 
0.06010016694490818 0.025041736227045076 0.041736227045075125 0.8380634390651085 0.035058430717863104 
0.08896797153024912 0.3665480427046263 0.060498220640569395 0.05338078291814947 0.4306049822064057 
0.2938856015779093 0.045364891518737675 0.14003944773175542 0.39644970414201186 0.1242603550295858 
0.03564727954971857 0.020637898686679174 0.06191369606003752 0.7354596622889306 0.14634146341463414 
0.08298755186721991 0.06639004149377593 0.06224066390041494 0.08298755186721991 0.7053941908713693 
0.14741035856573706 0.029216467463479414 0.0650730411686587 0.5922974767596282 0.16600265604249667 
0.1796875 0.103125 0.06875 0.1390625 0.509375 
0.028678304239401497 0.016209476309226933 0.14089775561097256 0.7830423940149626 0.03117206982543641 
0.17597471022128555 0.10853530031612224 0.13593256059009484 0.5184404636459431 0.06111696522655427 
0.09444444444444444 0.6422222222222222 0.09444444444444444 0.058888888888888886 0.11 
0.2556390977443609 0.047619047619047616 0.06015037593984962 0.09774436090225563 0.5388471177944862 
0.04472843450479233 0.02875399361022364 0.07188498402555911 0.4233226837060703 0.43130990415335463 
0.0756578947368421 0.023026315789473683 0.02138157894736842 0.03453947368421053 0.8453947368421053 
0.473551637279597 0.07808564231738035 0.11586901763224182 0.07808564231738035 0.25440806045340053 
0.31154381084840055 0.015299026425591099 0.0702364394993046 0.13630041724617525 0.4666203059805285 
0.21978021978021978 0.0695970695970696 0.1684981684981685 0.0989010989010989 0.4432234432234432 
0.03419516263552961 0.013344453711426188 0.05421184320266889 0.8657214345287739 0.03252710592160134 
0.06299212598425197 0.04133858267716536 0.2795275590551181 0.5531496062992126 0.06299212598425197 
0.041379310344827586 0.6862068965517242 0.13793103448275862 0.07586206896551724 0.05862068965517241 
0.04535864978902954 0.017932489451476793 0.6635021097046413 0.20569620253164558 0.06751054852320675 
0.06430155210643015 0.04212860310421286 0.1662971175166297 0.5565410199556541 0.17073170731707318 
0.19305856832971802 0.0455531453362256 0.1279826464208243 0.09544468546637744 0.5379609544468547 
0.22802850356294538 0.10451306413301663 0.3919239904988123 0.171021377672209 0.10451306413301663 
0.17518248175182483 0.043795620437956206 0.3333333333333333 0.21654501216545013 0.23114355231143552 
0.5700389105058365 0.02529182879377432 0.12840466926070038 0.06614785992217899 0.21011673151750973 
0.09259259259259259 0.03561253561253561 0.7535612535612536 0.07977207977207977 0.038461538461538464 
0.15058823529411763 0.09176470588235294 0.5858823529411765 0.08235294117647059 0.08941176470588236 
0.05731523378582202 0.042232277526395176 0.49019607843137253 0.37104072398190047 0.0392156862745098 
0.10676156583629894 0.07473309608540925 0.16370106761565836 0.18861209964412812 0.46619217081850534 
0.14312267657992564 0.019206939281288724 0.1771995043370508 0.17534076827757125 0.4851301115241636 
0.09187279151943463 0.7243816254416962 0.05653710247349823 0.08480565371024736 0.04240282685512368 
0.12574850299401197 0.08982035928143713 0.0718562874251497 0.08383233532934131 0.6287425149700598 
0.40932642487046633 0.10621761658031088 0.17875647668393782 0.20466321243523317 0.10103626943005181 
0.07327586206896551 0.0603448275862069 0.05603448275862069 0.10775862068965517 0.7025862068965517 
0.4272300469483568 0.056338028169014086 0.11737089201877934 0.07981220657276995 0.3192488262910798 
0.11913357400722022 0.05415162454873646 0.04332129963898917 0.06859205776173286 0.7148014440433214 
0.12560386473429952 0.08695652173913043 0.0821256038647343 0.07246376811594203 0.6328502415458938 
0.03715170278637771 0.03715170278637771 0.20123839009287925 0.653250773993808 0.07120743034055728 
0.04397705544933078 0.022944550669216062 0.07839388145315487 0.7189292543021033 0.13575525812619502 
0.050397877984084884 0.026525198938992044 0.03978779840848806 0.03978779840848806 0.843501326259947 
0.1411764705882353 0.23529411764705882 0.2 0.2235294117647059 0.2 
0.09850746268656717 0.04776119402985075 0.1701492537313433 0.582089552238806 0.10149253731343283 
0.18518518518518517 0.13580246913580246 0.12345679012345678 0.16049382716049382 0.3950617283950617 
0.11160714285714286 0.049107142857142856 0.05357142857142857 0.15178571428571427 0.6339285714285714 
0.11855670103092783 0.07731958762886598 0.06701030927835051 0.14948453608247422 0.5876288659793815 
0.029411764705882353 0.013445378151260505 0.043697478991596636 0.8705882352941177 0.04285714285714286 
0.11764705882352941 0.15126050420168066 0.44537815126050423 0.15966386554621848 0.12605042016806722 
0.10149253731343283 0.026865671641791045 0.058208955223880594 0.6686567164179105 0.14477611940298507 
0.07196969696969698 0.7310606060606061 0.041666666666666664 0.09848484848484848 0.056818181818181816 
0.05818965517241379 0.03017241379310345 0.034482758620689655 0.023706896551724137 0.853448275862069 
0.05485232067510549 0.05907172995780591 0.12236286919831224 0.5843881856540084 0.17932489451476794 
0.5264623955431755 0.033426183844011144 0.07799442896935933 0.15877437325905291 0.20334261838440112 
0.09770114942528736 0.040229885057471264 0.13218390804597702 0.632183908045977 0.09770114942528736 
0.13793103448275862 0.09770114942528736 0.09770114942528736 0.45977011494252873 0.20689655172413793 
0.16358024691358025 0.1419753086419753 0.4506172839506173 0.14814814814814814 0.09567901234567901 
0.054474708171206226 0.8054474708171206 0.054474708171206226 0.04669260700389105 0.038910505836575876 
0.3722943722943723 0.19913419913419914 0.22510822510822512 0.12554112554112554 0.07792207792207792 
0.06459948320413436 0.04263565891472868 0.7338501291989664 0.06330749354005168 0.09560723514211886 
0.15178571428571427 0.03571428571428571 0.09226190476190477 0.5952380952380952 0.125 
0.07046070460704607 0.04065040650406504 0.15176151761517614 0.08943089430894309 0.6476964769647696 
0.09090909090909091 0.12121212121212122 0.2727272727272727 0.4121212121212121 0.10303030303030303 
0.1392978482446206 0.6534541336353341 0.14835787089467722 0.02944507361268403 0.02944507361268403 
0.1 0.05555555555555555 0.6296296296296297 0.1111111111111111 0.1037037037037037 
0.130879345603272 0.4376278118609407 0.28016359918200406 0.06952965235173825 0.081799591002045 
0.460446247464503 0.06288032454361055 0.05476673427991886 0.1663286004056795 0.25557809330628806 
0.06938775510204082 0.03469387755102041 0.15918367346938775 0.044897959183673466 0.6918367346938775 
0.04955527318932656 0.045743329097839895 0.39898348157560354 0.2096569250317662 0.2960609911054638 
0.6057347670250897 0.03225806451612903 0.06093189964157706 0.24910394265232974 0.05197132616487455 
0.1371841155234657 0.061371841155234655 0.19855595667870035 0.44765342960288806 0.1552346570397112 
0.04407951598962835 0.01296456352636128 0.028522039757994815 0.07173725151253241 0.8426966292134831 
0.07731958762886598 0.04639175257731959 0.211340206185567 0.5257731958762887 0.13917525773195877 
0.16034206306787813 0.07536076964190272 0.18653126670229825 0.20577231427044362 0.3719935863174773 
0.23673469387755103 0.04081632653061224 0.11428571428571428 0.06938775510204082 0.5387755102040817 
0.20572916666666666 0.06510416666666667 0.12239583333333333 0.4505208333333333 0.15625 
0.0697928026172301 0.7306434023991276 0.12322791712104689 0.029443838604143947 0.04689203925845147 
0.03826086956521739 0.022608695652173914 0.034782608695652174 0.09913043478260869 0.8052173913043478 
0.056962025316455694 0.04430379746835443 0.10759493670886076 0.6139240506329114 0.17721518987341772 
0.16666666666666666 0.09803921568627451 0.10784313725490197 0.1568627450980392 0.47058823529411764 
0.04383282364933741 0.0163098878695209 0.17329255861365953 0.72782874617737 0.03873598369011213 
0.2569444444444444 0.0763888888888889 0.08333333333333333 0.40625 0.17708333333333334 
0.10883280757097792 0.694006309148265 0.0946372239747634 0.0583596214511041 0.04416403785488959 
0.0915032679738562 0.06535947712418301 0.0915032679738562 0.11764705882352941 0.6339869281045751 
0.12264150943396226 0.09433962264150944 0.09433962264150944 0.11320754716981132 0.5754716981132075 
0.04778156996587031 0.04778156996587031 0.5017064846416383 0.25597269624573377 0.14675767918088736 
0.08571428571428572 0.07857142857142857 0.12857142857142856 0.16428571428571428 0.5428571428571428 
0.8887959866220736 0.00919732441471572 0.00919732441471572 0.021739130434782608 0.07107023411371237 
0.0626118067978533 0.03756708407871199 0.11270125223613596 0.11627906976744186 0.6708407871198568 
0.21022727272727273 0.09659090909090909 0.17613636363636365 0.35795454545454547 0.1590909090909091 
0.06415094339622641 0.7433962264150943 0.06415094339622641 0.08679245283018867 0.04150943396226415 
0.1761904761904762 0.20238095238095238 0.4785714285714286 0.07142857142857142 0.07142857142857142 
0.10727969348659004 0.04980842911877394 0.210727969348659 0.5478927203065134 0.0842911877394636 
0.1262135922330097 0.0970873786407767 0.0970873786407767 0.0970873786407767 0.5825242718446602 
0.4733009708737864 0.1407766990291262 0.11650485436893204 0.0703883495145631 0.19902912621359223 
0.4325581395348837 0.07441860465116279 0.11627906976744186 0.09302325581395349 0.2837209302325581 
0.05415162454873646 0.6931407942238267 0.061371841155234655 0.1444043321299639 0.04693140794223827 
0.34120171673819744 0.06866952789699571 0.10085836909871244 0.11802575107296137 0.37124463519313305 
0.06545454545454546 0.72 0.10545454545454545 0.06909090909090909 0.04 
0.32727272727272727 0.09090909090909091 0.20909090909090908 0.29545454545454547 0.07727272727272727 
0.06715506715506715 0.020757020757020756 0.8302808302808303 0.026862026862026864 0.054945054945054944 
0.06153846153846154 0.035897435897435895 0.08717948717948718 0.6384615384615384 0.17692307692307693 
0.08333333333333333 0.058333333333333334 0.6125 0.16666666666666666 0.07916666666666666 
0.2782608695652174 0.0782608695652174 0.06086956521739131 0.06956521739130435 0.5130434782608696 
0.10900473933649289 0.05687203791469194 0.05687203791469194 0.061611374407582936 0.7156398104265402 
0.11406844106463879 0.07224334600760456 0.13307984790874525 0.5627376425855514 0.11787072243346007 
0.16737468139337297 0.26423109600679695 0.11045029736618521 0.08241291418861513 0.37553101104502973 
0.2290748898678414 0.3832599118942731 0.16740088105726872 0.10572687224669604 0.1145374449339207 
0.05853658536585366 0.05609756097560976 0.036585365853658534 0.3878048780487805 0.4609756097560976 
0.21003963011889035 0.0726552179656539 0.10700132100396301 0.5257595772787318 0.0845442536327609 
0.06451612903225806 0.7060931899641577 0.05734767025089606 0.12186379928315412 0.05017921146953405 
0.04035874439461883 0.017937219730941704 0.06278026905829596 0.3976083707025411 0.4813153961136024 
0.047261009667024706 0.22448979591836735 0.050483351235230935 0.32116004296455425 0.35660580021482274 
0.07976653696498054 0.06420233463035019 0.5116731517509727 0.17801556420233464 0.16634241245136186 
0.0546875 0.75 0.04296875 0.08984375 0.0625 
0.0968208092485549 0.791907514450867 0.03901734104046243 0.030346820809248554 0.04190751445086705 
0.07216494845360824 0.025036818851251842 0.16200294550810015 0.042709867452135494 0.6980854197349042 
0.08870967741935484 0.08870967741935484 0.08870967741935484 0.08870967741935484 0.6451612903225806 
0.09749303621169916 0.04456824512534819 0.181058495821727 0.11142061281337047 0.5654596100278552 
0.0830860534124629 0.020771513353115726 0.0830860534124629 0.6839762611275965 0.129080118694362 
0.05223880597014925 0.8097014925373134 0.05223880597014925 0.041044776119402986 0.04477611940298507 
0.0898876404494382 0.07303370786516854 0.5786516853932584 0.19382022471910113 0.06460674157303371 
0.06273062730627306 0.04797047970479705 0.11808118081180811 0.6457564575645757 0.12546125461254612 
0.8990825688073395 0.010008340283569641 0.013344453711426188 0.01751459549624687 0.060050041701417846 
0.03314393939393939 0.01231060606060606 0.045454545454545456 0.08238636363636363 0.8267045454545454 
0.0960591133004926 0.04926108374384237 0.03201970443349754 0.029556650246305417 0.7931034482758621 
0.07586206896551724 0.03793103448275862 0.04482758620689655 0.05517241379310345 0.7862068965517242 
0.0673469387755102 0.03469387755102041 0.16326530612244897 0.04693877551020408 0.6877551020408164 
0.3769230769230769 0.028846153846153848 0.06538461538461539 0.42115384615384616 0.1076923076923077 
0.03667481662591687 0.05378973105134474 0.3080684596577017 0.5354523227383863 0.06601466992665037 
0.1346153846153846 0.08974358974358974 0.1794871794871795 0.46153846153846156 0.1346153846153846 
0.12404287901990811 0.02450229709035222 0.72052067381317 0.09111791730474732 0.039816232771822356 
0.5866666666666667 0.016296296296296295 0.1437037037037037 0.05333333333333334 0.2 
0.3576702214930271 0.03855619360131255 0.2690730106644791 0.2026251025430681 0.1320754716981132 
0.05758157389635317 0.03262955854126679 0.036468330134357005 0.836852207293666 0.036468330134357005 
0.078125 0.057291666666666664 0.0625 0.07291666666666667 0.7291666666666666 
0.1717557251908397 0.4312977099236641 0.1717557251908397 0.10687022900763359 0.1183206106870229 
0.054982817869415807 0.8178694158075601 0.048109965635738834 0.03436426116838488 0.044673539518900345 
0.903035413153457 0.010961214165261383 0.012647554806070826 0.013490725126475547 0.05986509274873524 
0.04778156996587031 0.05460750853242321 0.5358361774744027 0.21160409556313994 0.15017064846416384 
0.11473880597014925 0.021455223880597014 0.13619402985074627 0.3162313432835821 0.41138059701492535 
0.1570048309178744 0.057971014492753624 0.10386473429951691 0.03864734299516908 0.642512077294686 
0.346875 0.0375 0.05625 0.453125 0.10625 
0.07692307692307693 0.08791208791208792 0.3626373626373626 0.3772893772893773 0.09523809523809523 
0.045012165450121655 0.015815085158150853 0.12469586374695864 0.7506082725060828 0.06386861313868614 
0.03819444444444445 0.052083333333333336 0.5208333333333334 0.22916666666666666 0.1597222222222222 
0.2831858407079646 0.13274336283185842 0.11504424778761062 0.18584070796460178 0.2831858407079646 
0.07488986784140969 0.027900146842878122 0.17033773861967694 0.6622613803230544 0.06461086637298091 
0.07954545454545454 0.7765151515151515 0.03787878787878788 0.03787878787878788 0.06818181818181818 
0.0915032679738562 0.0718954248366013 0.0718954248366013 0.12418300653594772 0.6405228758169934 
0.07806691449814127 0.05204460966542751 0.08921933085501858 0.275092936802974 0.5055762081784386 
0.25 0.07670454545454546 0.18181818181818182 0.07670454545454546 0.4147727272727273 
0.07142857142857142 0.05555555555555555 0.1746031746031746 0.10052910052910052 0.5978835978835979 
0.05223880597014925 0.029850746268656716 0.033582089552238806 0.8414179104477612 0.04291044776119403 
0.11979166666666667 0.059895833333333336 0.515625 0.22395833333333334 0.08072916666666667 
0.05776173285198556 0.04693140794223827 0.04693140794223827 0.061371841155234655 0.7870036101083032 
0.03962264150943396 0.024528301886792454 0.03207547169811321 0.09622641509433963 0.8075471698113208 
0.08085106382978724 0.05531914893617021 0.0425531914893617 0.059574468085106386 0.7617021276595745 
0.10227272727272728 0.02556818181818182 0.12926136363636365 0.6931818181818182 0.04971590909090909 
0.08786610878661087 0.0502092050209205 0.04602510460251046 0.100418410041841 0.7154811715481172 
0.2958715596330275 0.1811926605504587 0.23394495412844038 0.1536697247706422 0.1353211009174312 
0.08370044052863436 0.06607929515418502 0.18061674008810572 0.5682819383259912 0.1013215859030837 
0.045112781954887216 0.7255639097744361 0.12030075187969924 0.06766917293233082 0.041353383458646614 
0.05555555555555555 0.046296296296296294 0.0625 0.06944444444444445 0.7662037037037037 
0.10984848484848485 0.04924242424242424 0.056818181818181816 0.6704545454545454 0.11363636363636363 
0.4606741573033708 0.03089887640449438 0.08707865168539326 0.13764044943820225 0.28370786516853935 
0.128 0.152 0.144 0.392 0.184 
0.28735632183908044 0.29118773946360155 0.13793103448275862 0.1417624521072797 0.1417624521072797 
0.15706806282722513 0.15706806282722513 0.5130890052356021 0.08900523560209424 0.08376963350785341 
0.04150943396226415 0.8113207547169812 0.045283018867924525 0.045283018867924525 0.05660377358490566 
0.04807692307692308 0.016483516483516484 0.057692307692307696 0.024725274725274724 0.853021978021978 
0.12109375 0.036458333333333336 0.12565104166666666 0.091796875 0.625 
0.2887700534759358 0.06951871657754011 0.1590909090909091 0.31283422459893045 0.1697860962566845 
0.4678362573099415 0.07017543859649122 0.14619883040935672 0.08771929824561403 0.22807017543859648 
