0.0893371757925072 0.05763688760806916 0.6887608069164265 0.08069164265129683 0.08357348703170028 
0.11363636363636363 0.6962809917355371 0.07231404958677685 0.0371900826446281 0.08057851239669421 
0.13664249860568878 0.241494701617401 0.2660345789180145 0.03569436698271054 0.32013385387618515 
0.023255813953488372 0.02823920265780731 0.05149501661129568 0.023255813953488372 0.8737541528239202 
0.10144927536231885 0.14855072463768115 0.4673913043478261 0.050724637681159424 0.2318840579710145 
0.047619047619047616 0.06746031746031746 0.051587301587301584 0.7817460317460317 0.051587301587301584 
0.1070811744386874 0.07253886010362694 0.7046632124352331 0.08117443868739206 0.03454231433506045 
0.1909814323607427 0.10079575596816977 0.5251989389920424 0.058355437665782495 0.1246684350132626 
0.06818181818181818 0.8090909090909091 0.04393939393939394 0.019696969696969695 0.05909090909090909 
0.17032967032967034 0.15384615384615385 0.2967032967032967 0.06593406593406594 0.3131868131868132 
0.08620689655172414 0.08620689655172414 0.07471264367816093 0.06896551724137931 0.6839080459770115 
0.15706806282722513 0.4973821989528796 0.09424083769633508 0.06282722513089005 0.18848167539267016 
0.23659305993690852 0.10410094637223975 0.48580441640378547 0.06309148264984227 0.11041009463722397 
0.06551724137931035 0.05517241379310345 0.11724137931034483 0.05517241379310345 0.7068965517241379 
0.12760416666666666 0.15885416666666666 0.3385416666666667 0.044270833333333336 0.3307291666666667 
0.06918238993710692 0.14465408805031446 0.06918238993710692 0.07547169811320754 0.6415094339622641 
0.1403118040089087 0.1403118040089087 0.5746102449888641 0.0467706013363029 0.09799554565701558 
0.2168284789644013 0.45307443365695793 0.13268608414239483 0.10355987055016182 0.09385113268608414 
0.0642570281124498 0.05622489959839357 0.040160642570281124 0.7991967871485943 0.040160642570281124 
0.1678832116788321 0.4306569343065693 0.2116788321167883 0.08759124087591241 0.10218978102189781 
0.4977578475336323 0.23467862481315396 0.11509715994020926 0.04035874439461883 0.11210762331838565 
0.5785582255083179 0.11460258780036968 0.07948243992606285 0.04990757855822551 0.17744916820702403 
0.06060606060606061 0.8232323232323232 0.050505050505050504 0.021885521885521887 0.04377104377104377 
0.03044496487119438 0.05152224824355972 0.03747072599531616 0.02810304449648712 0.8524590163934426 
0.2416452442159383 0.09254498714652956 0.46786632390745503 0.12853470437017994 0.06940874035989718 
0.08108108108108109 0.12972972972972974 0.31891891891891894 0.10810810810810811 0.3621621621621622 
0.5097744360902255 0.16541353383458646 0.18646616541353384 0.04661654135338346 0.09172932330827067 
0.17032967032967034 0.0989010989010989 0.43956043956043955 0.21978021978021978 0.07142857142857142 
0.17482517482517482 0.16433566433566432 0.36013986013986016 0.2062937062937063 0.0944055944055944 
0.1388235294117647 0.4258823529411765 0.2564705882352941 0.05176470588235294 0.12705882352941175 
0.18114874815905743 0.05743740795287187 0.14138438880706922 0.016200294550810016 0.6038291605301914 
0.11173184357541899 0.10893854748603352 0.35195530726256985 0.0335195530726257 0.39385474860335196 
0.06382978723404255 0.2624113475177305 0.06028368794326241 0.0673758865248227 0.5460992907801419 
0.1531322505800464 0.5846867749419954 0.08352668213457076 0.04408352668213457 0.1345707656612529 
0.14788732394366197 0.14084507042253522 0.5 0.11971830985915492 0.09154929577464789 
0.18082788671023964 0.17429193899782136 0.23965141612200436 0.3464052287581699 0.058823529411764705 
0.10077519379844961 0.040697674418604654 0.7228682170542635 0.09689922480620156 0.03875968992248062 
0.048561151079136694 0.06474820143884892 0.04136690647482014 0.02158273381294964 0.8237410071942446 
0.5280728376327769 0.18057663125948406 0.15174506828528073 0.06980273141122914 0.06980273141122914 
0.11797752808988764 0.43820224719101125 0.10112359550561797 0.06179775280898876 0.2808988764044944 
0.0979020979020979 0.46153846153846156 0.15734265734265734 0.06643356643356643 0.21678321678321677 
0.4308510638297872 0.2765957446808511 0.10106382978723404 0.09042553191489362 0.10106382978723404 
0.10212765957446808 0.6851063829787234 0.05106382978723404 0.05531914893617021 0.10638297872340426 
0.13740458015267176 0.10178117048346055 0.4529262086513995 0.03307888040712468 0.2748091603053435 
0.10588235294117647 0.08823529411764706 0.11764705882352941 0.06470588235294118 0.6235294117647059 
0.13128491620111732 0.13687150837988826 0.33519553072625696 0.030726256983240222 0.3659217877094972 
0.044715447154471545 0.052845528455284556 0.044715447154471545 0.8048780487804879 0.052845528455284556 
0.7545180722891566 0.14909638554216867 0.018072289156626505 0.05120481927710843 0.02710843373493976 
0.08333333333333333 0.08796296296296297 0.06944444444444445 0.35648148148148145 0.4027777777777778 
0.09420289855072464 0.19806763285024154 0.34782608695652173 0.033816425120772944 0.32608695652173914 
0.1794228356336261 0.6135508155583438 0.11417816813048934 0.03262233375156838 0.060225846925972396 
0.09090909090909091 0.10795454545454546 0.0625 0.1875 0.5511363636363636 
0.039285714285714285 0.08214285714285714 0.05 0.03571428571428571 0.7928571428571428 
0.04871060171919771 0.0830945558739255 0.07449856733524356 0.054441260744985676 0.7392550143266475 
0.1259259259259259 0.5925925925925926 0.15185185185185185 0.05185185185185185 0.07777777777777778 
0.16216216216216217 0.3310810810810811 0.10810810810810811 0.21621621621621623 0.18243243243243243 
0.8532423208191127 0.03185437997724687 0.05460750853242321 0.015927189988623434 0.04436860068259386 
0.6400602409638554 0.15813253012048192 0.05572289156626506 0.06927710843373494 0.07680722891566265 
0.07857142857142857 0.05 0.09285714285714286 0.7107142857142857 0.06785714285714285 
0.07481296758104738 0.12718204488778054 0.1571072319201995 0.04239401496259352 0.5985037406483791 
0.05791505791505792 0.03861003861003861 0.03474903474903475 0.019305019305019305 0.8494208494208494 
0.15463917525773196 0.30927835051546393 0.16494845360824742 0.13402061855670103 0.23711340206185566 
0.10638297872340426 0.10638297872340426 0.14893617021276595 0.1276595744680851 0.5106382978723404 
0.05019305019305019 0.05791505791505792 0.0694980694980695 0.7683397683397684 0.05405405405405406 
0.06369426751592357 0.23248407643312102 0.08280254777070063 0.554140127388535 0.06687898089171974 
0.058823529411764705 0.05514705882352941 0.04411764705882353 0.7830882352941176 0.058823529411764705 
0.10154525386313466 0.08167770419426049 0.152317880794702 0.04194260485651214 0.6225165562913907 
0.10576923076923077 0.7057692307692308 0.028846153846153848 0.07884615384615384 0.08076923076923077 
0.1740139211136891 0.14153132250580047 0.07888631090487239 0.060324825986078884 0.5452436194895591 
0.08366533864541832 0.1752988047808765 0.12350597609561753 0.06374501992031872 0.5537848605577689 
0.4280442804428044 0.17712177121771217 0.17712177121771217 0.07380073800738007 0.14391143911439114 
0.12025316455696203 0.07911392405063292 0.2911392405063291 0.3924050632911392 0.11708860759493671 
0.08214285714285714 0.2642857142857143 0.07857142857142857 0.4928571428571429 0.08214285714285714 
0.09375 0.7388392857142857 0.04017857142857143 0.03794642857142857 0.08928571428571429 
0.04358974358974359 0.03333333333333333 0.04358974358974359 0.028205128205128206 0.8512820512820513 
0.08333333333333333 0.6527777777777778 0.06597222222222222 0.041666666666666664 0.15625 
0.16375838926174496 0.7543624161073825 0.03355704697986577 0.020134228187919462 0.028187919463087248 
0.10303030303030303 0.5272727272727272 0.14545454545454545 0.07878787878787878 0.14545454545454545 
0.20348837209302326 0.4689922480620155 0.05232558139534884 0.03875968992248062 0.2364341085271318 
0.8660508083140878 0.04157043879907621 0.03233256351039261 0.02771362586605081 0.03233256351039261 
0.06844741235392321 0.8113522537562604 0.04006677796327212 0.028380634390651086 0.05175292153589316 
0.08185053380782918 0.05693950177935943 0.08185053380782918 0.3487544483985765 0.4306049822064057 
0.21893491124260356 0.48520710059171596 0.10256410256410256 0.03550295857988166 0.15779092702169625 
0.0675422138836773 0.7729831144465291 0.039399624765478425 0.0225140712945591 0.0975609756097561 
0.04979253112033195 0.13278008298755187 0.05394190871369295 0.058091286307053944 0.7053941908713693 
0.08897742363877822 0.648074369189907 0.05444887118193891 0.01859229747675963 0.1899070385126162 
0.0921875 0.178125 0.16875 0.040625 0.5203125 
0.13591022443890274 0.7880299251870324 0.034912718204488775 0.014962593516209476 0.026184538653366583 
0.1464699683877766 0.4931506849315068 0.2244467860906217 0.06533192834562697 0.07060063224446786 
0.051111111111111114 0.043333333333333335 0.8133333333333334 0.03222222222222222 0.06 
0.17794486215538846 0.10025062656641603 0.07769423558897243 0.042606516290726815 0.6015037593984962 
0.06549520766773163 0.4281150159744409 0.03035143769968051 0.03194888178913738 0.4440894568690096 
0.03289473684210526 0.029605263157894735 0.03618421052631579 0.024671052631578948 0.8766447368421053 
0.11083123425692695 0.09571788413098237 0.44836272040302266 0.04785894206549118 0.2972292191435768 
0.23435326842837273 0.15090403337969402 0.04728789986091794 0.020166898470097356 0.547287899860918 
0.1391941391941392 0.08424908424908426 0.21245421245421245 0.047619047619047616 0.5164835164835165 
0.06422018348623854 0.8398665554628857 0.05254378648874062 0.010842368640533779 0.03252710592160134 
0.2421259842519685 0.5846456692913385 0.045275590551181105 0.051181102362204724 0.07677165354330709 
0.1103448275862069 0.06896551724137931 0.04482758620689655 0.7310344827586207 0.04482758620689655 
0.5917721518987342 0.24156118143459915 0.10021097046413502 0.028481012658227847 0.0379746835443038 
0.14855875831485588 0.5388026607538803 0.09977827050997783 0.031042128603104215 0.18181818181818182 
0.16702819956616052 0.05639913232104121 0.25162689804772237 0.026030368763557483 0.49891540130151846 
0.42992874109263657 0.15201900237529692 0.2375296912114014 0.07600950118764846 0.10451306413301663 
0.39902676399026765 0.21654501216545013 0.19708029197080293 0.06569343065693431 0.12165450121654502 
0.1303501945525292 0.07003891050583658 0.4961089494163424 0.0311284046692607 0.2723735408560311 
0.7293447293447294 0.14102564102564102 0.05270655270655271 0.03276353276353276 0.04415954415954416 
0.6141176470588235 0.10588235294117647 0.15058823529411763 0.07764705882352942 0.05176470588235294 
0.16591251885369532 0.47058823529411764 0.042232277526395176 0.2730015082956259 0.048265460030165915 
0.1103202846975089 0.1601423487544484 0.3807829181494662 0.05338078291814947 0.29537366548042704 
0.1852540272614622 0.1697645600991326 0.13816604708798016 0.02292441140024783 0.4838909541511772 
0.045936395759717315 0.0989399293286219 0.0706713780918728 0.734982332155477 0.04946996466431095 
0.0718562874251497 0.0658682634730539 0.16167664670658682 0.0718562874251497 0.6287425149700598 
0.13989637305699482 0.20466321243523317 0.4430051813471503 0.10880829015544041 0.10362694300518134 
0.04741379310344827 0.12931034482758622 0.05172413793103448 0.06465517241379311 0.7068965517241379 
0.13615023474178403 0.08450704225352113 0.3004694835680751 0.09859154929577464 0.38028169014084506 
0.061371841155234655 0.05415162454873646 0.09386281588447654 0.05415162454873646 0.7364620938628159 
0.06763285024154589 0.07729468599033816 0.1111111111111111 0.06280193236714976 0.6811594202898551 
0.2043343653250774 0.5913312693498453 0.03715170278637771 0.07739938080495357 0.08978328173374613 
0.05736137667304015 0.7609942638623327 0.028680688336520075 0.03441682600382409 0.11854684512428298 
0.03713527851458886 0.03978779840848806 0.029177718832891247 0.029177718832891247 0.8647214854111406 
0.16470588235294117 0.15294117647058825 0.1411764705882353 0.2823529411764706 0.25882352941176473 
0.16119402985074627 0.6179104477611941 0.05373134328358209 0.05970149253731343 0.10746268656716418 
0.12345679012345678 0.12345679012345678 0.20987654320987653 0.13580246913580246 0.4074074074074074 
0.05357142857142857 0.125 0.05803571428571429 0.0625 0.7008928571428571 
0.07731958762886598 0.06701030927835051 0.09278350515463918 0.23195876288659795 0.5309278350515464 
0.052941176470588235 0.846218487394958 0.05042016806722689 0.010084033613445379 0.040336134453781515 
0.48739495798319327 0.16806722689075632 0.1092436974789916 0.10084033613445378 0.13445378151260504 
0.05373134328358209 0.682089552238806 0.08507462686567165 0.023880597014925373 0.15522388059701492 
0.05303030303030303 0.09090909090909091 0.04924242424242424 0.7462121212121212 0.06060606060606061 
0.04310344827586207 0.040948275862068964 0.032327586206896554 0.02586206896551724 0.8577586206896551 
0.10548523206751055 0.6286919831223629 0.08016877637130802 0.03375527426160337 0.1518987341772152 
0.08356545961002786 0.2646239554317549 0.116991643454039 0.03899721448467967 0.4958217270194986 
0.15804597701149425 0.6408045977011494 0.06896551724137931 0.03735632183908046 0.09482758620689655 
0.13793103448275862 0.3505747126436782 0.09770114942528736 0.2471264367816092 0.16666666666666666 
0.32098765432098764 0.16666666666666666 0.35802469135802467 0.06790123456790123 0.08641975308641975 
0.0622568093385214 0.038910505836575876 0.10505836575875487 0.7470817120622568 0.04669260700389105 
0.17316017316017315 0.14285714285714285 0.4805194805194805 0.08658008658008658 0.11688311688311688 
0.6627906976744186 0.14599483204134367 0.07881136950904392 0.04909560723514212 0.06330749354005168 
0.09523809523809523 0.6339285714285714 0.08630952380952381 0.05357142857142857 0.13095238095238096 
0.08672086720867209 0.0921409214092141 0.04607046070460705 0.06775067750677506 0.7073170731707317 
0.2 0.40606060606060607 0.09696969696969697 0.2 0.09696969696969697 
0.07361268403171008 0.03284258210645526 0.8040770101925255 0.04190260475651189 0.04756511891279728 
0.6962962962962963 0.08888888888888889 0.07037037037037037 0.06296296296296296 0.08148148148148149 
0.25971370143149286 0.10020449897750511 0.5378323108384458 0.05521472392638037 0.04703476482617587 
0.09939148073022312 0.1724137931034483 0.31643002028397565 0.05273833671399594 0.359026369168357 
0.19183673469387755 0.036734693877551024 0.09183673469387756 0.024489795918367346 0.6551020408163265 
0.1880559085133418 0.20330368487928843 0.036848792884371026 0.28716645489199494 0.2846251588310038 
0.13082437275985664 0.5053763440860215 0.13440860215053763 0.053763440860215055 0.17562724014336917 
0.21299638989169675 0.5054151624548736 0.061371841155234655 0.08303249097472924 0.1371841155234657 
0.04753673292999136 0.07865168539325842 0.0449438202247191 0.00950734658599827 0.8193604148660328 
0.18298969072164947 0.5541237113402062 0.04896907216494845 0.04381443298969072 0.17010309278350516 
0.18385889898450028 0.207910208444682 0.21058257616247997 0.020309994655264563 0.37733832175307325 
0.17755102040816326 0.061224489795918366 0.10612244897959183 0.026530612244897958 0.6285714285714286 
0.12760416666666666 0.4505208333333333 0.2734375 0.07291666666666667 0.07552083333333333 
0.09923664122137404 0.03162486368593239 0.8037077426390403 0.022900763358778626 0.04252998909487459 
0.050434782608695654 0.08 0.034782608695652174 0.022608695652173914 0.8121739130434783 
0.08016877637130802 0.6645569620253164 0.07805907172995781 0.035864978902953586 0.14135021097046413 
0.11764705882352941 0.14705882352941177 0.10784313725490197 0.09803921568627451 0.5294117647058824 
0.12640163098878696 0.7879714576962283 0.027522935779816515 0.023445463812436288 0.034658511722731905 
0.1701388888888889 0.3020833333333333 0.09375 0.2708333333333333 0.16319444444444445 
0.0473186119873817 0.04574132492113565 0.8217665615141956 0.04574132492113565 0.03943217665615142 
0.0784313725490196 0.13725490196078433 0.08496732026143791 0.06535947712418301 0.6339869281045751 
0.09433962264150944 0.09433962264150944 0.11320754716981132 0.10377358490566038 0.5943396226415094 
0.04778156996587031 0.7167235494880546 0.05802047781569966 0.06143344709897611 0.11604095563139932 
0.11428571428571428 0.2 0.1 0.12857142857142856 0.45714285714285713 
0.6137123745819398 0.019230769230769232 0.011705685618729096 0.008361204013377926 0.34698996655518394 
0.07513416815742398 0.08944543828264759 0.22719141323792486 0.02146690518783542 0.5867620751341681 
0.1590909090909091 0.19318181818181818 0.11363636363636363 0.3409090909090909 0.19318181818181818 
0.052830188679245285 0.09811320754716982 0.06037735849056604 0.7358490566037735 0.052830188679245285 
0.24047619047619048 0.09047619047619047 0.25 0.35 0.06904761904761905 
0.14942528735632185 0.632183908045977 0.07662835249042145 0.06513409961685823 0.07662835249042145 
0.10679611650485436 0.11650485436893204 0.0970873786407767 0.10679611650485436 0.5728155339805825 
0.18932038834951456 0.07766990291262135 0.4975728155339806 0.04854368932038835 0.18689320388349515 
0.13488372093023257 0.09767441860465116 0.3209302325581395 0.09302325581395349 0.35348837209302325 
0.05776173285198556 0.12274368231046931 0.039711191335740074 0.7256317689530686 0.05415162454873646 
0.1072961373390558 0.20386266094420602 0.19527896995708155 0.045064377682403435 0.44849785407725323 
0.13090909090909092 0.05454545454545454 0.04363636363636364 0.72 0.05090909090909091 
0.20454545454545456 0.2909090909090909 0.35 0.06818181818181818 0.08636363636363636 
0.8412698412698413 0.047619047619047616 0.042735042735042736 0.02197802197802198 0.0463980463980464 
0.07948717948717948 0.6923076923076923 0.038461538461538464 0.03076923076923077 0.15897435897435896 
0.5458333333333333 0.26666666666666666 0.05416666666666667 0.075 0.058333333333333334 
0.1782608695652174 0.04782608695652174 0.08695652173913043 0.043478260869565216 0.6434782608695652 
0.05687203791469194 0.05687203791469194 0.07109004739336493 0.04739336492890995 0.7677725118483413 
0.12167300380228137 0.6425855513307985 0.13307984790874525 0.049429657794676805 0.053231939163498096 
0.12489379779099405 0.0790144435004248 0.44774851316907394 0.01784197111299915 0.33050127442650806 
0.14096916299559473 0.1013215859030837 0.4801762114537445 0.16740088105726872 0.11013215859030837 
0.05121951219512195 0.3195121951219512 0.04390243902439024 0.05121951219512195 0.5341463414634147 
0.16116248348745046 0.5693527080581242 0.14927344782034346 0.03038309114927345 0.08982826948480846 
0.06451612903225806 0.11827956989247312 0.04659498207885305 0.7060931899641577 0.06451612903225806 
0.05829596412556054 0.40657698056801195 0.025411061285500747 0.029895366218236172 0.4798206278026906 
0.05477980665950591 0.31364124597207305 0.06981740064446831 0.21052631578947367 0.35123523093447906 
0.2490272373540856 0.20233463035019456 0.07003891050583658 0.3647859922178988 0.11381322957198443 
0.046875 0.06640625 0.04296875 0.78515625 0.05859375 
0.028901734104046242 0.031791907514450865 0.8829479768786127 0.02601156069364162 0.030346820809248554 
0.17378497790868924 0.060382916053019146 0.13107511045655376 0.017673048600883652 0.6170839469808542 
0.08064516129032258 0.13709677419354838 0.11290322580645161 0.0967741935483871 0.5725806451612904 
0.14484679665738162 0.116991643454039 0.06685236768802229 0.06406685236768803 0.6072423398328691 
0.057863501483679525 0.7077151335311572 0.06824925816023739 0.025222551928783383 0.14094955489614244 
0.04477611940298507 0.04477611940298507 0.13059701492537312 0.7313432835820896 0.048507462686567165 
0.5028089887640449 0.2893258426966292 0.06460674157303371 0.07303370786516854 0.0702247191011236 
0.09225092250922509 0.7084870848708487 0.04797047970479705 0.04797047970479705 0.1033210332103321 
0.6238532110091743 0.0158465387823186 0.010842368640533779 0.008340283569641367 0.34111759799833197 
0.05397727272727273 0.06818181818181818 0.04734848484848485 0.014204545454545454 0.8162878787878788 
0.029556650246305417 0.029556650246305417 0.06403940886699508 0.034482758620689655 0.8423645320197044 
0.03793103448275862 0.06206896551724138 0.05172413793103448 0.034482758620689655 0.8137931034482758 
0.1673469387755102 0.053061224489795916 0.08775510204081632 0.026530612244897958 0.6653061224489796 
0.09807692307692308 0.6096153846153847 0.06346153846153846 0.051923076923076926 0.17692307692307693 
0.11491442542787286 0.6405867970660146 0.06356968215158924 0.1271393643031785 0.05378973105134474 
0.1858974358974359 0.46153846153846156 0.09615384615384616 0.0641025641025641 0.19230769230769232 
0.7281776416539051 0.12021439509954059 0.10336906584992343 0.026033690658499236 0.0222052067381317 
0.1362962962962963 0.05185185185185185 0.5140740740740741 0.028148148148148148 0.2696296296296296 
0.35520918785890077 0.20918785890073832 0.24528301886792453 0.02789171452009844 0.162428219852338 
0.03838771593090211 0.7792706333973128 0.11324376199616124 0.026871401151631478 0.04222648752399232 
0.057291666666666664 0.06770833333333333 0.06770833333333333 0.052083333333333336 0.7552083333333334 
0.1946564885496183 0.10305343511450382 0.4847328244274809 0.12595419847328243 0.0916030534351145 
0.054982817869415807 0.041237113402061855 0.15463917525773196 0.7044673539518901 0.044673539518900345 
0.6188870151770658 0.022765598650927487 0.016020236087689713 0.01011804384485666 0.33220910623946037 
0.040955631399317405 0.7064846416382252 0.04778156996587031 0.05460750853242321 0.15017064846416384 
0.14365671641791045 0.32649253731343286 0.07742537313432836 0.025186567164179104 0.42723880597014924 
0.07004830917874397 0.03864734299516908 0.10144927536231885 0.06280193236714976 0.7270531400966184 
0.084375 0.646875 0.059375 0.071875 0.1375 
0.21978021978021978 0.336996336996337 0.10989010989010989 0.25274725274725274 0.08058608058608059 
0.10462287104622871 0.7779805352798054 0.037712895377128956 0.023722627737226276 0.05596107055961071 
0.041666666666666664 0.7256944444444444 0.041666666666666664 0.04861111111111111 0.1423611111111111 
0.09734513274336283 0.1504424778761062 0.1592920353982301 0.17699115044247787 0.415929203539823 
0.13509544787077826 0.7298091042584435 0.04552129221732746 0.04552129221732746 0.04405286343612335 
0.06439393939393939 0.041666666666666664 0.10984848484848485 0.7121212121212122 0.07196969696969698 
0.08496732026143791 0.1111111111111111 0.09803921568627451 0.0718954248366013 0.6339869281045751 
0.055762081784386616 0.31970260223048325 0.06319702602230483 0.055762081784386616 0.5055762081784386 
0.2159090909090909 0.07954545454545454 0.23295454545454544 0.045454545454545456 0.42613636363636365 
0.13227513227513227 0.13227513227513227 0.09259259259259259 0.05026455026455026 0.5925925925925926 
0.03544776119402985 0.7742537313432836 0.11753731343283583 0.029850746268656716 0.04291044776119403 
0.19010416666666666 0.16927083333333334 0.1484375 0.4010416666666667 0.09114583333333333 
0.05415162454873646 0.06498194945848375 0.039711191335740074 0.039711191335740074 0.8014440433212996 
0.03773584905660377 0.06415094339622641 0.033962264150943396 0.026415094339622643 0.8377358490566038 
0.05106382978723404 0.07234042553191489 0.04680851063829787 0.06382978723404255 0.7659574468085106 
0.08664772727272728 0.7045454545454546 0.11363636363636363 0.05539772727272727 0.03977272727272727 
0.0502092050209205 0.13807531380753138 0.07531380753138076 0.0502092050209205 0.6861924686192469 
0.2981651376146789 0.1628440366972477 0.20871559633027523 0.19036697247706422 0.13990825688073394 
0.1762114537444934 0.5506607929515418 0.07488986784140969 0.1013215859030837 0.09691629955947137 
0.11278195488721804 0.07518796992481203 0.045112781954887216 0.7218045112781954 0.045112781954887216 
0.04861111111111111 0.09027777777777778 0.06712962962962964 0.037037037037037035 0.7569444444444444 
0.08333333333333333 0.7007575757575758 0.06439393939393939 0.045454545454545456 0.10606060606060606 
0.08146067415730338 0.2640449438202247 0.1404494382022472 0.042134831460674156 0.47191011235955055 
0.136 0.432 0.144 0.088 0.2 
0.18773946360153257 0.09578544061302682 0.46360153256704983 0.11494252873563218 0.13793103448275862 
0.3036649214659686 0.13089005235602094 0.10471204188481675 0.38219895287958117 0.07853403141361257 
0.052830188679245285 0.04150943396226415 0.052830188679245285 0.8 0.052830188679245285 
0.06318681318681318 0.03571428571428571 0.023351648351648352 0.024725274725274724 0.853021978021978 
0.09830729166666667 0.123046875 0.20377604166666666 0.010416666666666666 0.564453125 
0.1925133689839572 0.28609625668449196 0.2553475935828877 0.053475935828877004 0.21256684491978609 
0.12280701754385964 0.08187134502923976 0.5789473684210527 0.07602339181286549 0.14035087719298245 
