0.14697406340057637 0.5734870317002881 0.10951008645533142 0.05763688760806916 0.11239193083573487 
0.11776859504132231 0.04132231404958678 0.1012396694214876 0.6818181818181818 0.05785123966942149 
0.15727830451756833 0.0501952035694367 0.1701059676519799 0.25264919129949803 0.369771332961517 
0.06478405315614617 0.024916943521594685 0.019933554817275746 0.04152823920265781 0.8488372093023255 
0.2391304347826087 0.09057971014492754 0.17028985507246377 0.14492753623188406 0.35507246376811596 
0.051587301587301584 0.7777777777777778 0.05952380952380952 0.05952380952380952 0.051587301587301584 
0.09499136442141623 0.6252158894645942 0.11744386873920552 0.10362694300518134 0.05872193436960276 
0.16976127320954906 0.376657824933687 0.20954907161803712 0.09018567639257294 0.15384615384615385 
0.05 0.016666666666666666 0.03636363636363636 0.8363636363636363 0.06060606060606061 
0.2802197802197802 0.11538461538461539 0.17032967032967034 0.16483516483516483 0.2692307692307692 
0.11494252873563218 0.07471264367816093 0.08620689655172414 0.07471264367816093 0.6494252873563219 
0.09947643979057591 0.07853403141361257 0.2094240837696335 0.42408376963350786 0.18848167539267016 
0.277602523659306 0.1640378548895899 0.3438485804416404 0.08517350157728706 0.12933753943217666 
0.13793103448275862 0.05517241379310345 0.041379310344827586 0.06551724137931035 0.7 
0.4635416666666667 0.044270833333333336 0.1171875 0.125 0.25 
0.09433962264150944 0.06289308176100629 0.0880503144654088 0.14465408805031446 0.610062893081761 
0.6570155902004454 0.07683741648106904 0.08351893095768374 0.12138084632516703 0.061247216035634745 
0.1423948220064725 0.08737864077669903 0.2783171521035599 0.43042071197411 0.061488673139158574 
0.04417670682730924 0.751004016064257 0.0963855421686747 0.05622489959839357 0.05220883534136546 
0.1678832116788321 0.12408759124087591 0.10948905109489052 0.46715328467153283 0.13138686131386862 
0.12257100149476831 0.03139013452914798 0.4947683109118087 0.2705530642750374 0.08071748878923767 
0.1423290203327172 0.033271719038817 0.5979667282809612 0.08133086876155268 0.14510166358595195 
0.08080808080808081 0.021885521885521887 0.04040404040404041 0.8249158249158249 0.03198653198653199 
0.06557377049180328 0.0351288056206089 0.0468384074941452 0.03044496487119438 0.8220140515222483 
0.18508997429305912 0.5012853470437018 0.20051413881748073 0.056555269922879174 0.056555269922879174 
0.23243243243243245 0.1837837837837838 0.08108108108108109 0.07027027027027027 0.43243243243243246 
0.17593984962406015 0.04360902255639098 0.45714285714285713 0.17293233082706766 0.15037593984962405 
0.26373626373626374 0.31868131868131866 0.23076923076923078 0.09340659340659341 0.09340659340659341 
0.25524475524475526 0.36363636363636365 0.1258741258741259 0.15734265734265734 0.0979020979020979 
0.16470588235294117 0.06352941176470588 0.1223529411764706 0.5129411764705882 0.13647058823529412 
0.061855670103092786 0.039764359351988215 0.203240058910162 0.042709867452135494 0.6524300441826215 
0.4776536312849162 0.036312849162011177 0.1005586592178771 0.10614525139664804 0.27932960893854747 
0.05319148936170213 0.0425531914893617 0.09219858156028368 0.2624113475177305 0.549645390070922 
0.1368909512761021 0.04176334106728538 0.14153132250580047 0.5754060324825986 0.10440835266821345 
0.2676056338028169 0.2535211267605634 0.22183098591549297 0.13732394366197184 0.11971830985915492 
0.14596949891067537 0.14596949891067537 0.4226579520697168 0.1895424836601307 0.09586056644880174 
0.13953488372093023 0.6472868217054264 0.11046511627906977 0.03875968992248062 0.06395348837209303 
0.03597122302158273 0.02697841726618705 0.044964028776978415 0.10431654676258993 0.7877697841726619 
0.212443095599393 0.05311077389984825 0.4992412746585736 0.17602427921092564 0.05918057663125948 
0.10674157303370786 0.06179775280898876 0.10674157303370786 0.42134831460674155 0.30337078651685395 
0.48951048951048953 0.07692307692307693 0.0979020979020979 0.23776223776223776 0.0979020979020979 
0.13297872340425532 0.0851063829787234 0.43617021276595747 0.22340425531914893 0.12234042553191489 
0.05106382978723404 0.031914893617021274 0.1 0.7085106382978723 0.10851063829787234 
0.5623409669211196 0.07124681933842239 0.07633587786259542 0.0916030534351145 0.1984732824427481 
0.08235294117647059 0.07058823529411765 0.09411764705882353 0.09411764705882353 0.6588235294117647 
0.48324022346368717 0.05027932960893855 0.09776536312849161 0.09776536312849161 0.2709497206703911 
0.052845528455284556 0.7682926829268293 0.06097560975609756 0.06504065040650407 0.052845528455284556 
0.0572289156626506 0.0286144578313253 0.786144578313253 0.0858433734939759 0.04216867469879518 
0.13425925925925927 0.1388888888888889 0.08796296296296297 0.12037037037037036 0.5185185185185185 
0.47101449275362317 0.036231884057971016 0.11835748792270531 0.13043478260869565 0.24396135265700483 
0.1028858218318695 0.06900878293601004 0.17565872020075282 0.5796737766624843 0.07277289836888332 
0.06818181818181818 0.07386363636363637 0.07386363636363637 0.17613636363636365 0.6079545454545454 
0.06428571428571428 0.03571428571428571 0.05 0.07142857142857142 0.7785714285714286 
0.10315186246418338 0.034383954154727794 0.045845272206303724 0.10601719197707736 0.7106017191977078 
0.1 0.06296296296296296 0.09259259259259259 0.6407407407407407 0.1037037037037037 
0.1891891891891892 0.0945945945945946 0.13513513513513514 0.3310810810810811 0.25 
0.11717861205915814 0.03640500568828214 0.7337883959044369 0.07167235494880546 0.040955631399317405 
0.09337349397590361 0.03765060240963856 0.6626506024096386 0.13102409638554216 0.07530120481927711 
0.09285714285714286 0.7214285714285714 0.04642857142857143 0.060714285714285714 0.07857142857142857 
0.2119700748129676 0.04738154613466334 0.0773067331670823 0.09975062344139651 0.5635910224438903 
0.06048906048906049 0.019305019305019305 0.05662805662805663 0.03346203346203346 0.8301158301158301 
0.17525773195876287 0.17525773195876287 0.16494845360824742 0.31958762886597936 0.16494845360824742 
0.1276595744680851 0.1276595744680851 0.11702127659574468 0.13829787234042554 0.48936170212765956 
0.10038610038610038 0.749034749034749 0.04633204633204633 0.05791505791505792 0.04633204633204633 
0.5700636942675159 0.08598726114649681 0.10828025477707007 0.18152866242038215 0.054140127388535034 
0.05514705882352941 0.7867647058823529 0.07352941176470588 0.04044117647058824 0.04411764705882353 
0.1479028697571744 0.0706401766004415 0.0728476821192053 0.08388520971302428 0.6247240618101545 
0.0673076923076923 0.03461538461538462 0.2403846153846154 0.5692307692307692 0.08846153846153847 
0.1136890951276102 0.06264501160092807 0.12993039443155452 0.11832946635730858 0.5754060324825986 
0.09163346613545817 0.0796812749003984 0.07171314741035857 0.18725099601593626 0.5697211155378487 
0.26199261992619927 0.06642066420664207 0.39114391143911437 0.12177121771217712 0.15867158671586715 
0.1360759493670886 0.4620253164556962 0.16455696202531644 0.10443037974683544 0.13291139240506328 
0.125 0.05357142857142857 0.48928571428571427 0.24642857142857144 0.08571428571428572 
0.05580357142857143 0.026785714285714284 0.22991071428571427 0.59375 0.09375 
0.05128205128205128 0.035897435897435895 0.046153846153846156 0.046153846153846156 0.8205128205128205 
0.2638888888888889 0.04513888888888889 0.09722222222222222 0.4965277777777778 0.09722222222222222 
0.05906040268456376 0.022818791946308724 0.138255033557047 0.7436241610738255 0.036241610738255034 
0.11515151515151516 0.09696969696969697 0.14545454545454545 0.5272727272727272 0.11515151515151516 
0.08333333333333333 0.03682170542635659 0.16666666666666666 0.5 0.2131782945736434 
0.04157043879907621 0.02771362586605081 0.8568129330254042 0.03233256351039261 0.04157043879907621 
0.06844741235392321 0.018363939899833055 0.05175292153589316 0.8247078464106845 0.03672787979966611 
0.09252669039145907 0.44483985765124556 0.0498220640569395 0.05693950177935943 0.35587188612099646 
0.27416173570019725 0.04339250493096647 0.1222879684418146 0.4339250493096647 0.126232741617357 
0.03377110694183865 0.0300187617260788 0.058161350844277676 0.7673545966228893 0.11069418386491557 
0.08298755186721991 0.058091286307053944 0.05394190871369295 0.0995850622406639 0.7053941908713693 
0.150066401062417 0.027888446215139442 0.05444887118193891 0.6055776892430279 0.16201859229747675 
0.2203125 0.08125 0.090625 0.13125 0.4765625 
0.05486284289276808 0.018703241895261846 0.13591022443890274 0.7630922693266833 0.02743142144638404 
0.14330874604847207 0.08008429926238145 0.18018967334035826 0.5194942044257113 0.07692307692307693 
0.10555555555555556 0.6688888888888889 0.08555555555555555 0.06111111111111111 0.07888888888888888 
0.3182957393483709 0.05012531328320802 0.06015037593984962 0.06766917293233082 0.5037593984962406 
0.05750798722044728 0.020766773162939296 0.0670926517571885 0.43929712460063897 0.41533546325878595 
0.05098684210526316 0.029605263157894735 0.024671052631578948 0.03618421052631579 0.8585526315789473 
0.5793450881612091 0.055415617128463476 0.10579345088161209 0.08060453400503778 0.17884130982367757 
0.29346314325452016 0.02294853963838665 0.05910987482614743 0.15855354659248957 0.4659248956884562 
0.20512820512820512 0.040293040293040296 0.11355311355311355 0.10622710622710622 0.5347985347985348 
0.040033361134278564 0.026688907422852376 0.03836530442035029 0.8648874061718098 0.030025020850708923 
0.07874015748031496 0.03740157480314961 0.3405511811023622 0.48031496062992124 0.06299212598425197 
0.041379310344827586 0.696551724137931 0.16206896551724137 0.04827586206896552 0.05172413793103448 
0.03375527426160337 0.020042194092827006 0.6782700421940928 0.20991561181434598 0.0580168776371308 
0.0975609756097561 0.03991130820399113 0.164079822616408 0.5365853658536586 0.16186252771618626 
0.21691973969631237 0.04772234273318872 0.12364425162689804 0.07592190889370933 0.5357917570498916 
0.23515439429928742 0.0997624703087886 0.4085510688836104 0.15676959619952494 0.0997624703087886 
0.21897810218978103 0.046228710462287104 0.34549878345498786 0.22141119221411193 0.1678832116788321 
0.5914396887159533 0.04669260700389105 0.11478599221789883 0.08171206225680934 0.16536964980544747 
0.09971509971509972 0.04131054131054131 0.7407407407407407 0.06552706552706553 0.05270655270655271 
0.16470588235294117 0.08941176470588236 0.5788235294117647 0.08941176470588236 0.07764705882352942 
0.07692307692307693 0.04072398190045249 0.5294117647058824 0.3031674208144796 0.049773755656108594 
0.22419928825622776 0.10320284697508897 0.16370106761565836 0.13167259786476868 0.37722419928825623 
0.2137546468401487 0.026022304832713755 0.16480793060718713 0.17843866171003717 0.41697645600991323 
0.0636042402826855 0.7385159010600707 0.06007067137809187 0.09187279151943463 0.045936395759717315 
0.11377245508982035 0.0718562874251497 0.059880239520958084 0.0718562874251497 0.6826347305389222 
0.4585492227979275 0.10362694300518134 0.11658031088082901 0.23316062176165803 0.08808290155440414 
0.08189655172413793 0.05172413793103448 0.06465517241379311 0.09482758620689655 0.7068965517241379 
0.41784037558685444 0.06572769953051644 0.11267605633802817 0.07511737089201878 0.3286384976525822 
0.1371841155234657 0.06498194945848375 0.061371841155234655 0.04693140794223827 0.6895306859205776 
0.10144927536231885 0.07246376811594203 0.08695652173913043 0.08695652173913043 0.6521739130434783 
0.06501547987616099 0.04024767801857585 0.21981424148606812 0.5913312693498453 0.08359133126934984 
0.032504780114722756 0.02676864244741874 0.05353728489483748 0.745697896749522 0.14149139579349904 
0.034482758620689655 0.034482758620689655 0.03713527851458886 0.03713527851458886 0.8567639257294429 
0.2 0.24705882352941178 0.17647058823529413 0.15294117647058825 0.2235294117647059 
0.1044776119402985 0.05373134328358209 0.20298507462686566 0.5462686567164179 0.09253731343283582 
0.14814814814814814 0.12345679012345678 0.13580246913580246 0.14814814814814814 0.4444444444444444 
0.07589285714285714 0.049107142857142856 0.10267857142857142 0.11160714285714286 0.6607142857142857 
0.07731958762886598 0.061855670103092786 0.07216494845360824 0.15979381443298968 0.6288659793814433 
0.031092436974789917 0.013445378151260505 0.03361344537815126 0.880672268907563 0.041176470588235294 
0.11764705882352941 0.17647058823529413 0.42857142857142855 0.11764705882352941 0.15966386554621848 
0.0880597014925373 0.025373134328358207 0.06865671641791045 0.6865671641791045 0.13134328358208955 
0.06439393939393939 0.7348484848484849 0.041666666666666664 0.07954545454545454 0.07954545454545454 
0.05818965517241379 0.03879310344827586 0.023706896551724137 0.028017241379310345 0.8512931034482759 
0.06329113924050633 0.05063291139240506 0.12236286919831224 0.5717299578059072 0.19198312236286919 
0.5013927576601671 0.027855153203342618 0.06685236768802229 0.11977715877437325 0.2841225626740947 
0.15229885057471265 0.05459770114942529 0.10344827586206896 0.5890804597701149 0.10057471264367816 
0.11494252873563218 0.08620689655172414 0.10344827586206896 0.3620689655172414 0.3333333333333333 
0.24691358024691357 0.10493827160493827 0.36419753086419754 0.13271604938271606 0.15123456790123457 
0.058365758754863814 0.8093385214007782 0.05058365758754864 0.042801556420233464 0.038910505836575876 
0.29004329004329005 0.21645021645021645 0.21212121212121213 0.12554112554112554 0.15584415584415584 
0.05555555555555555 0.03229974160206718 0.727390180878553 0.11627906976744186 0.06847545219638243 
0.18452380952380953 0.047619047619047616 0.10714285714285714 0.5803571428571429 0.08035714285714286 
0.07046070460704607 0.04878048780487805 0.13550135501355012 0.07859078590785908 0.6666666666666666 
0.11515151515151516 0.09090909090909091 0.21818181818181817 0.44242424242424244 0.13333333333333333 
0.14949037372593432 0.6738391845979615 0.08833522083805209 0.04983012457531144 0.03850509626274066 
0.12222222222222222 0.040740740740740744 0.662962962962963 0.1037037037037037 0.07037037037037037 
0.11451942740286299 0.4703476482617587 0.2842535787321063 0.08588957055214724 0.044989775051124746 
0.359026369168357 0.07910750507099391 0.056795131845841784 0.13184584178498987 0.37322515212981744 
0.0653061224489796 0.03469387755102041 0.19591836734693877 0.053061224489795916 0.6510204081632653 
0.04066073697585769 0.04701397712833545 0.3951715374841169 0.21473951715374842 0.30241423125794153 
0.5483870967741935 0.02867383512544803 0.06630824372759857 0.2777777777777778 0.07885304659498207 
0.1299638989169675 0.05776173285198556 0.19133574007220217 0.516245487364621 0.10469314079422383 
0.0449438202247191 0.016421780466724288 0.019878997407087293 0.07778738115816768 0.8409680207433017 
0.08247422680412371 0.028350515463917526 0.21391752577319587 0.5309278350515464 0.14432989690721648 
0.19722073757349012 0.05611972207375735 0.1811865312667023 0.21111704970603956 0.3543559593800107 
0.2510204081632653 0.05102040816326531 0.07959183673469387 0.05918367346938776 0.5591836734693878 
0.28125 0.06770833333333333 0.10416666666666667 0.4661458333333333 0.08072916666666667 
0.08178844056706652 0.7611777535441657 0.07960741548527808 0.03489640130861505 0.04252998909487459 
0.03826086956521739 0.02434782608695652 0.057391304347826085 0.08869565217391304 0.7913043478260869 
0.09915611814345991 0.04219409282700422 0.09071729957805907 0.5759493670886076 0.19198312236286919 
0.13725490196078433 0.12745098039215685 0.12745098039215685 0.10784313725490197 0.5 
0.0509683995922528 0.012232415902140673 0.1763506625891947 0.7329255861365953 0.027522935779816515 
0.18055555555555555 0.0798611111111111 0.12152777777777778 0.4409722222222222 0.17708333333333334 
0.1056782334384858 0.7444794952681388 0.03785488958990536 0.055205047318611984 0.056782334384858045 
0.08496732026143791 0.0718954248366013 0.1111111111111111 0.09803921568627451 0.6339869281045751 
0.1320754716981132 0.09433962264150944 0.09433962264150944 0.11320754716981132 0.5660377358490566 
0.05802047781569966 0.04436860068259386 0.5597269624573379 0.2150170648464164 0.12286689419795221 
0.1 0.10714285714285714 0.17142857142857143 0.12142857142857143 0.5 
0.9130434782608695 0.00919732441471572 0.014214046822742474 0.020066889632107024 0.043478260869565216 
0.11270125223613596 0.03220035778175313 0.08228980322003578 0.11985688729874776 0.6529516994633273 
0.18181818181818182 0.10795454545454546 0.17045454545454544 0.3693181818181818 0.17045454545454544 
0.05660377358490566 0.7245283018867924 0.06792452830188679 0.10943396226415095 0.04150943396226415 
0.11666666666666667 0.1523809523809524 0.5261904761904762 0.1261904761904762 0.07857142857142857 
0.11877394636015326 0.05747126436781609 0.15708812260536398 0.5862068965517241 0.08045977011494253 
0.10679611650485436 0.0970873786407767 0.10679611650485436 0.0970873786407767 0.5922330097087378 
0.49029126213592233 0.12864077669902912 0.11893203883495146 0.10436893203883495 0.15776699029126215 
0.386046511627907 0.07441860465116279 0.11627906976744186 0.13023255813953488 0.2930232558139535 
0.05415162454873646 0.703971119133574 0.06859205776173286 0.13357400722021662 0.039711191335740074 
0.3648068669527897 0.04291845493562232 0.11587982832618025 0.12446351931330472 0.351931330472103 
0.05090909090909091 0.7272727272727273 0.11272727272727273 0.06181818181818182 0.04727272727272727 
0.2636363636363636 0.12954545454545455 0.18181818181818182 0.3409090909090909 0.08409090909090909 
0.09523809523809523 0.02564102564102564 0.7936507936507936 0.029304029304029304 0.05616605616605617 
0.07692307692307693 0.03076923076923077 0.05641025641025641 0.6820512820512821 0.15384615384615385 
0.07083333333333333 0.07083333333333333 0.6458333333333334 0.14583333333333334 0.06666666666666667 
0.2608695652173913 0.06086956521739131 0.07391304347826087 0.06956521739130435 0.5347826086956522 
0.11848341232227488 0.052132701421800945 0.05687203791469194 0.061611374407582936 0.7109004739336493 
0.09505703422053231 0.060836501901140684 0.09505703422053231 0.6463878326996197 0.10266159695817491 
0.1826677994902294 0.25658453695836875 0.10365335598980459 0.08411214953271028 0.372982158028887 
0.19383259911894274 0.3964757709251101 0.1894273127753304 0.07929515418502203 0.14096916299559473 
0.06829268292682927 0.03902439024390244 0.07317073170731707 0.3195121951219512 0.5 
0.21136063408190225 0.0607661822985469 0.10568031704095113 0.5508586525759577 0.071334214002642 
0.06451612903225806 0.6989247311827957 0.05734767025089606 0.13261648745519714 0.04659498207885305 
0.0343796711509716 0.02092675635276532 0.052316890881913304 0.4125560538116592 0.4798206278026906 
0.04833512352309345 0.24919441460794844 0.04618689581095596 0.28678839957035446 0.3694951664876477 
0.08852140077821012 0.048638132295719845 0.5671206225680934 0.16536964980544747 0.1303501945525292 
0.05859375 0.74609375 0.046875 0.09375 0.0546875 
0.08092485549132948 0.8280346820809249 0.02601156069364162 0.031791907514450865 0.033236994219653176 
0.06921944035346098 0.036818851251840944 0.18262150220913106 0.042709867452135494 0.6686303387334315 
0.0967741935483871 0.08870967741935484 0.08870967741935484 0.0967741935483871 0.6290322580645161 
0.11420612813370473 0.05013927576601671 0.16434540389972144 0.1309192200557103 0.5403899721448467 
0.0771513353115727 0.02373887240356083 0.05489614243323442 0.701780415430267 0.142433234421365 
0.048507462686567165 0.8171641791044776 0.048507462686567165 0.04477611940298507 0.041044776119402986 
0.09831460674157304 0.0449438202247191 0.5308988764044944 0.2752808988764045 0.05056179775280899 
0.0959409594095941 0.04428044280442804 0.1033210332103321 0.6826568265682657 0.07380073800738007 
0.9132610508757297 0.010008340283569641 0.012510425354462052 0.0158465387823186 0.04837364470391994 
0.06534090909090909 0.017992424242424244 0.026515151515151516 0.06723484848484848 0.8229166666666666 
0.0665024630541872 0.03694581280788178 0.03201970443349754 0.034482758620689655 0.8300492610837439 
0.07586206896551724 0.041379310344827586 0.05172413793103448 0.07931034482758621 0.7517241379310344 
0.061224489795918366 0.03877551020408163 0.15918367346938775 0.04693877551020408 0.6938775510204082 
0.37115384615384617 0.023076923076923078 0.038461538461538464 0.4807692307692308 0.08653846153846154 
0.06601466992665037 0.05378973105134474 0.30073349633251834 0.5232273838630807 0.05623471882640587 
0.14743589743589744 0.10256410256410256 0.14743589743589744 0.4935897435897436 0.10897435897435898 
0.09494640122511486 0.036753445635528334 0.7289433384379785 0.10643185298621746 0.032924961715160794 
0.6237037037037036 0.037037037037037035 0.12148148148148148 0.037037037037037035 0.18074074074074073 
0.4552912223133716 0.03527481542247744 0.20672682526661199 0.17145200984413453 0.13125512715340443 
0.07677543186180422 0.026871401151631478 0.023032629558541268 0.8291746641074856 0.044145873320537425 
0.06770833333333333 0.0625 0.06770833333333333 0.06770833333333333 0.734375 
0.16412213740458015 0.46564885496183206 0.1984732824427481 0.07633587786259542 0.09541984732824428 
0.048109965635738834 0.8247422680412371 0.041237113402061855 0.037800687285223365 0.048109965635738834 
0.9156829679595279 0.00927487352445194 0.013490725126475547 0.016863406408094434 0.04468802698145025 
0.05802047781569966 0.03754266211604096 0.5290102389078498 0.23208191126279865 0.14334470989761092 
0.14738805970149255 0.022388059701492536 0.125 0.3255597014925373 0.37966417910447764 
0.16908212560386474 0.050724637681159424 0.050724637681159424 0.04830917874396135 0.6811594202898551 
0.265625 0.04375 0.071875 0.5 0.11875 
0.05860805860805861 0.10989010989010989 0.3516483516483517 0.3992673992673993 0.08058608058608059 
0.03345498783454988 0.018856447688564478 0.1502433090024331 0.7250608272506083 0.07238442822384428 
0.041666666666666664 0.041666666666666664 0.53125 0.2361111111111111 0.14930555555555555 
0.18584070796460178 0.10619469026548672 0.1415929203539823 0.19469026548672566 0.37168141592920356 
0.07048458149779736 0.033773861967694566 0.18061674008810572 0.6784140969162996 0.03671071953010279 
0.0946969696969697 0.7613636363636364 0.03787878787878788 0.056818181818181816 0.04924242424242424 
0.0915032679738562 0.0718954248366013 0.08496732026143791 0.1111111111111111 0.6405228758169934 
0.06691449814126393 0.04460966542750929 0.08921933085501858 0.31226765799256506 0.48698884758364314 
0.20738636363636365 0.0625 0.16761363636363635 0.07670454545454546 0.48579545454545453 
0.10582010582010581 0.05026455026455026 0.17195767195767195 0.10052910052910052 0.5714285714285714 
0.06716417910447761 0.027985074626865673 0.027985074626865673 0.8152985074626866 0.061567164179104475 
0.09375 0.06510416666666667 0.5598958333333334 0.21354166666666666 0.06770833333333333 
0.061371841155234655 0.036101083032490974 0.039711191335740074 0.05776173285198556 0.8050541516245487 
0.033962264150943396 0.03018867924528302 0.03773584905660377 0.09245283018867924 0.8056603773584906 
0.11063829787234042 0.05531914893617021 0.05531914893617021 0.06382978723404255 0.7148936170212766 
0.09375 0.03977272727272727 0.11647727272727272 0.7088068181818182 0.041193181818181816 
0.11297071129707113 0.0502092050209205 0.058577405857740586 0.07531380753138076 0.702928870292887 
0.26376146788990823 0.15137614678899083 0.2958715596330275 0.1353211009174312 0.1536697247706422 
0.11894273127753303 0.06607929515418502 0.20704845814977973 0.4889867841409692 0.11894273127753303 
0.04887218045112782 0.7105263157894737 0.12781954887218044 0.06015037593984962 0.05263157894736842 
0.03935185185185185 0.041666666666666664 0.04398148148148148 0.08564814814814815 0.7893518518518519 
0.10227272727272728 0.045454545454545456 0.05303030303030303 0.6818181818181818 0.11742424242424243 
0.5112359550561798 0.033707865168539325 0.06741573033707865 0.12359550561797752 0.2640449438202247 
0.128 0.144 0.28 0.264 0.184 
0.31417624521072796 0.21455938697318008 0.16091954022988506 0.19923371647509577 0.1111111111111111 
0.12041884816753927 0.15706806282722513 0.5287958115183246 0.11518324607329843 0.07853403141361257 
0.05660377358490566 0.7924528301886793 0.045283018867924525 0.045283018867924525 0.06037735849056604 
0.03983516483516483 0.019230769230769232 0.06318681318681318 0.028846153846153848 0.8489010989010989 
0.1328125 0.034505208333333336 0.123046875 0.115234375 0.5944010416666666 
0.3302139037433155 0.05614973262032086 0.16443850267379678 0.27406417112299464 0.1751336898395722 
0.5789473684210527 0.08187134502923976 0.09941520467836257 0.09941520467836257 0.14035087719298245 
