0.05763688760806916 0.07204610951008646 0.7031700288184438 0.10951008645533142 0.05763688760806916 
0.6735537190082644 0.08471074380165289 0.06198347107438017 0.1384297520661157 0.04132231404958678 
0.2543223647518126 0.30228667038482987 0.2548800892359175 0.16675962074735082 0.021751254880089235 
0.04983388704318937 0.840531561461794 0.05813953488372093 0.026578073089700997 0.024916943521594685 
0.17391304347826086 0.2427536231884058 0.2826086956521739 0.2427536231884058 0.057971014492753624 
0.06746031746031746 0.06349206349206349 0.04365079365079365 0.04365079365079365 0.7817460317460317 
0.06563039723661486 0.05181347150259067 0.7288428324697754 0.08290155440414508 0.07081174438687392 
0.07427055702917772 0.11405835543766578 0.5862068965517241 0.15384615384615385 0.07161803713527852 
0.8272727272727273 0.05454545454545454 0.045454545454545456 0.05303030303030303 0.019696969696969695 
0.11538461538461539 0.3021978021978022 0.26373626373626374 0.23076923076923078 0.08791208791208792 
0.12643678160919541 0.632183908045977 0.09770114942528736 0.06321839080459771 0.08045977011494253 
0.43455497382198954 0.193717277486911 0.07329842931937172 0.193717277486911 0.10471204188481675 
0.10725552050473186 0.1608832807570978 0.40063091482649843 0.2586750788643533 0.07255520504731862 
0.05517241379310345 0.7 0.12413793103448276 0.06206896551724138 0.05862068965517241 
0.1328125 0.3020833333333333 0.19270833333333334 0.3333333333333333 0.0390625 
0.1069182389937107 0.6540880503144654 0.08176100628930817 0.0880503144654088 0.06918238993710692 
0.16258351893095768 0.11581291759465479 0.5879732739420935 0.0957683741648107 0.0378619153674833 
0.47249190938511326 0.09061488673139159 0.08414239482200647 0.2621359223300971 0.09061488673139159 
0.05622489959839357 0.04819277108433735 0.04417670682730924 0.0963855421686747 0.7550200803212851 
0.44525547445255476 0.1386861313868613 0.20437956204379562 0.12408759124087591 0.08759124087591241 
0.21823617339312407 0.11210762331838565 0.06726457399103139 0.554559043348281 0.04783258594917788 
0.11552680221811461 0.16266173752310537 0.07578558225508318 0.5924214417744916 0.053604436229205174 
0.8569023569023569 0.04882154882154882 0.037037037037037035 0.03872053872053872 0.018518518518518517 
0.03981264637002342 0.8594847775175644 0.04215456674473068 0.03278688524590164 0.02576112412177986 
0.056555269922879174 0.09768637532133675 0.5886889460154242 0.14138817480719795 0.11568123393316196 
0.10270270270270271 0.33513513513513515 0.2972972972972973 0.12432432432432433 0.14054054054054055 
0.1518796992481203 0.09172932330827067 0.1037593984962406 0.5819548872180451 0.07067669172932331 
0.14285714285714285 0.08241758241758242 0.532967032967033 0.1043956043956044 0.13736263736263737 
0.2202797202797203 0.13636363636363635 0.3881118881118881 0.0944055944055944 0.16083916083916083 
0.30117647058823527 0.13411764705882354 0.20705882352941177 0.13176470588235295 0.22588235294117648 
0.039764359351988215 0.44035346097201766 0.11634756995581738 0.3858615611192931 0.017673048600883652 
0.15921787709497207 0.3100558659217877 0.35195530726256985 0.12290502793296089 0.055865921787709494 
0.3262411347517731 0.4929078014184397 0.05319148936170213 0.08156028368794327 0.04609929078014184 
0.6218097447795824 0.12993039443155452 0.0951276102088167 0.09744779582366589 0.05568445475638051 
0.1619718309859155 0.08098591549295775 0.36971830985915494 0.2887323943661972 0.09859154929577464 
0.1437908496732026 0.06753812636165578 0.18736383442265794 0.18082788671023964 0.420479302832244 
0.050387596899224806 0.08527131782945736 0.7034883720930233 0.06976744186046512 0.09108527131782945 
0.13309352517985612 0.7446043165467626 0.03776978417266187 0.06474820143884892 0.019784172661870502 
0.17905918057663125 0.07132018209408195 0.1411229135053111 0.5644916540212443 0.04400606980273141 
0.43820224719101125 0.30337078651685395 0.07865168539325842 0.12359550561797752 0.056179775280898875 
0.548951048951049 0.20279720279720279 0.13286713286713286 0.055944055944055944 0.05944055944055944 
0.28191489361702127 0.09574468085106383 0.07446808510638298 0.4734042553191489 0.07446808510638298 
0.6978723404255319 0.10212765957446808 0.027659574468085105 0.13829787234042554 0.03404255319148936 
0.11959287531806616 0.2926208651399491 0.4071246819338422 0.13994910941475827 0.04071246819338423 
0.1 0.6411764705882353 0.08823529411764706 0.10588235294117647 0.06470588235294118 
0.14804469273743018 0.3324022346368715 0.33519553072625696 0.1452513966480447 0.03910614525139665 
0.052845528455284556 0.04878048780487805 0.044715447154471545 0.052845528455284556 0.8008130081300813 
0.11596385542168675 0.03765060240963856 0.01957831325301205 0.7801204819277109 0.046686746987951805 
0.09259259259259259 0.375 0.08796296296296297 0.08796296296296297 0.35648148148148145 
0.13043478260869565 0.321256038647343 0.2318840579710145 0.28019323671497587 0.036231884057971016 
0.6336260978670013 0.05520702634880803 0.11417816813048934 0.1493099121706399 0.04767879548306148 
0.16477272727272727 0.5170454545454546 0.08522727272727272 0.06818181818181818 0.16477272727272727 
0.04642857142857143 0.8107142857142857 0.04285714285714286 0.04285714285714286 0.05714285714285714 
0.09742120343839542 0.7421203438395415 0.05157593123209169 0.045845272206303724 0.06303724928366762 
0.662962962962963 0.1037037037037037 0.08518518518518518 0.09259259259259259 0.05555555555555555 
0.2702702702702703 0.20945945945945946 0.12837837837837837 0.18243243243243243 0.20945945945945946 
0.07963594994311718 0.038680318543799774 0.05915813424345848 0.8043230944254836 0.01820250284414107 
0.09337349397590361 0.11596385542168675 0.06325301204819277 0.677710843373494 0.04969879518072289 
0.060714285714285714 0.07857142857142857 0.10714285714285714 0.05 0.7035714285714286 
0.14214463840399003 0.5486284289276808 0.14214463840399003 0.10972568578553615 0.057356608478802994 
0.03732303732303732 0.8365508365508365 0.036036036036036036 0.0682110682110682 0.021879021879021878 
0.30927835051546393 0.15463917525773196 0.21649484536082475 0.15463917525773196 0.16494845360824742 
0.11702127659574468 0.5106382978723404 0.13829787234042554 0.11702127659574468 0.11702127659574468 
0.05791505791505792 0.0694980694980695 0.07722007722007722 0.04633204633204633 0.749034749034749 
0.22929936305732485 0.06369426751592357 0.48089171974522293 0.1178343949044586 0.10828025477707007 
0.051470588235294115 0.0625 0.04779411764705882 0.05514705882352941 0.7830882352941176 
0.0684326710816777 0.5960264900662252 0.16777041942604856 0.1346578366445916 0.033112582781456956 
0.5634615384615385 0.10384615384615385 0.04230769230769231 0.10961538461538461 0.18076923076923077 
0.08816705336426914 0.5614849187935035 0.11136890951276102 0.18097447795823665 0.058004640371229696 
0.1752988047808765 0.5537848605577689 0.11553784860557768 0.099601593625498 0.055776892430278883 
0.14022140221402213 0.14760147601476015 0.1881918819188192 0.44649446494464945 0.07749077490774908 
0.06645569620253164 0.056962025316455694 0.4778481012658228 0.1962025316455696 0.20253164556962025 
0.225 0.09285714285714286 0.09285714285714286 0.075 0.5142857142857142 
0.5223214285714286 0.12053571428571429 0.03125 0.11160714285714286 0.21428571428571427 
0.05128205128205128 0.8358974358974359 0.04358974358974359 0.038461538461538464 0.03076923076923077 
0.6875 0.14930555555555555 0.052083333333333336 0.06944444444444445 0.041666666666666664 
0.7932885906040269 0.038926174496644296 0.021476510067114093 0.12885906040268458 0.0174496644295302 
0.5515151515151515 0.12121212121212122 0.10909090909090909 0.12727272727272726 0.09090909090909091 
0.563953488372093 0.187984496124031 0.046511627906976744 0.1686046511627907 0.03294573643410853 
0.03926096997690531 0.03233256351039261 0.03464203233256351 0.8660508083140878 0.02771362586605081 
0.8263772954924875 0.045075125208681135 0.04340567612687813 0.06010016694490818 0.025041736227045076 
0.05338078291814947 0.41637010676156583 0.05693950177935943 0.046263345195729534 0.42704626334519574 
0.5424063116370809 0.1755424063116371 0.09861932938856016 0.14595660749506903 0.03747534516765286 
0.7579737335834896 0.11069418386491557 0.03377110694183865 0.07317073170731707 0.024390243902439025 
0.13692946058091288 0.6929460580912863 0.07468879668049792 0.04979253112033195 0.04564315352697095 
0.6865869853917662 0.17264276228419656 0.04249667994687915 0.0796812749003984 0.01859229747675963 
0.1515625 0.5515625 0.153125 0.10625 0.0375 
0.7892768079800498 0.03366583541147132 0.029925187032418952 0.12468827930174564 0.022443890274314215 
0.5721812434141201 0.07692307692307693 0.18756585879873552 0.11275026343519494 0.0505795574288725 
0.06333333333333334 0.04 0.8255555555555556 0.05333333333333334 0.017777777777777778 
0.09774436090225563 0.6942355889724311 0.07017543859649122 0.10275689223057644 0.03508771929824561 
0.4009584664536741 0.43450479233226835 0.0463258785942492 0.07188498402555911 0.0463258785942492 
0.03453947368421053 0.8388157894736842 0.05756578947368421 0.044407894736842105 0.024671052631578948 
0.12594458438287154 0.2947103274559194 0.4005037783375315 0.14105793450881612 0.037783375314861464 
0.19471488178025034 0.6328233657858137 0.04450625869262865 0.10500695410292073 0.02294853963838665 
0.13186813186813187 0.4358974358974359 0.20146520146520147 0.17582417582417584 0.054945054945054944 
0.872393661384487 0.04837364470391994 0.030859049207673062 0.03836530442035029 0.010008340283569641 
0.5787401574803149 0.05905511811023622 0.03740157480314961 0.2874015748031496 0.03740157480314961 
0.05862068965517241 0.04827586206896552 0.04827586206896552 0.12413793103448276 0.7206896551724138 
0.1719409282700422 0.04219409282700422 0.08122362869198312 0.669831223628692 0.03481012658227848 
0.5432372505543237 0.13082039911308205 0.12638580931263857 0.15077605321507762 0.04878048780487805 
0.0824295010845987 0.46203904555314534 0.15184381778741865 0.27331887201735355 0.03036876355748373 
0.18052256532066507 0.1021377672209026 0.24228028503562946 0.42755344418052255 0.047505938242280284 
0.23114355231143552 0.15571776155717762 0.15085158150851583 0.40632603406326034 0.05596107055961071 
0.06420233463035019 0.2529182879377432 0.4766536964980545 0.17509727626459143 0.0311284046692607 
0.10968660968660969 0.06267806267806268 0.038461538461538464 0.7492877492877493 0.039886039886039885 
0.0988235294117647 0.08941176470588236 0.15764705882352942 0.5811764705882353 0.07294117647058823 
0.3740573152337858 0.06033182503770739 0.042232277526395176 0.23529411764705882 0.28808446455505277 
0.16370106761565836 0.27402135231316727 0.31316725978647686 0.20284697508896798 0.046263345195729534 
0.177819083023544 0.4857496902106567 0.10346964064436183 0.20817843866171004 0.024783147459727387 
0.08833922261484099 0.05653710247349823 0.05653710247349823 0.06007067137809187 0.7385159010600707 
0.0658682634730539 0.6167664670658682 0.16766467065868262 0.059880239520958084 0.08982035928143713 
0.25906735751295334 0.10621761658031088 0.41968911917098445 0.11398963730569948 0.10103626943005181 
0.1336206896551724 0.6939655172413793 0.05172413793103448 0.0603448275862069 0.0603448275862069 
0.09859154929577464 0.3333333333333333 0.40375586854460094 0.09859154929577464 0.06572769953051644 
0.07581227436823104 0.6389891696750902 0.148014440433213 0.06498194945848375 0.07220216606498195 
0.0821256038647343 0.6714975845410628 0.12077294685990338 0.06763285024154589 0.057971014492753624 
0.5634674922600619 0.08359133126934984 0.04953560371517028 0.25077399380804954 0.05263157894736842 
0.7762906309751434 0.10707456978967496 0.021032504780114723 0.06883365200764818 0.02676864244741874 
0.042440318302387266 0.8514588859416445 0.042440318302387266 0.034482758620689655 0.029177718832891247 
0.2 0.24705882352941178 0.12941176470588237 0.12941176470588237 0.29411764705882354 
0.5940298507462687 0.1044776119402985 0.04477611940298507 0.1880597014925373 0.06865671641791045 
0.18518518518518517 0.3950617283950617 0.16049382716049382 0.12345679012345678 0.13580246913580246 
0.16964285714285715 0.6517857142857143 0.07589285714285714 0.05357142857142857 0.049107142857142856 
0.10824742268041238 0.5154639175257731 0.1134020618556701 0.06701030927835051 0.1958762886597938 
0.8815126050420168 0.047058823529411764 0.021848739495798318 0.03697478991596639 0.012605042016806723 
0.16806722689075632 0.1092436974789916 0.18487394957983194 0.42016806722689076 0.11764705882352941 
0.6880597014925374 0.1761194029850746 0.056716417910447764 0.0626865671641791 0.016417910447761194 
0.0946969696969697 0.08333333333333333 0.04924242424242424 0.04924242424242424 0.7234848484848485 
0.04741379310344827 0.8556034482758621 0.034482758620689655 0.03879310344827586 0.023706896551724137 
0.6582278481012658 0.1350210970464135 0.05485232067510549 0.11814345991561181 0.03375527426160337 
0.25069637883008355 0.4818941504178273 0.10027855153203342 0.1309192200557103 0.036211699164345405 
0.6637931034482759 0.07758620689655173 0.06609195402298851 0.14655172413793102 0.04597701149425287 
0.3160919540229885 0.2471264367816092 0.09770114942528736 0.11494252873563218 0.22413793103448276 
0.19753086419753085 0.10493827160493827 0.2345679012345679 0.38271604938271603 0.08024691358024691 
0.038910505836575876 0.054474708171206226 0.10894941634241245 0.05058365758754864 0.7470817120622568 
0.2077922077922078 0.12554112554112554 0.38961038961038963 0.1645021645021645 0.11255411255411256 
0.08914728682170543 0.07751937984496124 0.04392764857881137 0.7454780361757106 0.04392764857881137 
0.5 0.14285714285714285 0.07142857142857142 0.08333333333333333 0.20238095238095238 
0.08130081300813008 0.6829268292682927 0.06233062330623306 0.12466124661246612 0.04878048780487805 
0.38181818181818183 0.10303030303030303 0.10303030303030303 0.2606060606060606 0.15151515151515152 
0.044167610419026046 0.02491506228765572 0.8482446206115515 0.05889014722536806 0.02378255945639864 
0.1037037037037037 0.08148148148148149 0.07407407407407407 0.6925925925925925 0.04814814814814815 
0.08997955010224949 0.065439672801636 0.5480572597137015 0.2474437627811861 0.049079754601226995 
0.12981744421906694 0.3509127789046653 0.3204868154158215 0.07707910750507099 0.12170385395537525 
0.0326530612244898 0.5122448979591837 0.0673469387755102 0.363265306122449 0.024489795918367346 
0.21982210927573062 0.25412960609911056 0.048284625158831 0.4155019059720457 0.062261753494282084 
0.525089605734767 0.1917562724014337 0.15232974910394265 0.08243727598566308 0.04838709677419355 
0.5523465703971119 0.09025270758122744 0.09025270758122744 0.20938628158844766 0.05776173285198556 
0.10198789974070872 0.8124459809853068 0.04148660328435609 0.029386343993085567 0.014693171996542784 
0.4948453608247423 0.18814432989690721 0.05412371134020619 0.22938144329896906 0.03350515463917526 
0.22768572955638697 0.361838588989845 0.1998931052912881 0.1902725815072154 0.020309994655264563 
0.06938775510204082 0.7183673469387755 0.08775510204081632 0.09795918367346938 0.026530612244897958 
0.4583333333333333 0.09114583333333333 0.15625 0.21875 0.07552083333333333 
0.030534351145038167 0.04143947655398037 0.8276990185387132 0.07633587786259542 0.023991275899672846 
0.12 0.7652173913043478 0.04521739130434783 0.05217391304347826 0.017391304347826087 
0.6455696202531646 0.17088607594936708 0.04430379746835443 0.10759493670886076 0.03164556962025317 
0.10784313725490197 0.5098039215686274 0.14705882352941177 0.11764705882352941 0.11764705882352941 
0.7349643221202854 0.04485219164118247 0.0326197757390418 0.1365953109072375 0.0509683995922528 
0.3368055555555556 0.2569444444444444 0.08680555555555555 0.09375 0.22569444444444445 
0.052050473186119876 0.04258675078864353 0.8186119873817035 0.04889589905362776 0.03785488958990536 
0.17647058823529413 0.5555555555555556 0.0784313725490196 0.1111111111111111 0.0784313725490196 
0.09433962264150944 0.5943396226415094 0.11320754716981132 0.09433962264150944 0.10377358490566038 
0.14334470989761092 0.12627986348122866 0.05460750853242321 0.06484641638225255 0.6109215017064846 
0.15714285714285714 0.4785714285714286 0.1357142857142857 0.11428571428571428 0.11428571428571428 
0.03762541806020067 0.9222408026755853 0.01588628762541806 0.013377926421404682 0.010869565217391304 
0.1449016100178891 0.516994633273703 0.23255813953488372 0.08586762075134168 0.01967799642218247 
0.26704545454545453 0.19318181818181818 0.11931818181818182 0.13636363636363635 0.2840909090909091 
0.0830188679245283 0.05660377358490566 0.05660377358490566 0.06415094339622641 0.7396226415094339 
0.08095238095238096 0.06428571428571428 0.1976190476190476 0.30714285714285716 0.35 
0.6513409961685823 0.06513409961685823 0.08045977011494253 0.13026819923371646 0.07279693486590039 
0.11650485436893204 0.5922330097087378 0.0970873786407767 0.0970873786407767 0.0970873786407767 
0.07766990291262135 0.2111650485436893 0.5412621359223301 0.12135922330097088 0.04854368932038835 
0.07906976744186046 0.3395348837209302 0.3953488372093023 0.11162790697674418 0.07441860465116279 
0.11913357400722022 0.05054151624548736 0.04332129963898917 0.04693140794223827 0.740072202166065 
0.19957081545064378 0.4313304721030043 0.19742489270386265 0.13090128755364808 0.0407725321888412 
0.08363636363636363 0.05090909090909091 0.04 0.09454545454545454 0.730909090909091 
0.32727272727272727 0.05909090909090909 0.29772727272727273 0.26590909090909093 0.05 
0.0231990231990232 0.047619047619047616 0.05616605616605617 0.8522588522588522 0.020757020757020756 
0.6974358974358974 0.12564102564102564 0.046153846153846156 0.09743589743589744 0.03333333333333333 
0.20416666666666666 0.09166666666666666 0.06666666666666667 0.5291666666666667 0.10833333333333334 
0.06086956521739131 0.7391304347826086 0.0782608695652174 0.06956521739130435 0.05217391304347826 
0.05687203791469194 0.7772511848341233 0.05687203791469194 0.05687203791469194 0.052132701421800945 
0.6653992395437263 0.06463878326996197 0.12927756653992395 0.07984790874524715 0.060836501901140684 
0.09005947323704333 0.2973661852166525 0.46559048428207306 0.12149532710280374 0.025488530161427356 
0.0881057268722467 0.1145374449339207 0.5638766519823789 0.1277533039647577 0.10572687224669604 
0.15853658536585366 0.36829268292682926 0.036585365853658534 0.041463414634146344 0.3951219512195122 
0.582562747688243 0.12945838837516513 0.14663143989431968 0.1096433289299868 0.031704095112285335 
0.10752688172043011 0.07168458781362007 0.03942652329749104 0.053763440860215055 0.7275985663082437 
0.43647234678624813 0.4469357249626308 0.01943198804185351 0.05829596412556054 0.03886397608370702 
0.25671321160042965 0.32867883995703545 0.050483351235230935 0.05692803437164339 0.3071965628356606 
0.1916342412451362 0.14202334630350194 0.04961089494163424 0.566147859922179 0.05058365758754864 
0.07421875 0.05859375 0.04296875 0.046875 0.77734375 
0.02745664739884393 0.024566473988439308 0.8930635838150289 0.033236994219653176 0.02167630057803468 
0.045655375552282766 0.4565537555228277 0.10014727540500737 0.38144329896907214 0.016200294550810016 
0.10483870967741936 0.6370967741935484 0.0967741935483871 0.08064516129032258 0.08064516129032258 
0.16991643454038996 0.532033426183844 0.08913649025069638 0.1671309192200557 0.04178272980501393 
0.7047477744807121 0.1513353115727003 0.04747774480712166 0.0771513353115727 0.019287833827893175 
0.04477611940298507 0.06343283582089553 0.11940298507462686 0.05223880597014925 0.7201492537313433 
0.21629213483146068 0.06460674157303371 0.05056179775280899 0.6039325842696629 0.06460674157303371 
0.6826568265682657 0.06642066420664207 0.055350553505535055 0.13284132841328414 0.06273062730627306 
0.041701417848206836 0.902418682235196 0.02335279399499583 0.022518765638031693 0.010008340283569641 
0.10132575757575757 0.8001893939393939 0.04640151515151515 0.038825757575757576 0.013257575757575758 
0.03201970443349754 0.8472906403940886 0.04926108374384237 0.046798029556650245 0.024630541871921183 
0.05172413793103448 0.803448275862069 0.04827586206896552 0.03793103448275862 0.05862068965517241 
0.04693877551020408 0.5224489795918368 0.04897959183673469 0.36122448979591837 0.02040816326530612 
0.6326923076923077 0.19423076923076923 0.08269230769230769 0.05384615384615385 0.03653846153846154 
0.5207823960880196 0.05378973105134474 0.05623471882640587 0.15647921760391198 0.21271393643031786 
0.4230769230769231 0.1858974358974359 0.10256410256410256 0.21794871794871795 0.07051282051282051 
0.12557427258805512 0.02986217457886677 0.09877488514548238 0.7243491577335375 0.021439509954058193 
0.06518518518518518 0.23407407407407407 0.5066666666666667 0.16592592592592592 0.028148148148148148 
0.2206726825266612 0.12551271534044298 0.13863822805578344 0.4864643150123052 0.02871205906480722 
0.8330134357005758 0.036468330134357005 0.0671785028790787 0.026871401151631478 0.036468330134357005 
0.057291666666666664 0.7291666666666666 0.07291666666666667 0.07291666666666667 0.06770833333333333 
0.0916030534351145 0.10687022900763359 0.5801526717557252 0.10687022900763359 0.11450381679389313 
0.041237113402061855 0.054982817869415807 0.14776632302405499 0.05154639175257732 0.7044673539518901 
0.05311973018549747 0.9097807757166948 0.01517706576728499 0.013490725126475547 0.008431703204047217 
0.16382252559726962 0.11604095563139932 0.05802047781569966 0.04778156996587031 0.6143344709897611 
0.3582089552238806 0.4141791044776119 0.06996268656716417 0.12686567164179105 0.030783582089552237 
0.0748792270531401 0.6618357487922706 0.11352657004830918 0.10628019323671498 0.043478260869565216 
0.70625 0.140625 0.046875 0.071875 0.034375 
0.2967032967032967 0.05128205128205128 0.09523809523809523 0.1978021978021978 0.358974358974359 
0.4586374695863747 0.054136253041362534 0.02068126520681265 0.10279805352798053 0.3637469586374696 
0.14930555555555555 0.11458333333333333 0.059027777777777776 0.059027777777777776 0.6180555555555556 
0.1592920353982301 0.39823008849557523 0.18584070796460178 0.10619469026548672 0.1504424778761062 
0.6740088105726872 0.05286343612334802 0.049926578560939794 0.14684287812041116 0.0763582966226138 
0.045454545454545456 0.056818181818181816 0.10984848484848485 0.07196969696969698 0.7159090909090909 
0.11764705882352941 0.6274509803921569 0.0915032679738562 0.0784313725490196 0.08496732026143791 
0.2899628252788104 0.4795539033457249 0.05204460966542751 0.11895910780669144 0.05947955390334572 
0.08806818181818182 0.4147727272727273 0.1846590909090909 0.26420454545454547 0.048295454545454544 
0.1349206349206349 0.5740740740740741 0.082010582010582 0.17195767195767195 0.037037037037037035 
0.8097014925373134 0.041044776119402986 0.06902985074626866 0.041044776119402986 0.03917910447761194 
0.2604166666666667 0.0859375 0.109375 0.1484375 0.3958333333333333 
0.05054151624548736 0.8122743682310469 0.05054151624548736 0.036101083032490974 0.05054151624548736 
0.1320754716981132 0.7811320754716982 0.03018867924528302 0.035849056603773584 0.020754716981132074 
0.05531914893617021 0.7829787234042553 0.06382978723404255 0.05106382978723404 0.04680851063829787 
0.7613636363636364 0.041193181818181816 0.10795454545454546 0.046875 0.04261363636363636 
0.1506276150627615 0.6527196652719666 0.07112970711297072 0.07531380753138076 0.0502092050209205 
0.19495412844036697 0.15825688073394495 0.28211009174311924 0.21559633027522937 0.14908256880733944 
0.5506607929515418 0.10572687224669604 0.05726872246696035 0.19823788546255505 0.0881057268722467 
0.04887218045112782 0.041353383458646614 0.041353383458646614 0.12781954887218044 0.7406015037593985 
0.07407407407407407 0.7314814814814815 0.06018518518518518 0.09027777777777778 0.04398148148148148 
0.6931818181818182 0.12121212121212122 0.056818181818181816 0.06439393939393939 0.06439393939393939 
0.2696629213483146 0.46348314606741575 0.10393258426966293 0.10674157303370786 0.056179775280898875 
0.296 0.2 0.192 0.176 0.136 
0.16475095785440613 0.1111111111111111 0.47126436781609193 0.1839080459770115 0.06896551724137931 
0.13089005235602094 0.06282722513089005 0.16753926701570682 0.29842931937172773 0.3403141361256545 
0.03773584905660377 0.06792452830188679 0.06415094339622641 0.04150943396226415 0.7886792452830189 
0.02197802197802198 0.8598901098901099 0.028846153846153848 0.07417582417582418 0.01510989010989011 
0.1328125 0.5403645833333334 0.19661458333333334 0.11783854166666667 0.012369791666666666 
0.3342245989304813 0.22459893048128343 0.232620320855615 0.1711229946524064 0.0374331550802139 
0.1286549707602339 0.14035087719298245 0.5380116959064327 0.12280701754385964 0.07017543859649122 
