0.16556291390728478 0.033112582781456956 0.24834437086092714 0.5198675496688742 0.033112582781456956 
0.11616161616161616 0.050505050505050504 0.6767676767676768 0.10606060606060606 0.050505050505050504 
0.19607843137254902 0.19607843137254902 0.19607843137254902 0.19607843137254902 0.21568627450980393 
0.009871668311944718 0.5192497532082923 0.011846001974333662 0.009871668311944718 0.4491609081934847 
0.19230769230769232 0.23076923076923078 0.19230769230769232 0.19230769230769232 0.19230769230769232 
0.07792207792207792 0.02857142857142857 0.09090909090909091 0.7766233766233767 0.025974025974025976 
0.21052631578947367 0.17543859649122806 0.22807017543859648 0.19298245614035087 0.19298245614035087 
0.1736842105263158 0.05789473684210526 0.07368421052631578 0.6421052631578947 0.05263157894736842 
0.28 0.13333333333333333 0.29333333333333333 0.16 0.13333333333333333 
0.9107142857142857 0.01365546218487395 0.01995798319327731 0.0430672268907563 0.012605042016806723 
0.033950617283950615 0.030864197530864196 0.8611111111111112 0.043209876543209874 0.030864197530864196 
0.14285714285714285 0.026954177897574125 0.04582210242587601 0.7520215633423181 0.03234501347708895 
0.008710801393728223 0.4634146341463415 0.008710801393728223 0.008710801393728223 0.5104529616724739 
0.07407407407407407 0.06790123456790123 0.6481481481481481 0.14814814814814814 0.06172839506172839 
0.14150943396226415 0.12264150943396226 0.09433962264150944 0.5471698113207547 0.09433962264150944 
0.07065217391304347 0.05434782608695652 0.7391304347826086 0.08152173913043478 0.05434782608695652 
0.055970149253731345 0.09701492537313433 0.7014925373134329 0.10820895522388059 0.03731343283582089 
0.1946564885496183 0.04961832061068702 0.48854961832061067 0.21755725190839695 0.04961832061068702 
0.09565217391304348 0.08695652173913043 0.5739130434782609 0.14782608695652175 0.09565217391304348 
0.2037037037037037 0.18518518518518517 0.2222222222222222 0.18518518518518517 0.2037037037037037 
0.1784841075794621 0.02444987775061125 0.7188264058679706 0.05134474327628362 0.02689486552567237 
0.21052631578947367 0.17543859649122806 0.24561403508771928 0.19298245614035087 0.17543859649122806 
0.1306122448979592 0.04081632653061224 0.7387755102040816 0.04897959183673469 0.04081632653061224 
0.23214285714285715 0.17857142857142858 0.21428571428571427 0.19642857142857142 0.17857142857142858 
0.07428571428571429 0.05714285714285714 0.7257142857142858 0.08571428571428572 0.05714285714285714 
0.0074794315632011965 0.2572924457741212 0.0074794315632011965 0.0074794315632011965 0.7202692595362753 
0.2 0.18181818181818182 0.21818181818181817 0.21818181818181817 0.18181818181818182 
0.048507462686567165 0.04477611940298507 0.8134328358208955 0.055970149253731345 0.03731343283582089 
0.2 0.2 0.2 0.2 0.2 
0.48623853211009177 0.05045871559633028 0.18807339449541285 0.22935779816513763 0.045871559633027525 
0.1527777777777778 0.06944444444444445 0.11805555555555555 0.5902777777777778 0.06944444444444445 
0.5215686274509804 0.021568627450980392 0.2411764705882353 0.19607843137254902 0.0196078431372549 
0.19230769230769232 0.04142011834319527 0.11834319526627218 0.6183431952662722 0.029585798816568046 
0.3945578231292517 0.06802721088435375 0.272108843537415 0.19727891156462585 0.06802721088435375 
0.08152173913043478 0.05434782608695652 0.75 0.059782608695652176 0.05434782608695652 
0.08539944903581267 0.030303030303030304 0.26170798898071623 0.5950413223140496 0.027548209366391185 
0.8333333333333334 0.021568627450980392 0.07254901960784314 0.050980392156862744 0.021568627450980392 
0.0446927374301676 0.020484171322160148 0.8659217877094972 0.048417132216014895 0.020484171322160148 
0.27472527472527475 0.047619047619047616 0.3516483516483517 0.28205128205128205 0.04395604395604396 
0.0736196319018405 0.06134969325153374 0.656441717791411 0.1411042944785276 0.06748466257668712 
0.85667215815486 0.018121911037891267 0.07907742998352553 0.029654036243822075 0.016474464579901153 
0.32571428571428573 0.10285714285714286 0.12571428571428572 0.37714285714285717 0.06857142857142857 
0.12447257383966245 0.02109704641350211 0.7932489451476793 0.0379746835443038 0.023206751054852322 
0.016051364365971106 0.6308186195826645 0.016051364365971106 0.016051364365971106 0.32102728731942215 
0.11851126346718903 0.009794319294809012 0.7600391772771793 0.098922624877571 0.012732615083251714 
0.19230769230769232 0.19230769230769232 0.21153846153846154 0.21153846153846154 0.19230769230769232 
0.007575757575757576 0.5075757575757576 0.008333333333333333 0.00909090909090909 0.4674242424242424 
0.5173611111111112 0.041666666666666664 0.17708333333333334 0.2222222222222222 0.041666666666666664 
0.12448132780082988 0.04149377593360996 0.12033195020746888 0.6680497925311203 0.04564315352697095 
0.336127409891031 0.010896898575020955 0.5582564962279967 0.08633696563285834 0.008382229673093043 
0.9090909090909091 0.013513513513513514 0.025798525798525797 0.036855036855036855 0.014742014742014743 
0.06493506493506493 0.025974025974025976 0.8285714285714286 0.05194805194805195 0.02857142857142857 
0.13302752293577982 0.045871559633027525 0.12844036697247707 0.6467889908256881 0.045871559633027525 
0.1125 0.034375 0.678125 0.14375 0.03125 
0.08024691358024691 0.040123456790123455 0.08950617283950617 0.7561728395061729 0.033950617283950615 
0.12878787878787878 0.07575757575757576 0.6212121212121212 0.09848484848484848 0.07575757575757576 
0.09615384615384616 0.07051282051282051 0.5769230769230769 0.1858974358974359 0.07051282051282051 
0.7558441558441559 0.03116883116883117 0.09090909090909091 0.09610389610389611 0.025974025974025976 
0.8582302568981922 0.010466222645099905 0.030447193149381543 0.09134157944814462 0.009514747859181731 
0.08505154639175258 0.028350515463917526 0.8041237113402062 0.05670103092783505 0.02577319587628866 
0.08125 0.0625 0.6875 0.1 0.06875 
0.061274509803921566 0.024509803921568627 0.8504901960784313 0.0392156862745098 0.024509803921568627 
0.11392405063291139 0.06329113924050633 0.6265822784810127 0.13291139240506328 0.06329113924050633 
0.05128205128205128 0.07326007326007326 0.7948717948717948 0.04395604395604396 0.03663003663003663 
0.5832642916321458 0.009113504556752278 0.2593206296603148 0.140016570008285 0.008285004142502071 
0.031609195402298854 0.028735632183908046 0.867816091954023 0.04310344827586207 0.028735632183908046 
0.00620347394540943 0.40260545905707196 0.00620347394540943 0.00620347394540943 0.5787841191066998 
0.007473841554559043 0.37294469357249627 0.007473841554559043 0.007473841554559043 0.6046337817638266 
0.09116022099447514 0.027624309392265192 0.8204419889502762 0.03314917127071823 0.027624309392265192 
0.4178082191780822 0.0684931506849315 0.2602739726027397 0.1780821917808219 0.07534246575342465 
0.9605582524271845 0.003337378640776699 0.01608009708737864 0.01699029126213592 0.003033980582524272 
0.10559006211180125 0.062111801242236024 0.6273291925465838 0.13664596273291926 0.06832298136645963 
0.11428571428571428 0.04081632653061224 0.06938775510204082 0.7346938775510204 0.04081632653061224 
0.41409691629955947 0.022026431718061675 0.09251101321585903 0.44933920704845814 0.022026431718061675 
0.11052631578947368 0.031578947368421054 0.75 0.07368421052631578 0.034210526315789476 
0.16847826086956522 0.059782608695652176 0.17391304347826086 0.5380434782608695 0.059782608695652176 
0.06639004149377593 0.04564315352697095 0.7759336099585062 0.06639004149377593 0.04564315352697095 
0.12030075187969924 0.03759398496240601 0.6691729323308271 0.13533834586466165 0.03759398496240601 
0.46218487394957986 0.08403361344537816 0.15126050420168066 0.21008403361344538 0.09243697478991597 
0.10596026490066225 0.03642384105960265 0.7019867549668874 0.12251655629139073 0.033112582781456956 
0.35359116022099446 0.055248618784530384 0.4088397790055249 0.12154696132596685 0.06077348066298342 
0.7771260997067448 0.02932551319648094 0.11143695014662756 0.05278592375366569 0.02932551319648094 
0.03523035230352303 0.02981029810298103 0.8509485094850948 0.051490514905149054 0.032520325203252036 
0.02577319587628866 0.6288659793814433 0.02577319587628866 0.02577319587628866 0.29381443298969073 
0.38823529411764707 0.041176470588235294 0.4 0.13823529411764707 0.03235294117647059 
0.3888888888888889 0.1388888888888889 0.18055555555555555 0.1527777777777778 0.1388888888888889 
0.008873114463176575 0.38864241348713396 0.008873114463176575 0.008873114463176575 0.5847382431233363 
0.25806451612903225 0.1774193548387097 0.20967741935483872 0.1935483870967742 0.16129032258064516 
0.07766990291262135 0.04854368932038835 0.13106796116504854 0.6941747572815534 0.04854368932038835 
0.17488789237668162 0.026905829596412557 0.6995515695067265 0.07623318385650224 0.02242152466367713 
0.29333333333333333 0.13333333333333333 0.28 0.14666666666666667 0.14666666666666667 
0.9200887902330743 0.011098779134295227 0.023307436182019976 0.03440621531631521 0.011098779134295227 
0.3085476025017373 0.011118832522585128 0.5628908964558721 0.10979847116052814 0.007644197359277276 
0.07920792079207921 0.04950495049504951 0.7623762376237624 0.0594059405940594 0.04950495049504951 
0.19607843137254902 0.21568627450980393 0.19607843137254902 0.19607843137254902 0.19607843137254902 
0.9624105011933174 0.00477326968973747 0.01879474940334129 0.0110381861575179 0.0029832935560859188 
0.06372549019607843 0.049019607843137254 0.7352941176470589 0.10294117647058823 0.049019607843137254 
0.0958904109589041 0.0684931506849315 0.6301369863013698 0.13013698630136986 0.07534246575342465 
0.6996197718631179 0.04182509505703422 0.155893536121673 0.06463878326996197 0.03802281368821293 
0.1348314606741573 0.12359550561797752 0.42696629213483145 0.19101123595505617 0.12359550561797752 
0.23214285714285715 0.17857142857142858 0.21428571428571427 0.19642857142857142 0.17857142857142858 
0.08531746031746032 0.021825396825396824 0.8472222222222222 0.025793650793650792 0.01984126984126984 
0.12745098039215685 0.029411764705882353 0.7818627450980392 0.03431372549019608 0.02696078431372549 
0.3169230769230769 0.04 0.13846153846153847 0.4707692307692308 0.033846153846153845 
0.29385964912280704 0.02412280701754386 0.48903508771929827 0.16447368421052633 0.02850877192982456 
0.06060606060606061 0.050505050505050504 0.7777777777777778 0.06060606060606061 0.050505050505050504 
0.004017677782241864 0.290879871434311 0.004017677782241864 0.004017677782241864 0.6970670952189635 
0.09375 0.01838235294117647 0.8308823529411765 0.03860294117647059 0.01838235294117647 
0.00510204081632653 0.2010204081632653 0.00510204081632653 0.00510204081632653 0.7836734693877551 
0.09782608695652174 0.05434782608695652 0.7282608695652174 0.06521739130434782 0.05434782608695652 
0.18518518518518517 0.18518518518518517 0.25925925925925924 0.18518518518518517 0.18518518518518517 
0.1456953642384106 0.0728476821192053 0.543046357615894 0.17218543046357615 0.06622516556291391 
0.11891891891891893 0.06486486486486487 0.6432432432432432 0.11891891891891893 0.05405405405405406 
0.35384615384615387 0.022222222222222223 0.5709401709401709 0.035897435897435895 0.017094017094017096 
0.08609271523178808 0.06622516556291391 0.1390728476821192 0.6291390728476821 0.07947019867549669 
0.05084745762711865 0.024213075060532687 0.864406779661017 0.03631961259079903 0.024213075060532687 
0.20447284345047922 0.04792332268370607 0.5878594249201278 0.12779552715654952 0.03194888178913738 
0.2545454545454545 0.2 0.18181818181818182 0.18181818181818182 0.18181818181818182 
0.34904013961605584 0.020942408376963352 0.5759162303664922 0.03315881326352531 0.020942408376963352 
0.05144694533762058 0.03858520900321544 0.8102893890675241 0.06752411575562701 0.03215434083601286 
0.19230769230769232 0.19230769230769232 0.21153846153846154 0.21153846153846154 0.19230769230769232 
0.10707456978967496 0.021032504780114723 0.8107074569789675 0.04206500956022945 0.019120458891013385 
0.009478672985781991 0.6445497630331753 0.009478672985781991 0.009478672985781991 0.32701421800947866 
0.197196261682243 0.009345794392523364 0.5785046728971963 0.202803738317757 0.012149532710280374 
0.23728813559322035 0.2033898305084746 0.22033898305084745 0.1694915254237288 0.1694915254237288 
0.014970059880239521 0.5598802395209581 0.014970059880239521 0.014970059880239521 0.39520958083832336 
0.2413793103448276 0.08620689655172414 0.3448275862068966 0.2413793103448276 0.08620689655172414 
0.20754716981132076 0.18867924528301888 0.20754716981132076 0.20754716981132076 0.18867924528301888 
0.009671179883945842 0.19825918762088976 0.009671179883945842 0.01160541586073501 0.7707930367504836 
0.050966608084358524 0.019332161687170474 0.8787346221441125 0.03163444639718805 0.019332161687170474 
0.5168316831683168 0.039603960396039604 0.10297029702970296 0.3207920792079208 0.019801980198019802 
0.6314102564102564 0.035256410256410256 0.16987179487179488 0.1282051282051282 0.035256410256410256 
0.6887966804979253 0.04564315352697095 0.0995850622406639 0.12448132780082988 0.04149377593360996 
0.24647887323943662 0.07746478873239436 0.4154929577464789 0.19014084507042253 0.07042253521126761 
0.1282051282051282 0.1282051282051282 0.32051282051282054 0.2948717948717949 0.1282051282051282 
0.06153846153846154 0.05128205128205128 0.7589743589743589 0.07692307692307693 0.05128205128205128 
0.05752212389380531 0.017699115044247787 0.8790560471976401 0.030973451327433628 0.014749262536873156 
0.45121951219512196 0.06097560975609756 0.2682926829268293 0.15853658536585366 0.06097560975609756 
0.5527638190954773 0.04522613065326633 0.26884422110552764 0.10804020100502512 0.02512562814070352 
0.09016393442622951 0.040983606557377046 0.75 0.0778688524590164 0.040983606557377046 
0.47761194029850745 0.07462686567164178 0.18407960199004975 0.19900497512437812 0.06467661691542288 
0.10679611650485436 0.10679611650485436 0.5631067961165048 0.1262135922330097 0.0970873786407767 
0.059845559845559844 0.025096525096525095 0.8667953667953668 0.02895752895752896 0.019305019305019305 
0.25178826895565093 0.031473533619456366 0.0715307582260372 0.6294706723891274 0.015736766809728183 
0.18181818181818182 0.18181818181818182 0.21818181818181817 0.23636363636363636 0.18181818181818182 
0.1607843137254902 0.0784313725490196 0.5725490196078431 0.1450980392156863 0.043137254901960784 
0.040372670807453416 0.031055900621118012 0.8229813664596274 0.07453416149068323 0.031055900621118012 
0.13793103448275862 0.06321839080459771 0.6781609195402298 0.06321839080459771 0.05747126436781609 
0.012106537530266344 0.2639225181598063 0.012106537530266344 0.012106537530266344 0.6997578692493946 
0.0025303643724696357 0.2583502024291498 0.0025303643724696357 0.0025303643724696357 0.7340587044534413 
0.0030497102775236353 0.11405916437938396 0.003354681305275999 0.0030497102775236353 0.8764867337602927 
0.09027777777777778 0.06944444444444445 0.6736111111111112 0.09722222222222222 0.06944444444444445 
0.13651877133105803 0.03754266211604096 0.726962457337884 0.06484641638225255 0.034129692832764506 
0.20402298850574713 0.031609195402298854 0.6781609195402298 0.05459770114942529 0.031609195402298854 
0.12396694214876033 0.030303030303030304 0.7520661157024794 0.06336088154269973 0.030303030303030304 
0.05647058823529412 0.023529411764705882 0.8541176470588235 0.042352941176470586 0.023529411764705882 
0.045454545454545456 0.03787878787878788 0.7992424242424242 0.07954545454545454 0.03787878787878788 
0.13063063063063063 0.04504504504504504 0.6936936936936937 0.08558558558558559 0.04504504504504504 
0.08421052631578947 0.05263157894736842 0.7421052631578947 0.06842105263157895 0.05263157894736842 
0.11304347826086956 0.08695652173913043 0.5565217391304348 0.1565217391304348 0.08695652173913043 
0.19230769230769232 0.21153846153846154 0.19230769230769232 0.19230769230769232 0.21153846153846154 
0.06432748538011696 0.038011695906432746 0.783625730994152 0.07894736842105263 0.03508771929824561 
0.027548209366391185 0.7024793388429752 0.027548209366391185 0.027548209366391185 0.21487603305785125 
0.10317460317460317 0.1111111111111111 0.19047619047619047 0.5158730158730159 0.07936507936507936 
0.6551724137931034 0.041379310344827586 0.15517241379310345 0.1103448275862069 0.03793103448275862 
0.009157509157509158 0.4807692307692308 0.010073260073260074 0.009157509157509158 0.4908424908424908 
0.8614864864864865 0.018581081081081082 0.07094594594594594 0.030405405405405407 0.018581081081081082 
0.01838235294117647 0.14154411764705882 0.01838235294117647 0.02022058823529412 0.8014705882352942 
0.1297071129707113 0.05439330543933055 0.6694560669456067 0.100418410041841 0.04602510460251046 
0.071875 0.04375 0.059375 0.784375 0.040625 
0.9173047473200613 0.018376722817764167 0.022970903522205207 0.02450229709035222 0.016845329249617153 
0.17857142857142858 0.17857142857142858 0.23214285714285715 0.23214285714285715 0.17857142857142858 
0.07714285714285714 0.03428571428571429 0.14 0.72 0.02857142857142857 
0.26239669421487605 0.047520661157024795 0.08677685950413223 0.5743801652892562 0.028925619834710745 
0.07692307692307693 0.08717948717948718 0.11282051282051282 0.6717948717948717 0.05128205128205128 
0.17857142857142858 0.17857142857142858 0.19642857142857142 0.26785714285714285 0.17857142857142858 
0.16875 0.0625 0.4625 0.2375 0.06875 
0.11678832116788321 0.04744525547445255 0.0948905109489051 0.6970802919708029 0.043795620437956206 
0.6510416666666666 0.041666666666666664 0.19270833333333334 0.08854166666666667 0.026041666666666668 
0.08673469387755102 0.05102040816326531 0.7295918367346939 0.08163265306122448 0.05102040816326531 
0.46632124352331605 0.06735751295336788 0.12953367875647667 0.27979274611398963 0.05699481865284974 
0.08839779005524862 0.06077348066298342 0.7016574585635359 0.09392265193370165 0.055248618784530384 
0.06875 0.0625 0.7375 0.06875 0.0625 
0.15841584158415842 0.06930693069306931 0.09405940594059406 0.6188118811881188 0.0594059405940594 
0.07719298245614035 0.03508771929824561 0.8105263157894737 0.03859649122807018 0.03859649122807018 
0.0546875 0.026041666666666668 0.84375 0.049479166666666664 0.026041666666666668 
0.0711743772241993 0.1103202846975089 0.7153024911032029 0.06405693950177936 0.03914590747330961 
0.0036569148936170214 0.1023936170212766 0.003324468085106383 0.003989361702127659 0.8866356382978723 
0.007668711656441718 0.18404907975460122 0.00843558282208589 0.007668711656441718 0.7921779141104295 
0.10230179028132992 0.03580562659846547 0.6854219948849105 0.14578005115089515 0.030690537084398978 
0.03546099290780142 0.36524822695035464 0.03546099290780142 0.03546099290780142 0.5283687943262412 
0.17857142857142858 0.17857142857142858 0.21428571428571427 0.23214285714285715 0.19642857142857142 
0.12 0.05 0.69 0.09 0.05 
0.13056379821958458 0.02967359050445104 0.47774480712166173 0.3323442136498516 0.02967359050445104 
0.27631578947368424 0.14473684210526316 0.21052631578947367 0.2236842105263158 0.14473684210526316 
0.0469208211143695 0.02932551319648094 0.8005865102639296 0.09090909090909091 0.03225806451612903 
0.7657142857142857 0.03142857142857143 0.13428571428571429 0.037142857142857144 0.03142857142857143 
0.5210084033613446 0.09243697478991597 0.17647058823529413 0.12605042016806722 0.08403361344537816 
0.10222222222222223 0.04888888888888889 0.6666666666666666 0.13777777777777778 0.044444444444444446 
0.00575013068478829 0.31259801359121797 0.005227391531625719 0.006272869837950863 0.6701515943544172 
0.09740259740259741 0.06493506493506493 0.5974025974025974 0.17532467532467533 0.06493506493506493 
0.21568627450980393 0.19607843137254902 0.19607843137254902 0.19607843137254902 0.19607843137254902 
0.008613264427217916 0.3143841515934539 0.008613264427217916 0.008613264427217916 0.6597760551248923 
0.4376731301939058 0.030470914127423823 0.42382271468144045 0.08033240997229917 0.027700831024930747 
0.14473684210526316 0.13157894736842105 0.15789473684210525 0.4342105263157895 0.13157894736842105 
0.008756567425569177 0.17950963222416813 0.008756567425569177 0.010507880910683012 0.7924693520140105 
0.8262243285939969 0.020537124802527645 0.07582938388625593 0.06003159557661927 0.017377567140600316 
0.7013274336283186 0.02654867256637168 0.12168141592920353 0.12389380530973451 0.02654867256637168 
0.015037593984962405 0.45413533834586467 0.015037593984962405 0.019548872180451128 0.49624060150375937 
0.9120274914089347 0.006872852233676976 0.02611683848797251 0.04742268041237113 0.007560137457044674 
0.07964601769911504 0.035398230088495575 0.10914454277286136 0.7433628318584071 0.032448377581120944 
0.18803418803418803 0.08547008547008547 0.13675213675213677 0.49572649572649574 0.09401709401709402 
0.19607843137254902 0.19607843137254902 0.19607843137254902 0.19607843137254902 0.21568627450980393 
0.26506024096385544 0.12048192771084337 0.29518072289156627 0.25301204819277107 0.06626506024096386 
0.21875 0.036458333333333336 0.13932291666666666 0.5872395833333334 0.018229166666666668 
0.1708542713567839 0.032663316582914576 0.20603015075376885 0.5653266331658291 0.02512562814070352 
0.6851851851851852 0.026455026455026454 0.08994708994708994 0.1693121693121693 0.0291005291005291 
0.060109289617486336 0.0546448087431694 0.7540983606557377 0.07103825136612021 0.060109289617486336 
0.09644670050761421 0.050761421319796954 0.08121827411167512 0.7208121827411168 0.050761421319796954 
0.17762237762237762 0.013986013986013986 0.08531468531468532 0.7090909090909091 0.013986013986013986 
0.05405405405405406 0.033783783783783786 0.8209459459459459 0.05405405405405406 0.037162162162162164 
0.08333333333333333 0.052083333333333336 0.09375 0.71875 0.052083333333333336 
0.003556910569105691 0.003048780487804878 0.009908536585365854 0.9809451219512195 0.002540650406504065 
0.13533834586466165 0.08270676691729323 0.5488721804511278 0.15789473684210525 0.07518796992481203 
0.07851239669421488 0.022727272727272728 0.8057851239669421 0.07231404958677685 0.02066115702479339 
0.07450980392156863 0.0392156862745098 0.7725490196078432 0.07450980392156863 0.0392156862745098 
0.05088495575221239 0.022123893805309734 0.07079646017699115 0.834070796460177 0.022123893805309734 
0.004039662137348513 0.3914799853103195 0.004039662137348513 0.003672420124862284 0.5967682702901211 
0.08536585365853659 0.06097560975609756 0.6646341463414634 0.12804878048780488 0.06097560975609756 
0.008190618019359643 0.351451973194341 0.007446016381236039 0.007446016381236039 0.6254653760238272 
0.09929078014184398 0.07092198581560284 0.6312056737588653 0.1276595744680851 0.07092198581560284 
0.008984725965858042 0.16621743036837378 0.009883198562443846 0.008984725965858042 0.8059299191374663 
0.024509803921568627 0.4019607843137255 0.024509803921568627 0.024509803921568627 0.5245098039215687 
0.17391304347826086 0.07246376811594203 0.4420289855072464 0.21014492753623187 0.10144927536231885 
0.6074866310160428 0.0106951871657754 0.07914438502673797 0.2909090909090909 0.011764705882352941 
0.8031430934656741 0.008271298593879239 0.09842845326716294 0.0794044665012407 0.010752688172043012 
0.09322033898305085 0.02824858757062147 0.7062146892655368 0.14124293785310735 0.031073446327683617 
0.4387990762124711 0.02771362586605081 0.19630484988452657 0.3140877598152425 0.023094688221709007 
0.07514450867052024 0.057803468208092484 0.7456647398843931 0.06358381502890173 0.057803468208092484 
0.006117908787541713 0.29199110122358174 0.0055617352614015575 0.0055617352614015575 0.6907675194660734 
0.19083969465648856 0.10687022900763359 0.11450381679389313 0.5114503816793893 0.07633587786259542 
0.19607843137254902 0.21568627450980393 0.19607843137254902 0.19607843137254902 0.19607843137254902 
0.2 0.18181818181818182 0.18181818181818182 0.2545454545454545 0.18181818181818182 
0.004818221638195357 0.1988611476127902 0.004380201489268506 0.004380201489268506 0.7875602277704774 
0.5629139072847682 0.08609271523178808 0.22847682119205298 0.08609271523178808 0.03642384105960265 
0.08695652173913043 0.040372670807453416 0.7639751552795031 0.07763975155279502 0.031055900621118012 
0.0034106412005457027 0.26909959072305595 0.004092769440654843 0.0034106412005457027 0.7199863574351978 
0.1793054571226081 0.008504606661941885 0.6073706591070163 0.19489723600283487 0.009922041105598866 
0.11382113821138211 0.03048780487804878 0.06707317073170732 0.7682926829268293 0.02032520325203252 
0.26639344262295084 0.06147540983606557 0.4016393442622951 0.22540983606557377 0.045081967213114756 
0.006489292667099286 0.26670992861778064 0.006489292667099286 0.006489292667099286 0.7138221933809215 
0.3298791018998273 0.018998272884283247 0.10880829015544041 0.5181347150259067 0.024179620034542316 
0.09274193548387097 0.04032258064516129 0.125 0.7016129032258065 0.04032258064516129 
0.17903930131004367 0.056768558951965066 0.06550218340611354 0.6375545851528385 0.0611353711790393 
0.6408163265306123 0.04081632653061224 0.17551020408163265 0.09795918367346938 0.044897959183673466 
0.20754716981132076 0.18867924528301888 0.20754716981132076 0.20754716981132076 0.18867924528301888 
0.04938271604938271 0.04526748971193416 0.1111111111111111 0.7530864197530864 0.0411522633744856 
0.9171396140749148 0.01362088535754824 0.028376844494892167 0.029511918274687854 0.011350737797956867 
0.178 0.01 0.08 0.722 0.01 
0.08280254777070063 0.11464968152866242 0.14012738853503184 0.5859872611464968 0.07643312101910828 
0.16730038022813687 0.053231939163498096 0.467680608365019 0.26996197718631176 0.04182509505703422 
0.12549019607843137 0.09019607843137255 0.08627450980392157 0.6549019607843137 0.043137254901960784 
0.10997442455242967 0.03324808184143223 0.05370843989769821 0.7749360613810742 0.028132992327365727 
0.17543859649122806 0.17543859649122806 0.21052631578947367 0.2631578947368421 0.17543859649122806 
0.06310679611650485 0.04854368932038835 0.7912621359223301 0.04854368932038835 0.04854368932038835 
0.44969199178644764 0.01642710472279261 0.46406570841889117 0.057494866529774126 0.012320328542094456 
0.09722222222222222 0.02546296296296296 0.13425925925925927 0.7199074074074074 0.023148148148148147 
0.003280644199224575 0.37966000596480765 0.0029824038174768863 0.0029824038174768863 0.611094542201014 
0.05588235294117647 0.03823529411764706 0.8088235294117647 0.06764705882352941 0.029411764705882353 
0.09027777777777778 0.06944444444444445 0.6805555555555556 0.09027777777777778 0.06944444444444445 
0.003648424543946932 0.22885572139303484 0.003316749585406302 0.003648424543946932 0.760530679933665 
0.08227848101265822 0.06329113924050633 0.689873417721519 0.0949367088607595 0.06962025316455696 
0.006657789613848202 0.15645805592543274 0.006657789613848202 0.006657789613848202 0.8235685752330226 
0.017064846416382253 0.3532423208191126 0.017064846416382253 0.01877133105802048 0.5938566552901023 
0.04145077720207254 0.011226252158894647 0.9136442141623489 0.024179620034542316 0.009499136442141624 
0.08755760368663594 0.04608294930875576 0.16589861751152074 0.6451612903225806 0.055299539170506916 
0.021015761821366025 0.03327495621716287 0.8861646234676007 0.03502626970227671 0.024518388791593695 
0.0273972602739726 0.6136986301369863 0.0273972602739726 0.0273972602739726 0.3041095890410959 
0.1616871704745167 0.019332161687170474 0.05975395430579965 0.7381370826010545 0.0210896309314587 
0.21153846153846154 0.19230769230769232 0.21153846153846154 0.19230769230769232 0.19230769230769232 
0.21153846153846154 0.21153846153846154 0.19230769230769232 0.19230769230769232 0.19230769230769232 
0.005055611729019211 0.13801820020222447 0.005055611729019211 0.005055611729019211 0.8468149646107179 
0.8060941828254847 0.027700831024930747 0.0886426592797784 0.04986149584487535 0.027700831024930747 
0.1864406779661017 0.1694915254237288 0.22033898305084745 0.2542372881355932 0.1694915254237288 
0.01020408163265306 0.32551020408163267 0.01020408163265306 0.01020408163265306 0.6438775510204081 
0.1875 0.024193548387096774 0.18951612903225806 0.5786290322580645 0.020161290322580645 
0.47474747474747475 0.04377104377104377 0.10437710437710437 0.32323232323232326 0.05387205387205387 
0.02444987775061125 0.3471882640586797 0.02444987775061125 0.02444987775061125 0.5794621026894865 
0.17777777777777778 0.06111111111111111 0.4222222222222222 0.2833333333333333 0.05555555555555555 
0.23076923076923078 0.19230769230769232 0.19230769230769232 0.19230769230769232 0.19230769230769232 
0.18518518518518517 0.18518518518518517 0.18518518518518517 0.25925925925925924 0.18518518518518517 
0.04938271604938271 0.033950617283950615 0.35185185185185186 0.5339506172839507 0.030864197530864196 
0.8095238095238095 0.010317460317460317 0.11349206349206349 0.05634920634920635 0.010317460317460317 
0.41007194244604317 0.07194244604316546 0.2949640287769784 0.14388489208633093 0.07913669064748201 
0.10810810810810811 0.06756756756756757 0.12162162162162163 0.6351351351351351 0.06756756756756757 
0.1212624584717608 0.023255813953488372 0.07308970099667775 0.7591362126245847 0.023255813953488372 
0.34782608695652173 0.14492753623188406 0.15942028985507245 0.2028985507246377 0.14492753623188406 
0.06481481481481481 0.046296296296296294 0.09722222222222222 0.7453703703703703 0.046296296296296294 
0.09215017064846416 0.04778156996587031 0.06143344709897611 0.764505119453925 0.034129692832764506 
0.09900990099009901 0.09900990099009901 0.5841584158415841 0.1188118811881188 0.09900990099009901 
0.4913294797687861 0.057803468208092484 0.2658959537572254 0.11560693641618497 0.06936416184971098 
0.3425076452599388 0.045871559633027525 0.2415902140672783 0.3363914373088685 0.03363914373088685 
0.07038123167155426 0.02932551319648094 0.8328445747800587 0.03812316715542522 0.02932551319648094 
0.05952380952380952 0.03968253968253968 0.7896825396825397 0.07142857142857142 0.03968253968253968 
0.07627118644067797 0.031073446327683617 0.0847457627118644 0.7796610169491526 0.02824858757062147 
0.03773584905660377 0.11320754716981132 0.79073756432247 0.0411663807890223 0.017152658662092625 
0.008361204013377926 0.43394648829431437 0.008361204013377926 0.00919732441471572 0.540133779264214 
0.11818181818181818 0.05 0.1590909090909091 0.6272727272727273 0.045454545454545456 
0.05654761904761905 0.03273809523809524 0.8333333333333334 0.047619047619047616 0.02976190476190476 
0.007668711656441718 0.4723926380368098 0.007668711656441718 0.007668711656441718 0.504601226993865 
0.006297229219143577 0.086272040302267 0.007556675062972292 0.0069269521410579345 0.8929471032745592 
0.075 0.06875 0.58125 0.2 0.075 
0.01567398119122257 0.31504702194357365 0.01567398119122257 0.01567398119122257 0.6379310344827587 
0.17543859649122806 0.17543859649122806 0.2807017543859649 0.19298245614035087 0.17543859649122806 
0.11956521739130435 0.10869565217391304 0.5217391304347826 0.14130434782608695 0.10869565217391304 
0.08745247148288973 0.04182509505703422 0.7756653992395437 0.053231939163498096 0.04182509505703422 
0.05829596412556054 0.04932735426008968 0.7757847533632287 0.06726457399103139 0.04932735426008968 
0.01088139281828074 0.6441784548422198 0.011969532100108813 0.01088139281828074 0.3220892274211099 
0.8899082568807339 0.02018348623853211 0.04036697247706422 0.031192660550458717 0.01834862385321101 
0.19607843137254902 0.19607843137254902 0.19607843137254902 0.19607843137254902 0.21568627450980393 
0.027972027972027972 0.3776223776223776 0.02564102564102564 0.023310023310023312 0.5454545454545454 
0.772020725388601 0.031088082901554404 0.09844559585492228 0.06735751295336788 0.031088082901554404 
0.6744186046511628 0.021141649048625793 0.20930232558139536 0.07188160676532769 0.023255813953488372 
0.18518518518518517 0.18518518518518517 0.2222222222222222 0.2222222222222222 0.18518518518518517 
0.0065832784726793945 0.3706385780118499 0.007241606319947334 0.0065832784726793945 0.608953258722844 
0.19205298013245034 0.10596026490066225 0.1986754966887417 0.41721854304635764 0.08609271523178808 
0.07258064516129033 0.026881720430107527 0.8225806451612904 0.04838709677419355 0.02956989247311828 
0.6870300751879699 0.012218045112781954 0.09210526315789473 0.19736842105263158 0.011278195488721804 
0.017699115044247787 0.3380530973451327 0.017699115044247787 0.019469026548672566 0.6070796460176991 
0.23219814241486067 0.034055727554179564 0.34055727554179566 0.3560371517027864 0.03715170278637771 
0.19230769230769232 0.21153846153846154 0.21153846153846154 0.19230769230769232 0.19230769230769232 
0.18518518518518517 0.18518518518518517 0.18518518518518517 0.25925925925925924 0.18518518518518517 
0.10810810810810811 0.04504504504504504 0.5720720720720721 0.22522522522522523 0.04954954954954955 
0.1597222222222222 0.09375 0.1284722222222222 0.5798611111111112 0.03819444444444445 
0.6241299303944315 0.01160092807424594 0.052204176334106726 0.29930394431554525 0.012761020881670533 
0.6068965517241379 0.041379310344827586 0.1310344827586207 0.18275862068965518 0.03793103448275862 
0.07555555555555556 0.05333333333333334 0.09777777777777778 0.7288888888888889 0.044444444444444446 
0.14361702127659576 0.034574468085106384 0.6622340425531915 0.13031914893617022 0.02925531914893617 
0.19653179190751446 0.09248554913294797 0.2254335260115607 0.4277456647398844 0.057803468208092484 
0.09782608695652174 0.03985507246376811 0.09782608695652174 0.7246376811594203 0.03985507246376811 
0.13389121338912133 0.058577405857740586 0.1087866108786611 0.6443514644351465 0.05439330543933055 
0.1056701030927835 0.03350515463917526 0.059278350515463915 0.7757731958762887 0.02577319587628866 
0.043795620437956206 0.024330900243309004 0.10218978102189781 0.805352798053528 0.024330900243309004 
0.27605633802816903 0.04788732394366197 0.523943661971831 0.11830985915492957 0.03380281690140845 
0.09859154929577464 0.07042253521126761 0.6830985915492958 0.07746478873239436 0.07042253521126761 
0.06312292358803986 0.05149501661129568 0.09302325581395349 0.7757475083056479 0.016611295681063124 
0.005070993914807302 0.39503042596348886 0.005070993914807302 0.005070993914807302 0.5897565922920892 
0.14482758620689656 0.034482758620689655 0.5103448275862069 0.27241379310344827 0.03793103448275862 
0.10020449897750511 0.026584867075664622 0.19222903885480572 0.6584867075664622 0.022494887525562373 
0.009212730318257957 0.10552763819095477 0.008375209380234505 0.009212730318257957 0.8676716917922948 
0.12121212121212122 0.1111111111111111 0.5353535353535354 0.12121212121212122 0.1111111111111111 
0.016778523489932886 0.12248322147651007 0.016778523489932886 0.016778523489932886 0.8271812080536913 
0.0915032679738562 0.0915032679738562 0.6535947712418301 0.09803921568627451 0.06535947712418301 
0.017921146953405017 0.3870967741935484 0.017921146953405017 0.01971326164874552 0.557347670250896 
0.08241758241758242 0.054945054945054944 0.7527472527472527 0.054945054945054944 0.054945054945054944 
0.2072072072072072 0.09009009009009009 0.5045045045045045 0.0990990990990991 0.0990990990990991 
0.058823529411764705 0.053475935828877004 0.7647058823529411 0.06951871657754011 0.053475935828877004 
0.3916083916083916 0.1258741258741259 0.3146853146853147 0.0979020979020979 0.06993006993006994 
0.26 0.06666666666666667 0.4 0.20666666666666667 0.06666666666666667 
0.025974025974025976 0.4701298701298701 0.02857142857142857 0.025974025974025976 0.44935064935064933 
0.21580547112462006 0.03951367781155015 0.12462006079027356 0.5775075987841946 0.0425531914893617 
0.21052631578947367 0.17543859649122806 0.21052631578947367 0.22807017543859648 0.17543859649122806 
0.5924855491329479 0.046242774566473986 0.08959537572254335 0.2398843930635838 0.031791907514450865 
0.125 0.2375 0.15 0.125 0.3625 
0.11956521739130435 0.10869565217391304 0.5108695652173914 0.15217391304347827 0.10869565217391304 
0.18032786885245902 0.18032786885245902 0.22950819672131148 0.22950819672131148 0.18032786885245902 
0.18181818181818182 0.21818181818181817 0.21818181818181817 0.2 0.18181818181818182 
0.015015015015015015 0.5255255255255256 0.015015015015015015 0.016516516516516516 0.42792792792792794 
0.11170212765957446 0.05319148936170213 0.10106382978723404 0.6808510638297872 0.05319148936170213 
0.23809523809523808 0.15873015873015872 0.2857142857142857 0.15873015873015872 0.15873015873015872 
0.057660626029654036 0.016474464579901153 0.08072487644151564 0.828665568369028 0.016474464579901153 
0.8571428571428571 0.01904761904761905 0.05714285714285714 0.047619047619047616 0.01904761904761905 
0.0695364238410596 0.039735099337748346 0.11920529801324503 0.7317880794701986 0.039735099337748346 
0.20754716981132076 0.18867924528301888 0.20754716981132076 0.20754716981132076 0.18867924528301888 
0.03625954198473282 0.02099236641221374 0.030534351145038167 0.8931297709923665 0.019083969465648856 
0.0761904761904762 0.0761904761904762 0.047619047619047616 0.7841269841269841 0.015873015873015872 
0.13725490196078433 0.0718954248366013 0.09803921568627451 0.6274509803921569 0.06535947712418301 
0.46296296296296297 0.09259259259259259 0.1574074074074074 0.19444444444444445 0.09259259259259259 
0.19760479041916168 0.059880239520958084 0.1437125748502994 0.5389221556886228 0.059880239520958084 
0.1572052401746725 0.043668122270742356 0.08296943231441048 0.6637554585152838 0.05240174672489083 
0.2112676056338028 0.07042253521126761 0.11971830985915492 0.5211267605633803 0.07746478873239436 
0.42011834319526625 0.08284023668639054 0.2958579881656805 0.14201183431952663 0.05917159763313609 
0.0731070496083551 0.028720626631853787 0.06005221932114883 0.8120104438642297 0.02610966057441253 
0.09174311926605505 0.01834862385321101 0.8311926605504587 0.03853211009174312 0.02018348623853211 
0.10699588477366255 0.04938271604938271 0.5967078189300411 0.19753086419753085 0.04938271604938271 
0.104 0.02666666666666667 0.088 0.728 0.05333333333333334 
0.058823529411764705 0.053475935828877004 0.7647058823529411 0.06951871657754011 0.053475935828877004 
0.2536231884057971 0.10869565217391304 0.21739130434782608 0.34782608695652173 0.07246376811594203 
0.0041946308724832215 0.6103187919463087 0.0041946308724832215 0.005453020134228188 0.37583892617449666 
0.23275862068965517 0.031609195402298854 0.5833333333333334 0.1206896551724138 0.031609195402298854 
0.08275862068965517 0.034482758620689655 0.0896551724137931 0.7551724137931034 0.03793103448275862 
0.12359550561797752 0.11235955056179775 0.4943820224719101 0.15730337078651685 0.11235955056179775 
0.005612244897959183 0.0923469387755102 0.005612244897959183 0.006122448979591836 0.8903061224489796 
0.11956521739130435 0.10869565217391304 0.5108695652173914 0.15217391304347827 0.10869565217391304 
0.006811989100817439 0.5040871934604905 0.006811989100817439 0.006811989100817439 0.47547683923705725 
0.1095890410958904 0.0684931506849315 0.6164383561643836 0.1232876712328767 0.0821917808219178 
0.1188118811881188 0.09900990099009901 0.5544554455445545 0.12871287128712872 0.09900990099009901 
0.07920792079207921 0.04950495049504951 0.7475247524752475 0.07425742574257425 0.04950495049504951 
0.15532544378698224 0.01775147928994083 0.05473372781065089 0.7559171597633136 0.016272189349112426 
0.848314606741573 0.018726591760299626 0.054307116104868915 0.0599250936329588 0.018726591760299626 
0.019120458891013385 0.5449330783938815 0.019120458891013385 0.019120458891013385 0.3977055449330784 
0.7855361596009975 0.02493765586034913 0.12718204488778054 0.03740648379052369 0.02493765586034913 
0.21153846153846154 0.19230769230769232 0.21153846153846154 0.19230769230769232 0.19230769230769232 
0.026385224274406333 0.46174142480211083 0.026385224274406333 0.026385224274406333 0.45910290237467016 
0.4235294117647059 0.023529411764705882 0.40980392156862744 0.12352941176470589 0.0196078431372549 
0.1935483870967742 0.16129032258064516 0.3064516129032258 0.1774193548387097 0.16129032258064516 
0.19607843137254902 0.19607843137254902 0.19607843137254902 0.21568627450980393 0.19607843137254902 
