0.1490066225165563 0.033112582781456956 0.24834437086092714 0.5298013245033113 0.039735099337748346 
0.09595959595959595 0.050505050505050504 0.6767676767676768 0.12626262626262627 0.050505050505050504 
0.19607843137254902 0.19607843137254902 0.19607843137254902 0.21568627450980393 0.19607843137254902 
0.009871668311944718 0.7492596248766041 0.009871668311944718 0.009871668311944718 0.2211253701875617 
0.21153846153846154 0.19230769230769232 0.19230769230769232 0.21153846153846154 0.19230769230769232 
0.08051948051948052 0.025974025974025976 0.08311688311688312 0.7818181818181819 0.02857142857142857 
0.21052631578947367 0.19298245614035087 0.21052631578947367 0.19298245614035087 0.19298245614035087 
0.15789473684210525 0.05263157894736842 0.08421052631578947 0.6526315789473685 0.05263157894736842 
0.2 0.14666666666666667 0.3466666666666667 0.17333333333333334 0.13333333333333333 
0.9086134453781513 0.011554621848739496 0.023109243697478993 0.046218487394957986 0.01050420168067227 
0.06481481481481481 0.030864197530864196 0.8333333333333334 0.040123456790123455 0.030864197530864196 
0.1078167115902965 0.029649595687331536 0.07816711590296496 0.7574123989218329 0.026954177897574125 
0.008710801393728223 0.6550522648083623 0.008710801393728223 0.008710801393728223 0.31881533101045295 
0.10493827160493827 0.06790123456790123 0.654320987654321 0.1111111111111111 0.06172839506172839 
0.16981132075471697 0.09433962264150944 0.14150943396226415 0.5 0.09433962264150944 
0.08152173913043478 0.05434782608695652 0.7282608695652174 0.08152173913043478 0.05434782608695652 
0.08582089552238806 0.08955223880597014 0.6902985074626866 0.09701492537313433 0.03731343283582089 
0.17938931297709923 0.03816793893129771 0.5534351145038168 0.17938931297709923 0.04961832061068702 
0.09565217391304348 0.08695652173913043 0.5739130434782609 0.14782608695652175 0.09565217391304348 
0.18518518518518517 0.2037037037037037 0.24074074074074073 0.18518518518518517 0.18518518518518517 
0.18337408312958436 0.02444987775061125 0.7334963325183375 0.034229828850855744 0.02444987775061125 
0.24561403508771928 0.17543859649122806 0.21052631578947367 0.19298245614035087 0.17543859649122806 
0.10204081632653061 0.04081632653061224 0.7591836734693878 0.05714285714285714 0.04081632653061224 
0.19642857142857142 0.17857142857142858 0.26785714285714285 0.17857142857142858 0.17857142857142858 
0.08571428571428572 0.05714285714285714 0.72 0.08 0.05714285714285714 
0.0074794315632011965 0.4816753926701571 0.0074794315632011965 0.0074794315632011965 0.49588631264023936 
0.23636363636363636 0.18181818181818182 0.21818181818181817 0.18181818181818182 0.18181818181818182 
0.048507462686567165 0.03731343283582089 0.832089552238806 0.04477611940298507 0.03731343283582089 
0.2 0.2 0.2 0.2 0.2 
0.5137614678899083 0.045871559633027525 0.21100917431192662 0.1834862385321101 0.045871559633027525 
0.1388888888888889 0.06944444444444445 0.13194444444444445 0.5902777777777778 0.06944444444444445 
0.5568627450980392 0.0196078431372549 0.2607843137254902 0.1411764705882353 0.021568627450980392 
0.1863905325443787 0.03550295857988166 0.16863905325443787 0.5769230769230769 0.03254437869822485 
0.48299319727891155 0.06802721088435375 0.19727891156462585 0.17687074829931973 0.07482993197278912 
0.08152173913043478 0.05434782608695652 0.717391304347826 0.08695652173913043 0.059782608695652176 
0.08264462809917356 0.027548209366391185 0.27548209366391185 0.5867768595041323 0.027548209366391185 
0.8411764705882353 0.0196078431372549 0.054901960784313725 0.06470588235294118 0.0196078431372549 
0.05772811918063315 0.020484171322160148 0.8640595903165735 0.037243947858473 0.020484171322160148 
0.2893772893772894 0.04395604395604396 0.4249084249084249 0.1978021978021978 0.04395604395604396 
0.10429447852760736 0.06134969325153374 0.6441717791411042 0.12269938650306748 0.06748466257668712 
0.8467874794069192 0.018121911037891267 0.08896210873146623 0.029654036243822075 0.016474464579901153 
0.24 0.06857142857142857 0.13142857142857142 0.4857142857142857 0.07428571428571429 
0.14556962025316456 0.02109704641350211 0.7742616033755274 0.0379746835443038 0.02109704641350211 
0.016051364365971106 0.8250401284109149 0.016051364365971106 0.016051364365971106 0.12680577849117175 
0.12830558276199805 0.011753183153770812 0.752203721841332 0.0969637610186092 0.010773751224289911 
0.19230769230769232 0.19230769230769232 0.19230769230769232 0.23076923076923078 0.19230769230769232 
0.007575757575757576 0.7113636363636363 0.008333333333333333 0.007575757575757576 0.26515151515151514 
0.5277777777777778 0.034722222222222224 0.19444444444444445 0.2013888888888889 0.041666666666666664 
0.08298755186721991 0.04149377593360996 0.1825726141078838 0.6514522821576764 0.04149377593360996 
0.29840737636211234 0.009220452640402346 0.5959765297569153 0.08801341156747695 0.008382229673093043 
0.914004914004914 0.013513513513513514 0.03194103194103194 0.028255528255528257 0.012285012285012284 
0.06233766233766234 0.025974025974025976 0.8337662337662337 0.05194805194805195 0.025974025974025976 
0.0871559633027523 0.045871559633027525 0.12385321100917432 0.6972477064220184 0.045871559633027525 
0.115625 0.03125 0.70625 0.115625 0.03125 
0.07716049382716049 0.030864197530864196 0.10185185185185185 0.7530864197530864 0.037037037037037035 
0.12121212121212122 0.08333333333333333 0.6287878787878788 0.09090909090909091 0.07575757575757576 
0.08974358974358974 0.0641025641025641 0.6346153846153846 0.14743589743589744 0.0641025641025641 
0.7324675324675325 0.02857142857142857 0.08051948051948052 0.12987012987012986 0.02857142857142857 
0.8620361560418649 0.012369172216936251 0.024738344433872503 0.08848715509039011 0.012369172216936251 
0.08247422680412371 0.02577319587628866 0.7912371134020618 0.07216494845360824 0.028350515463917526 
0.075 0.075 0.6875 0.1 0.0625 
0.07107843137254902 0.024509803921568627 0.8308823529411765 0.049019607843137254 0.024509803921568627 
0.10759493670886076 0.06329113924050633 0.6708860759493671 0.08860759493670886 0.06962025316455696 
0.05128205128205128 0.06593406593406594 0.8021978021978022 0.04395604395604396 0.03663003663003663 
0.5526097763048882 0.009942004971002486 0.2883181441590721 0.1391880695940348 0.009942004971002486 
0.04597701149425287 0.028735632183908046 0.8419540229885057 0.05459770114942529 0.028735632183908046 
0.00620347394540943 0.6786600496277916 0.00620347394540943 0.00620347394540943 0.3027295285359802 
0.007473841554559043 0.6023916292974589 0.007473841554559043 0.008221225710014948 0.3744394618834081 
0.07734806629834254 0.03038674033149171 0.8287292817679558 0.03591160220994475 0.027624309392265192 
0.4041095890410959 0.0684931506849315 0.273972602739726 0.18493150684931506 0.0684931506849315 
0.9617718446601942 0.003337378640776699 0.020327669902912623 0.011529126213592233 0.003033980582524272 
0.12422360248447205 0.062111801242236024 0.6086956521739131 0.13043478260869565 0.07453416149068323 
0.08163265306122448 0.04081632653061224 0.09387755102040816 0.7428571428571429 0.04081632653061224 
0.5176211453744494 0.022026431718061675 0.07929515418502203 0.3590308370044053 0.022026431718061675 
0.13157894736842105 0.02631578947368421 0.7394736842105263 0.07368421052631578 0.02894736842105263 
0.14673913043478262 0.05434782608695652 0.18478260869565216 0.5543478260869565 0.059782608695652176 
0.06224066390041494 0.04564315352697095 0.7468879668049793 0.0995850622406639 0.04564315352697095 
0.13909774436090225 0.041353383458646614 0.6842105263157895 0.09774436090225563 0.03759398496240601 
0.4117647058823529 0.08403361344537816 0.21008403361344538 0.20168067226890757 0.09243697478991597 
0.11589403973509933 0.03642384105960265 0.7019867549668874 0.11258278145695365 0.033112582781456956 
0.35911602209944754 0.06077348066298342 0.425414364640884 0.09392265193370165 0.06077348066298342 
0.7859237536656891 0.02932551319648094 0.11143695014662756 0.04398826979472141 0.02932551319648094 
0.04878048780487805 0.02710027100271003 0.8563685636856369 0.04065040650406504 0.02710027100271003 
0.02577319587628866 0.7448453608247423 0.02577319587628866 0.02577319587628866 0.17783505154639176 
0.3411764705882353 0.03529411764705882 0.4676470588235294 0.1264705882352941 0.029411764705882353 
0.3472222222222222 0.1388888888888889 0.19444444444444445 0.18055555555555555 0.1388888888888889 
0.008873114463176575 0.6228926353149956 0.009760425909494233 0.008873114463176575 0.34960070984915703 
0.22580645161290322 0.16129032258064516 0.22580645161290322 0.1935483870967742 0.1935483870967742 
0.07766990291262135 0.04854368932038835 0.1407766990291262 0.6844660194174758 0.04854368932038835 
0.14573991031390135 0.026905829596412557 0.7130044843049327 0.08520179372197309 0.02914798206278027 
0.21333333333333335 0.13333333333333333 0.38666666666666666 0.13333333333333333 0.13333333333333333 
0.9156492785793563 0.013318534961154272 0.017758046614872364 0.041065482796892344 0.01220865704772475 
0.3071577484364142 0.009034051424600417 0.5538568450312717 0.12230715774843641 0.007644197359277276 
0.08415841584158416 0.04950495049504951 0.7425742574257426 0.07425742574257425 0.04950495049504951 
0.21568627450980393 0.19607843137254902 0.19607843137254902 0.19607843137254902 0.19607843137254902 
0.9618138424821002 0.0038782816229116944 0.02058472553699284 0.010739856801909307 0.0029832935560859188 
0.08823529411764706 0.049019607843137254 0.7401960784313726 0.06862745098039216 0.05392156862745098 
0.10273972602739725 0.07534246575342465 0.589041095890411 0.1506849315068493 0.0821917808219178 
0.7452471482889734 0.03802281368821293 0.10266159695817491 0.07604562737642585 0.03802281368821293 
0.1348314606741573 0.14606741573033707 0.4157303370786517 0.19101123595505617 0.11235955056179775 
0.17857142857142858 0.19642857142857142 0.25 0.19642857142857142 0.17857142857142858 
0.0873015873015873 0.01984126984126984 0.8412698412698413 0.031746031746031744 0.01984126984126984 
0.19852941176470587 0.024509803921568627 0.7107843137254902 0.041666666666666664 0.024509803921568627 
0.3076923076923077 0.033846153846153845 0.11076923076923077 0.5138461538461538 0.033846153846153845 
0.3355263157894737 0.02850877192982456 0.47368421052631576 0.1337719298245614 0.02850877192982456 
0.07575757575757576 0.050505050505050504 0.7525252525252525 0.06565656565656566 0.05555555555555555 
0.004017677782241864 0.5351546805946163 0.0044194455604660505 0.004017677782241864 0.4523905182804339 
0.10845588235294118 0.01838235294117647 0.8125 0.04044117647058824 0.02022058823529412 
0.00510204081632653 0.46785714285714286 0.00510204081632653 0.00510204081632653 0.5168367346938776 
0.07065217391304347 0.05434782608695652 0.7608695652173914 0.059782608695652176 0.05434782608695652 
0.2037037037037037 0.18518518518518517 0.18518518518518517 0.24074074074074073 0.18518518518518517 
0.1986754966887417 0.0728476821192053 0.5364238410596026 0.11920529801324503 0.0728476821192053 
0.15135135135135136 0.05405405405405406 0.6648648648648648 0.07027027027027027 0.05945945945945946 
0.3282051282051282 0.018803418803418803 0.5914529914529915 0.044444444444444446 0.017094017094017096 
0.09271523178807947 0.0728476821192053 0.09933774834437085 0.6622516556291391 0.0728476821192053 
0.04600484261501211 0.029055690072639227 0.8619854721549637 0.0387409200968523 0.024213075060532687 
0.25878594249201275 0.038338658146964855 0.5814696485623003 0.08626198083067092 0.03514376996805112 
0.2727272727272727 0.18181818181818182 0.18181818181818182 0.18181818181818182 0.18181818181818182 
0.3368237347294939 0.019197207678883072 0.5916230366492147 0.034904013961605584 0.017452006980802792 
0.0707395498392283 0.03215434083601286 0.8167202572347267 0.04823151125401929 0.03215434083601286 
0.19230769230769232 0.19230769230769232 0.21153846153846154 0.21153846153846154 0.19230769230769232 
0.13001912045889102 0.021032504780114723 0.7973231357552581 0.032504780114722756 0.019120458891013385 
0.009478672985781991 0.8360189573459715 0.009478672985781991 0.01042654028436019 0.13459715639810427 
0.18317757009345795 0.012149532710280374 0.5887850467289719 0.20654205607476636 0.009345794392523364 
0.2542372881355932 0.1864406779661017 0.2033898305084746 0.1864406779661017 0.1694915254237288 
0.014970059880239521 0.7544910179640718 0.014970059880239521 0.014970059880239521 0.20059880239520958 
0.2413793103448276 0.08620689655172414 0.28448275862068967 0.29310344827586204 0.09482758620689655 
0.18867924528301888 0.18867924528301888 0.20754716981132076 0.22641509433962265 0.18867924528301888 
0.009671179883945842 0.5029013539651838 0.009671179883945842 0.013539651837524178 0.46421663442940037 
0.06678383128295255 0.01757469244288225 0.8629173989455184 0.03163444639718805 0.0210896309314587 
0.3940594059405941 0.02574257425742574 0.13861386138613863 0.41188118811881186 0.0297029702970297 
0.6057692307692307 0.03205128205128205 0.16346153846153846 0.15705128205128205 0.041666666666666664 
0.6390041493775933 0.04149377593360996 0.14937759336099585 0.12448132780082988 0.04564315352697095 
0.19014084507042253 0.07746478873239436 0.4507042253521127 0.20422535211267606 0.07746478873239436 
0.21794871794871795 0.1282051282051282 0.20512820512820512 0.32051282051282054 0.1282051282051282 
0.07692307692307693 0.05128205128205128 0.7589743589743589 0.06153846153846154 0.05128205128205128 
0.04129793510324484 0.016224188790560472 0.8967551622418879 0.030973451327433628 0.014749262536873156 
0.4634146341463415 0.06097560975609756 0.24390243902439024 0.16463414634146342 0.06707317073170732 
0.5778894472361809 0.03015075376884422 0.15829145728643215 0.20100502512562815 0.032663316582914576 
0.0860655737704918 0.040983606557377046 0.75 0.0778688524590164 0.045081967213114756 
0.5074626865671642 0.05472636815920398 0.208955223880597 0.17412935323383086 0.05472636815920398 
0.10679611650485436 0.0970873786407767 0.5533980582524272 0.14563106796116504 0.0970873786407767 
0.08108108108108109 0.019305019305019305 0.8552123552123552 0.025096525096525095 0.019305019305019305 
0.22317596566523606 0.01859799713876967 0.058655221745350504 0.6766809728183119 0.022889842632331903 
0.18181818181818182 0.18181818181818182 0.2545454545454545 0.2 0.18181818181818182 
0.1411764705882353 0.08235294117647059 0.5568627450980392 0.17254901960784313 0.047058823529411764 
0.08695652173913043 0.034161490683229816 0.8043478260869565 0.043478260869565216 0.031055900621118012 
0.10919540229885058 0.05747126436781609 0.6954022988505747 0.08045977011494253 0.05747126436781609 
0.012106537530266344 0.5217917675544794 0.012106537530266344 0.012106537530266344 0.44188861985472155 
0.0025303643724696357 0.5225202429149798 0.0025303643724696357 0.002783400809716599 0.46963562753036436 
0.0030497102775236353 0.2787435193656603 0.0030497102775236353 0.0030497102775236353 0.7121073498017688 
0.11805555555555555 0.06944444444444445 0.6666666666666666 0.0763888888888889 0.06944444444444445 
0.15017064846416384 0.04436860068259386 0.6757679180887372 0.09215017064846416 0.03754266211604096 
0.19540229885057472 0.034482758620689655 0.6810344827586207 0.0603448275862069 0.028735632183908046 
0.11019283746556474 0.030303030303030304 0.7382920110192838 0.0881542699724518 0.03305785123966942 
0.05176470588235294 0.023529411764705882 0.851764705882353 0.04941176470588235 0.023529411764705882 
0.06060606060606061 0.03787878787878788 0.7727272727272727 0.08333333333333333 0.045454545454545456 
0.0990990990990991 0.04954954954954955 0.7387387387387387 0.06756756756756757 0.04504504504504504 
0.09473684210526316 0.05263157894736842 0.7052631578947368 0.08947368421052632 0.05789473684210526 
0.13043478260869565 0.08695652173913043 0.5043478260869565 0.19130434782608696 0.08695652173913043 
0.21153846153846154 0.19230769230769232 0.19230769230769232 0.21153846153846154 0.19230769230769232 
0.04678362573099415 0.043859649122807015 0.7748538011695907 0.10526315789473684 0.029239766081871343 
0.027548209366391185 0.8181818181818182 0.027548209366391185 0.027548209366391185 0.09917355371900827 
0.1111111111111111 0.09523809523809523 0.2222222222222222 0.49206349206349204 0.07936507936507936 
0.7137931034482758 0.03793103448275862 0.1206896551724138 0.0896551724137931 0.03793103448275862 
0.010073260073260074 0.7014652014652014 0.009157509157509158 0.009157509157509158 0.27014652014652013 
0.9037162162162162 0.016891891891891893 0.028716216216216218 0.033783783783783786 0.016891891891891893 
0.01838235294117647 0.5330882352941176 0.01838235294117647 0.022058823529411766 0.40808823529411764 
0.14225941422594143 0.04602510460251046 0.694560669456067 0.07112970711297072 0.04602510460251046 
0.06875 0.03125 0.05625 0.80625 0.0375 
0.9188361408882083 0.015313935681470138 0.026033690658499236 0.02450229709035222 0.015313935681470138 
0.17857142857142858 0.17857142857142858 0.26785714285714285 0.19642857142857142 0.17857142857142858 
0.08857142857142856 0.02857142857142857 0.13142857142857142 0.72 0.03142857142857143 
0.25206611570247933 0.0371900826446281 0.10950413223140495 0.5681818181818182 0.03305785123966942 
0.06666666666666667 0.07692307692307693 0.13846153846153847 0.6615384615384615 0.05641025641025641 
0.17857142857142858 0.17857142857142858 0.21428571428571427 0.23214285714285715 0.19642857142857142 
0.1375 0.06875 0.48125 0.25 0.0625 
0.072992700729927 0.04744525547445255 0.10583941605839416 0.7226277372262774 0.051094890510948905 
0.6953125 0.026041666666666668 0.14322916666666666 0.10416666666666667 0.03125 
0.07142857142857142 0.05102040816326531 0.7704081632653061 0.05612244897959184 0.05102040816326531 
0.43005181347150256 0.05181347150259067 0.12435233160621761 0.33678756476683935 0.05699481865284974 
0.07734806629834254 0.06077348066298342 0.7237569060773481 0.08287292817679558 0.055248618784530384 
0.08125 0.0625 0.7125 0.08125 0.0625 
0.16831683168316833 0.0891089108910891 0.06930693069306931 0.6237623762376238 0.04950495049504951 
0.09473684210526316 0.03859649122807018 0.775438596491228 0.056140350877192984 0.03508771929824561 
0.0703125 0.026041666666666668 0.8255208333333334 0.052083333333333336 0.026041666666666668 
0.06761565836298933 0.1103202846975089 0.7046263345195729 0.08185053380782918 0.03558718861209965 
0.003324468085106383 0.2702792553191489 0.003324468085106383 0.003324468085106383 0.7197473404255319 
0.007668711656441718 0.4148773006134969 0.00843558282208589 0.007668711656441718 0.5613496932515337 
0.0792838874680307 0.030690537084398978 0.7007672634271099 0.1585677749360614 0.030690537084398978 
0.03546099290780142 0.5531914893617021 0.03546099290780142 0.03546099290780142 0.3404255319148936 
0.17857142857142858 0.19642857142857142 0.23214285714285715 0.21428571428571427 0.17857142857142858 
0.145 0.05 0.66 0.095 0.05 
0.17507418397626112 0.02967359050445104 0.4540059347181009 0.3115727002967359 0.02967359050445104 
0.3157894736842105 0.13157894736842105 0.23684210526315788 0.18421052631578946 0.13157894736842105 
0.07038123167155426 0.02932551319648094 0.7683284457478006 0.0967741935483871 0.03519061583577713 
0.78 0.02857142857142857 0.1 0.06285714285714286 0.02857142857142857 
0.48739495798319327 0.10084033613445378 0.21008403361344538 0.11764705882352941 0.08403361344537816 
0.11555555555555555 0.04888888888888889 0.6844444444444444 0.10666666666666667 0.044444444444444446 
0.005227391531625719 0.5190799790904339 0.005227391531625719 0.005227391531625719 0.46523784631468895 
0.08441558441558442 0.06493506493506493 0.5584415584415584 0.22727272727272727 0.06493506493506493 
0.19607843137254902 0.19607843137254902 0.19607843137254902 0.21568627450980393 0.19607843137254902 
0.008613264427217916 0.5684754521963824 0.008613264427217916 0.008613264427217916 0.40568475452196384 
0.5096952908587258 0.030470914127423823 0.34349030470914127 0.08587257617728532 0.030470914127423823 
0.15789473684210525 0.13157894736842105 0.17105263157894737 0.40789473684210525 0.13157894736842105 
0.009632224168126095 0.5507880910683012 0.008756567425569177 0.008756567425569177 0.4220665499124343 
0.8230647709320695 0.022116903633491312 0.07424960505529225 0.061611374407582936 0.018957345971563982 
0.7411504424778761 0.024336283185840708 0.1261061946902655 0.08185840707964602 0.02654867256637168 
0.015037593984962405 0.6390977443609023 0.015037593984962405 0.015037593984962405 0.3157894736842105 
0.9271477663230241 0.006872852233676976 0.01993127147766323 0.03917525773195876 0.006872852233676976 
0.058997050147492625 0.035398230088495575 0.12979351032448377 0.7463126843657817 0.029498525073746312 
0.1623931623931624 0.10256410256410256 0.09401709401709402 0.5555555555555556 0.08547008547008547 
0.19607843137254902 0.19607843137254902 0.21568627450980393 0.19607843137254902 0.19607843137254902 
0.25903614457831325 0.07228915662650602 0.26506024096385544 0.3313253012048193 0.07228915662650602 
0.27734375 0.024739583333333332 0.11588541666666667 0.5638020833333334 0.018229166666666668 
0.1984924623115578 0.03015075376884422 0.27386934673366836 0.46733668341708545 0.03015075376884422 
0.6825396825396826 0.031746031746031744 0.10582010582010581 0.1455026455026455 0.03439153439153439 
0.060109289617486336 0.0546448087431694 0.7650273224043715 0.06557377049180328 0.0546448087431694 
0.1116751269035533 0.050761421319796954 0.08121827411167512 0.7055837563451777 0.050761421319796954 
0.15384615384615385 0.015384615384615385 0.11188811188811189 0.7006993006993008 0.01818181818181818 
0.04391891891891892 0.033783783783783786 0.8175675675675675 0.06756756756756757 0.037162162162162164 
0.08333333333333333 0.052083333333333336 0.07291666666666667 0.7395833333333334 0.052083333333333336 
0.004827235772357724 0.0027947154471544716 0.008384146341463415 0.9809451219512195 0.003048780487804878 
0.13533834586466165 0.07518796992481203 0.5263157894736842 0.18796992481203006 0.07518796992481203 
0.08057851239669421 0.024793388429752067 0.7851239669421488 0.08884297520661157 0.02066115702479339 
0.08235294117647059 0.0392156862745098 0.7529411764705882 0.08627450980392157 0.0392156862745098 
0.05752212389380531 0.022123893805309734 0.08185840707964602 0.8163716814159292 0.022123893805309734 
0.003672420124862284 0.6154976129269188 0.003672420124862284 0.004039662137348513 0.3731178846860081 
0.09146341463414634 0.06097560975609756 0.6585365853658537 0.12804878048780488 0.06097560975609756 
0.007446016381236039 0.5599404318689502 0.008190618019359643 0.007446016381236039 0.41697691734921816 
0.1347517730496454 0.07801418439716312 0.6099290780141844 0.10638297872340426 0.07092198581560284 
0.008984725965858042 0.33513027852650495 0.008984725965858042 0.008984725965858042 0.637915543575921 
0.024509803921568627 0.571078431372549 0.024509803921568627 0.024509803921568627 0.3553921568627451 
0.14492753623188406 0.11594202898550725 0.4420289855072464 0.21739130434782608 0.07971014492753623 
0.6459893048128342 0.012834224598930482 0.08983957219251337 0.24064171122994651 0.0106951871657754 
0.8138957816377171 0.009925558312655087 0.10256410256410256 0.06451612903225806 0.009098428453267164 
0.11016949152542373 0.031073446327683617 0.652542372881356 0.1751412429378531 0.031073446327683617 
0.5196304849884527 0.03002309468822171 0.16859122401847576 0.2540415704387991 0.02771362586605081 
0.06936416184971098 0.057803468208092484 0.7341040462427746 0.08092485549132948 0.057803468208092484 
0.0055617352614015575 0.6017797552836485 0.0055617352614015575 0.0055617352614015575 0.38153503893214685 
0.16030534351145037 0.07633587786259542 0.13740458015267176 0.549618320610687 0.07633587786259542 
0.19607843137254902 0.19607843137254902 0.21568627450980393 0.19607843137254902 0.19607843137254902 
0.18181818181818182 0.18181818181818182 0.18181818181818182 0.2727272727272727 0.18181818181818182 
0.004818221638195357 0.422251423565484 0.004380201489268506 0.004380201489268506 0.5641699518177836 
0.652317880794702 0.04304635761589404 0.18874172185430463 0.07947019867549669 0.03642384105960265 
0.08074534161490683 0.031055900621118012 0.7857142857142857 0.07142857142857142 0.031055900621118012 
0.0034106412005457027 0.48840381991814463 0.003751705320600273 0.0034106412005457027 0.5010231923601637 
0.1927710843373494 0.007087172218284904 0.6073706591070163 0.18214032600992205 0.010630758327427357 
0.11991869918699187 0.022357723577235773 0.06707317073170732 0.766260162601626 0.024390243902439025 
0.26229508196721313 0.06147540983606557 0.35655737704918034 0.27049180327868855 0.04918032786885246 
0.006489292667099286 0.48215444516547695 0.006489292667099286 0.006489292667099286 0.4983776768332252 
0.29015544041450775 0.017271157167530225 0.12435233160621761 0.5474956822107081 0.02072538860103627 
0.09274193548387097 0.04032258064516129 0.10080645161290322 0.7258064516129032 0.04032258064516129 
0.15283842794759825 0.048034934497816595 0.056768558951965066 0.6986899563318777 0.043668122270742356 
0.6040816326530613 0.04081632653061224 0.19183673469387755 0.12244897959183673 0.04081632653061224 
0.18867924528301888 0.18867924528301888 0.18867924528301888 0.24528301886792453 0.18867924528301888 
0.05761316872427984 0.04938271604938271 0.09053497942386832 0.7613168724279835 0.0411522633744856 
0.9194097616345063 0.011350737797956867 0.029511918274687854 0.02383654937570942 0.015891032917139614 
0.18 0.01 0.1 0.7 0.01 
0.10828025477707007 0.10191082802547771 0.08917197452229299 0.6178343949044586 0.08280254777070063 
0.17110266159695817 0.053231939163498096 0.49429657794676807 0.23954372623574144 0.04182509505703422 
0.09019607843137255 0.07450980392156863 0.10588235294117647 0.6901960784313725 0.0392156862745098 
0.1483375959079284 0.02557544757033248 0.058823529411764705 0.7263427109974424 0.04092071611253197 
0.19298245614035087 0.17543859649122806 0.19298245614035087 0.2631578947368421 0.17543859649122806 
0.06310679611650485 0.04854368932038835 0.7912621359223301 0.04854368932038835 0.04854368932038835 
0.36344969199178645 0.013347022587268994 0.5492813141683778 0.058521560574948665 0.015400410677618069 
0.07407407407407407 0.02546296296296296 0.09953703703703703 0.7777777777777778 0.023148148148148147 
0.0029824038174768863 0.5851476289889651 0.0029824038174768863 0.0029824038174768863 0.40590515955860423 
0.03823529411764706 0.041176470588235294 0.788235294117647 0.1 0.03235294117647059 
0.09027777777777778 0.06944444444444445 0.6736111111111112 0.09722222222222222 0.06944444444444445 
0.003648424543946932 0.4374792703150912 0.003648424543946932 0.003316749585406302 0.5519071310116086 
0.0759493670886076 0.06329113924050633 0.7025316455696202 0.08860759493670886 0.06962025316455696 
0.006657789613848202 0.3415446071904128 0.006657789613848202 0.007323568575233023 0.6378162450066578 
0.017064846416382253 0.6825938566552902 0.017064846416382253 0.01877133105802048 0.2645051194539249 
0.04145077720207254 0.010362694300518135 0.918825561312608 0.019861830742659757 0.009499136442141624 
0.07373271889400922 0.05069124423963134 0.1336405529953917 0.695852534562212 0.04608294930875576 
0.024518388791593695 0.04203152364273205 0.8861646234676007 0.01926444833625219 0.028021015761821366 
0.0273972602739726 0.7945205479452054 0.0273972602739726 0.0273972602739726 0.1232876712328767 
0.19156414762741653 0.0210896309314587 0.07205623901581722 0.6924428822495606 0.022847100175746926 
0.19230769230769232 0.19230769230769232 0.19230769230769232 0.21153846153846154 0.21153846153846154 
0.19230769230769232 0.21153846153846154 0.21153846153846154 0.19230769230769232 0.19230769230769232 
0.005055611729019211 0.39332659251769464 0.005561172901921132 0.005055611729019211 0.5910010111223458 
0.8116343490304709 0.027700831024930747 0.07202216066481995 0.060941828254847646 0.027700831024930747 
0.22033898305084745 0.1694915254237288 0.22033898305084745 0.22033898305084745 0.1694915254237288 
0.01020408163265306 0.610204081632653 0.01020408163265306 0.011224489795918367 0.35816326530612247 
0.1693548387096774 0.03024193548387097 0.16733870967741934 0.6129032258064516 0.020161290322580645 
0.5387205387205387 0.05387205387205387 0.13131313131313133 0.23232323232323232 0.04377104377104377 
0.02444987775061125 0.6014669926650367 0.029339853300733496 0.02444987775061125 0.3202933985330073 
0.15 0.05555555555555555 0.43333333333333335 0.29444444444444445 0.06666666666666667 
0.19230769230769232 0.19230769230769232 0.21153846153846154 0.19230769230769232 0.21153846153846154 
0.2037037037037037 0.18518518518518517 0.2222222222222222 0.2037037037037037 0.18518518518518517 
0.05864197530864197 0.033950617283950615 0.3549382716049383 0.5154320987654321 0.037037037037037035 
0.8277777777777777 0.00873015873015873 0.08412698412698413 0.06904761904761905 0.010317460317460317 
0.460431654676259 0.07194244604316546 0.2158273381294964 0.17985611510791366 0.07194244604316546 
0.10810810810810811 0.06756756756756757 0.12162162162162163 0.6351351351351351 0.06756756756756757 
0.1644518272425249 0.019933554817275746 0.0681063122923588 0.7192691029900332 0.02823920265780731 
0.34782608695652173 0.14492753623188406 0.2028985507246377 0.15942028985507245 0.14492753623188406 
0.06018518518518518 0.046296296296296294 0.1388888888888889 0.7083333333333334 0.046296296296296294 
0.07849829351535836 0.04436860068259386 0.05802047781569966 0.7849829351535836 0.034129692832764506 
0.09900990099009901 0.09900990099009901 0.5544554455445545 0.1485148514851485 0.09900990099009901 
0.5491329479768786 0.057803468208092484 0.23699421965317918 0.09826589595375723 0.057803468208092484 
0.39143730886850153 0.04281345565749235 0.25382262996941896 0.27217125382262997 0.039755351681957186 
0.06158357771260997 0.02932551319648094 0.8269794721407625 0.05278592375366569 0.02932551319648094 
0.051587301587301584 0.03968253968253968 0.8095238095238095 0.05555555555555555 0.04365079365079365 
0.1016949152542373 0.031073446327683617 0.05649717514124294 0.7768361581920904 0.03389830508474576 
0.0634648370497427 0.08576329331046312 0.7718696397941681 0.058319039451114926 0.02058319039451115 
0.008361204013377926 0.6688963210702341 0.00919732441471572 0.00919732441471572 0.30434782608695654 
0.09545454545454546 0.045454545454545456 0.21363636363636362 0.6 0.045454545454545456 
0.08630952380952381 0.03273809523809524 0.7886904761904762 0.05952380952380952 0.03273809523809524 
0.007668711656441718 0.6940184049079755 0.007668711656441718 0.007668711656441718 0.28297546012269936 
0.006297229219143577 0.19899244332493704 0.006297229219143577 0.006297229219143577 0.7821158690176322 
0.09375 0.06875 0.59375 0.175 0.06875 
0.01567398119122257 0.5031347962382445 0.01567398119122257 0.01567398119122257 0.4498432601880878 
0.17543859649122806 0.17543859649122806 0.2982456140350877 0.17543859649122806 0.17543859649122806 
0.13043478260869565 0.10869565217391304 0.5217391304347826 0.13043478260869565 0.10869565217391304 
0.07984790874524715 0.045627376425855515 0.7718631178707225 0.06463878326996197 0.03802281368821293 
0.06278026905829596 0.053811659192825115 0.7713004484304933 0.06726457399103139 0.04484304932735426 
0.01088139281828074 0.8454842219804135 0.01088139281828074 0.01088139281828074 0.12187159956474429 
0.8825688073394495 0.01834862385321101 0.044036697247706424 0.03669724770642202 0.01834862385321101 
0.19607843137254902 0.19607843137254902 0.19607843137254902 0.21568627450980393 0.19607843137254902 
0.02564102564102564 0.5664335664335665 0.023310023310023312 0.023310023310023312 0.3613053613053613 
0.7823834196891192 0.02849740932642487 0.08808290155440414 0.06735751295336788 0.03367875647668394 
0.5137420718816068 0.023255813953488372 0.38266384778012685 0.05708245243128964 0.023255813953488372 
0.18518518518518517 0.18518518518518517 0.2037037037037037 0.24074074074074073 0.18518518518518517 
0.0065832784726793945 0.6082949308755761 0.0065832784726793945 0.0065832784726793945 0.3719552337063858 
0.18543046357615894 0.08609271523178808 0.2185430463576159 0.44370860927152317 0.06622516556291391 
0.07258064516129033 0.02956989247311828 0.8172043010752689 0.051075268817204304 0.02956989247311828 
0.7030075187969925 0.010338345864661654 0.09868421052631579 0.17575187969924813 0.012218045112781954 
0.017699115044247787 0.6 0.017699115044247787 0.017699115044247787 0.34690265486725663 
0.21362229102167182 0.04024767801857585 0.34055727554179566 0.3684210526315789 0.03715170278637771 
0.23076923076923078 0.19230769230769232 0.19230769230769232 0.19230769230769232 0.19230769230769232 
0.18518518518518517 0.18518518518518517 0.2222222222222222 0.2222222222222222 0.18518518518518517 
0.11261261261261261 0.04504504504504504 0.5135135135135135 0.28378378378378377 0.04504504504504504 
0.125 0.052083333333333336 0.11458333333333333 0.6736111111111112 0.034722222222222224 
0.7134570765661253 0.012761020881670533 0.030162412993039442 0.2308584686774942 0.012761020881670533 
0.6103448275862069 0.03793103448275862 0.15517241379310345 0.14482758620689656 0.05172413793103448 
0.08444444444444445 0.06222222222222222 0.1111111111111111 0.68 0.06222222222222222 
0.1276595744680851 0.031914893617021274 0.6409574468085106 0.1675531914893617 0.031914893617021274 
0.2023121387283237 0.06936416184971098 0.17341040462427745 0.49710982658959535 0.057803468208092484 
0.10507246376811594 0.036231884057971016 0.12318840579710146 0.6992753623188406 0.036231884057971016 
0.12552301255230125 0.05439330543933055 0.09205020920502092 0.6652719665271967 0.06276150627615062 
0.08505154639175258 0.028350515463917526 0.07474226804123711 0.7835051546391752 0.028350515463917526 
0.0340632603406326 0.0267639902676399 0.07542579075425791 0.8394160583941606 0.024330900243309004 
0.2591549295774648 0.03380281690140845 0.5211267605633803 0.14929577464788732 0.036619718309859155 
0.1056338028169014 0.07042253521126761 0.6267605633802817 0.1267605633802817 0.07042253521126761 
0.05149501661129568 0.03322259136212625 0.044850498338870434 0.8521594684385382 0.018272425249169437 
0.005070993914807302 0.6288032454361054 0.005578093306288032 0.005578093306288032 0.35496957403651114 
0.11379310344827587 0.041379310344827586 0.5 0.30344827586206896 0.041379310344827586 
0.09406952965235174 0.022494887525562373 0.14519427402862986 0.7034764826175869 0.034764826175869123 
0.008375209380234505 0.39949748743718594 0.008375209380234505 0.009212730318257957 0.5745393634840871 
0.1111111111111111 0.1111111111111111 0.5555555555555556 0.12121212121212122 0.10101010101010101 
0.016778523489932886 0.2080536912751678 0.016778523489932886 0.016778523489932886 0.7416107382550335 
0.0915032679738562 0.0784313725490196 0.6666666666666666 0.09803921568627451 0.06535947712418301 
0.017921146953405017 0.6272401433691757 0.017921146953405017 0.017921146953405017 0.31899641577060933 
0.054945054945054944 0.054945054945054944 0.7472527472527473 0.08791208791208792 0.054945054945054944 
0.18018018018018017 0.09009009009009009 0.4774774774774775 0.16216216216216217 0.09009009009009009 
0.06417112299465241 0.053475935828877004 0.7593582887700535 0.06951871657754011 0.053475935828877004 
0.5174825174825175 0.09090909090909091 0.21678321678321677 0.1048951048951049 0.06993006993006994 
0.32 0.06666666666666667 0.3933333333333333 0.15333333333333332 0.06666666666666667 
0.025974025974025976 0.7194805194805195 0.025974025974025976 0.025974025974025976 0.2025974025974026 
0.24316109422492402 0.0364741641337386 0.13069908814589665 0.5562310030395137 0.03343465045592705 
0.21052631578947367 0.17543859649122806 0.21052631578947367 0.22807017543859648 0.17543859649122806 
0.6184971098265896 0.031791907514450865 0.10982658959537572 0.20520231213872833 0.03468208092485549 
0.1375 0.2875 0.15 0.125 0.3 
0.11956521739130435 0.10869565217391304 0.4891304347826087 0.17391304347826086 0.10869565217391304 
0.19672131147540983 0.21311475409836064 0.16393442622950818 0.26229508196721313 0.16393442622950818 
0.18181818181818182 0.2 0.21818181818181817 0.21818181818181817 0.18181818181818182 
0.015015015015015015 0.6711711711711712 0.015015015015015015 0.015015015015015015 0.28378378378378377 
0.11170212765957446 0.05319148936170213 0.06914893617021277 0.7127659574468085 0.05319148936170213 
0.23809523809523808 0.15873015873015872 0.25396825396825395 0.19047619047619047 0.15873015873015872 
0.04612850082372323 0.016474464579901153 0.0757825370675453 0.8451400329489291 0.016474464579901153 
0.8609523809523809 0.01904761904761905 0.05333333333333334 0.047619047619047616 0.01904761904761905 
0.11920529801324503 0.033112582781456956 0.11920529801324503 0.6920529801324503 0.03642384105960265 
0.18867924528301888 0.18867924528301888 0.20754716981132076 0.22641509433962265 0.18867924528301888 
0.05343511450381679 0.022900763358778626 0.026717557251908396 0.8778625954198473 0.019083969465648856 
0.08571428571428572 0.044444444444444446 0.049206349206349205 0.8031746031746032 0.01746031746031746 
0.13725490196078433 0.06535947712418301 0.10457516339869281 0.6274509803921569 0.06535947712418301 
0.49074074074074076 0.10185185185185185 0.16666666666666666 0.14814814814814814 0.09259259259259259 
0.20359281437125748 0.059880239520958084 0.11377245508982035 0.562874251497006 0.059880239520958084 
0.1222707423580786 0.043668122270742356 0.06550218340611354 0.7248908296943232 0.043668122270742356 
0.16901408450704225 0.07042253521126761 0.1056338028169014 0.5774647887323944 0.07746478873239436 
0.40828402366863903 0.0650887573964497 0.3136094674556213 0.15384615384615385 0.05917159763313609 
0.057441253263707574 0.028720626631853787 0.06788511749347259 0.8198433420365535 0.02610966057441253 
0.09908256880733946 0.02018348623853211 0.8091743119266055 0.05321100917431193 0.01834862385321101 
0.07407407407407407 0.0411522633744856 0.6748971193415638 0.16872427983539096 0.0411522633744856 
0.12266666666666666 0.048 0.06666666666666667 0.728 0.034666666666666665 
0.06417112299465241 0.053475935828877004 0.7540106951871658 0.0748663101604278 0.053475935828877004 
0.21014492753623187 0.10869565217391304 0.2318840579710145 0.37681159420289856 0.07246376811594203 
0.0041946308724832215 0.7814597315436241 0.0041946308724832215 0.0050335570469798654 0.20511744966442952 
0.20402298850574713 0.034482758620689655 0.6091954022988506 0.11781609195402298 0.034482758620689655 
0.13448275862068965 0.03793103448275862 0.08620689655172414 0.7068965517241379 0.034482758620689655 
0.12359550561797752 0.11235955056179775 0.5168539325842697 0.1348314606741573 0.11235955056179775 
0.00510204081632653 0.22908163265306122 0.00510204081632653 0.005612244897959183 0.7551020408163265 
0.13043478260869565 0.10869565217391304 0.5108695652173914 0.14130434782608695 0.10869565217391304 
0.006811989100817439 0.7104904632152589 0.006811989100817439 0.006811989100817439 0.26907356948228883 
0.0684931506849315 0.0684931506849315 0.6643835616438356 0.13013698630136986 0.0684931506849315 
0.10891089108910891 0.10891089108910891 0.5445544554455446 0.13861386138613863 0.09900990099009901 
0.09900990099009901 0.04950495049504951 0.7227722772277227 0.07920792079207921 0.04950495049504951 
0.13609467455621302 0.016272189349112426 0.0650887573964497 0.7677514792899408 0.014792899408284023 
0.8782771535580525 0.02247191011235955 0.03745318352059925 0.04307116104868914 0.018726591760299626 
0.019120458891013385 0.6959847036328872 0.019120458891013385 0.019120458891013385 0.24665391969407266 
0.7581047381546134 0.02493765586034913 0.13466334164588528 0.05486284289276808 0.02743142144638404 
0.19230769230769232 0.21153846153846154 0.21153846153846154 0.19230769230769232 0.19230769230769232 
0.026385224274406333 0.6886543535620053 0.026385224274406333 0.026385224274406333 0.23218997361477572 
0.44313725490196076 0.023529411764705882 0.40784313725490196 0.10588235294117647 0.0196078431372549 
0.16129032258064516 0.16129032258064516 0.3225806451612903 0.1774193548387097 0.1774193548387097 
0.19607843137254902 0.21568627450980393 0.19607843137254902 0.19607843137254902 0.19607843137254902 
