0.07780979827089338 0.07204610951008646 0.6829971181556196 0.09798270893371758 0.069164265129683 
0.6838842975206612 0.07231404958677685 0.05991735537190083 0.13636363636363635 0.047520661157024795 
0.2610150585610708 0.2788622420524261 0.2643614054656999 0.17233686558839934 0.023424428332403793 
0.03986710963455149 0.8571428571428571 0.04983388704318937 0.03488372093023256 0.018272425249169437 
0.15942028985507245 0.2391304347826087 0.36594202898550726 0.18478260869565216 0.050724637681159424 
0.06746031746031746 0.05555555555555555 0.047619047619047616 0.051587301587301584 0.7777777777777778 
0.09326424870466321 0.0535405872193437 0.6718480138169257 0.11226252158894647 0.0690846286701209 
0.08753315649867374 0.11671087533156499 0.5358090185676393 0.1883289124668435 0.07161803713527852 
0.8181818181818182 0.0803030303030303 0.03939393939393939 0.03939393939393939 0.022727272727272728 
0.11538461538461539 0.27472527472527475 0.23076923076923078 0.2802197802197802 0.0989010989010989 
0.06321839080459771 0.6609195402298851 0.09195402298850575 0.10919540229885058 0.07471264367816093 
0.36649214659685864 0.17801047120418848 0.08900523560209424 0.2774869109947644 0.08900523560209424 
0.09779179810725552 0.14511041009463724 0.4069400630914827 0.2744479495268139 0.07570977917981073 
0.05172413793103448 0.6793103448275862 0.08620689655172414 0.05862068965517241 0.12413793103448276 
0.11979166666666667 0.3151041666666667 0.16666666666666666 0.3515625 0.046875 
0.1320754716981132 0.5911949685534591 0.09433962264150944 0.10062893081761007 0.08176100628930817 
0.16703786191536749 0.09131403118040089 0.6146993318485523 0.0935412026726058 0.0334075723830735 
0.47249190938511326 0.08414239482200647 0.10679611650485436 0.2588996763754045 0.07766990291262135 
0.05622489959839357 0.04417670682730924 0.040160642570281124 0.08835341365461848 0.7710843373493976 
0.46715328467153283 0.12408759124087591 0.1386861313868613 0.15328467153284672 0.11678832116788321 
0.26307922272047835 0.13004484304932734 0.09566517189835576 0.4798206278026906 0.03139013452914798 
0.13123844731977818 0.18022181146025879 0.06377079482439926 0.5979667282809612 0.026802218114602587 
0.82996632996633 0.04208754208754209 0.06397306397306397 0.04377104377104377 0.020202020202020204 
0.03044496487119438 0.8711943793911007 0.0351288056206089 0.03278688524590164 0.03044496487119438 
0.04113110539845758 0.06426735218508997 0.583547557840617 0.19023136246786632 0.12082262210796915 
0.12432432432432433 0.43243243243243246 0.2864864864864865 0.0972972972972973 0.05945945945945946 
0.14285714285714285 0.0962406015037594 0.1368421052631579 0.5714285714285714 0.05263157894736842 
0.10989010989010989 0.09340659340659341 0.46703296703296704 0.17582417582417584 0.15384615384615385 
0.1853146853146853 0.12237762237762238 0.458041958041958 0.0944055944055944 0.13986013986013987 
0.3247058823529412 0.15529411764705883 0.17647058823529413 0.10588235294117647 0.2376470588235294 
0.061855670103092786 0.4742268041237113 0.0780559646539028 0.36524300441826213 0.020618556701030927 
0.1424581005586592 0.3715083798882682 0.3435754189944134 0.11173184357541899 0.030726256983240222 
0.33687943262411346 0.4929078014184397 0.05319148936170213 0.0673758865248227 0.04964539007092199 
0.5870069605568445 0.15777262180974477 0.0765661252900232 0.10904872389791183 0.06960556844547564 
0.16549295774647887 0.10211267605633803 0.4295774647887324 0.2007042253521127 0.10211267605633803 
0.1568627450980392 0.058823529411764705 0.2178649237472767 0.23965141612200436 0.32679738562091504 
0.04844961240310078 0.050387596899224806 0.7441860465116279 0.08333333333333333 0.07364341085271318 
0.11870503597122302 0.7589928057553957 0.03597122302158273 0.06474820143884892 0.02158273381294964 
0.19575113808801214 0.09408194233687406 0.16084977238239756 0.5083459787556904 0.0409711684370258 
0.48314606741573035 0.24719101123595505 0.08426966292134831 0.11797752808988764 0.06741573033707865 
0.5209790209790209 0.15734265734265734 0.17132867132867133 0.08041958041958042 0.06993006993006994 
0.2872340425531915 0.10638297872340426 0.0851063829787234 0.44680851063829785 0.07446808510638298 
0.7361702127659574 0.10638297872340426 0.027659574468085105 0.10212765957446808 0.027659574468085105 
0.09414758269720101 0.272264631043257 0.44783715012722647 0.1450381679389313 0.04071246819338423 
0.08235294117647059 0.6294117647058823 0.1 0.11176470588235295 0.07647058823529412 
0.12849162011173185 0.3575418994413408 0.3575418994413408 0.12011173184357542 0.036312849162011177 
0.04878048780487805 0.056910569105691054 0.04878048780487805 0.052845528455284556 0.7926829268292683 
0.10240963855421686 0.05120481927710843 0.0286144578313253 0.7710843373493976 0.046686746987951805 
0.09722222222222222 0.38425925925925924 0.09259259259259259 0.06481481481481481 0.3611111111111111 
0.11594202898550725 0.321256038647343 0.15217391304347827 0.37681159420289856 0.033816425120772944 
0.644918444165621 0.06148055207026349 0.10915934755332497 0.1342534504391468 0.050188205771643665 
0.13068181818181818 0.6022727272727273 0.08522727272727272 0.10227272727272728 0.07954545454545454 
0.05357142857142857 0.7857142857142857 0.039285714285714285 0.05 0.07142857142857142 
0.1318051575931232 0.7163323782234957 0.06017191977077364 0.04871060171919771 0.04297994269340974 
0.6444444444444445 0.1037037037037037 0.10740740740740741 0.08518518518518518 0.05925925925925926 
0.34459459459459457 0.25 0.14189189189189189 0.14864864864864866 0.11486486486486487 
0.04778156996587031 0.06484641638225255 0.07736063708759955 0.7861205915813424 0.023890784982935155 
0.13403614457831325 0.1144578313253012 0.07078313253012049 0.6204819277108434 0.060240963855421686 
0.06428571428571428 0.07142857142857142 0.08571428571428572 0.06428571428571428 0.7142857142857143 
0.12468827930174564 0.5311720698254364 0.14962593516209477 0.13466334164588528 0.059850374064837904 
0.04118404118404118 0.8442728442728443 0.03861003861003861 0.05791505791505792 0.018018018018018018 
0.28865979381443296 0.21649484536082475 0.2268041237113402 0.12371134020618557 0.14432989690721648 
0.1276595744680851 0.46808510638297873 0.1595744680851064 0.11702127659574468 0.1276595744680851 
0.06563706563706563 0.08494208494208494 0.05791505791505792 0.04247104247104247 0.749034749034749 
0.23885350318471338 0.054140127388535034 0.4745222929936306 0.1624203821656051 0.07006369426751592 
0.04779411764705882 0.058823529411764705 0.0625 0.0625 0.7683823529411765 
0.08609271523178808 0.5938189845474614 0.1479028697571744 0.1390728476821192 0.033112582781456956 
0.6038461538461538 0.10961538461538461 0.038461538461538464 0.08269230769230769 0.16538461538461538 
0.09744779582366589 0.5174013921113689 0.11600928074245939 0.21577726218097448 0.05336426914153132 
0.2151394422310757 0.5617529880478087 0.099601593625498 0.06374501992031872 0.05976095617529881 
0.13653136531365315 0.12546125461254612 0.2029520295202952 0.45387453874538747 0.08118081180811808 
0.07911392405063292 0.08860759493670886 0.34177215189873417 0.17405063291139242 0.31645569620253167 
0.24642857142857144 0.07142857142857142 0.09642857142857143 0.07142857142857142 0.5142857142857142 
0.47767857142857145 0.11160714285714286 0.03125 0.12723214285714285 0.25223214285714285 
0.028205128205128206 0.8435897435897436 0.05641025641025641 0.04358974358974359 0.028205128205128206 
0.6944444444444444 0.14930555555555555 0.04861111111111111 0.06944444444444445 0.03819444444444445 
0.7771812080536913 0.03087248322147651 0.026845637583892617 0.14899328859060404 0.016107382550335572 
0.5212121212121212 0.09090909090909091 0.14545454545454545 0.15757575757575756 0.08484848484848485 
0.5329457364341085 0.22286821705426357 0.04263565891472868 0.17635658914728683 0.025193798449612403 
0.03464203233256351 0.03233256351039261 0.050808314087759814 0.8545034642032333 0.02771362586605081 
0.8280467445742905 0.05676126878130217 0.04340567612687813 0.048414023372287146 0.02337228714524207 
0.05338078291814947 0.4483985765124555 0.060498220640569395 0.03914590747330961 0.398576512455516 
0.5562130177514792 0.1755424063116371 0.09664694280078895 0.1282051282051282 0.04339250493096647 
0.7598499061913696 0.11819887429643527 0.03189493433395872 0.06378986866791744 0.02626641651031895 
0.15767634854771784 0.6473029045643154 0.04979253112033195 0.08298755186721991 0.06224066390041494 
0.6666666666666666 0.16600265604249667 0.06108897742363878 0.08764940239043825 0.01859229747675963 
0.1625 0.5171875 0.1703125 0.115625 0.034375 
0.770573566084788 0.017456359102244388 0.029925187032418952 0.1633416458852868 0.018703241895261846 
0.5374077976817703 0.08113804004214963 0.1791359325605901 0.136986301369863 0.06533192834562697 
0.051111111111111114 0.03888888888888889 0.8433333333333334 0.044444444444444446 0.022222222222222223 
0.08020050125313283 0.6842105263157895 0.08020050125313283 0.10025062656641603 0.05513784461152882 
0.3801916932907348 0.4169329073482428 0.039936102236421724 0.06869009584664537 0.09424920127795527 
0.06907894736842106 0.8453947368421053 0.04276315789473684 0.02138157894736842 0.02138157894736842 
0.11335012594458438 0.3047858942065491 0.4332493702770781 0.11335012594458438 0.03526448362720403 
0.1898470097357441 0.6286509040333796 0.07162726008344923 0.08414464534075104 0.02573018080667594 
0.09523809523809523 0.5384615384615384 0.11721611721611722 0.1978021978021978 0.05128205128205128 
0.8874061718098415 0.0316930775646372 0.030025020850708923 0.040033361134278564 0.010842368640533779 
0.547244094488189 0.06496062992125984 0.04330708661417323 0.2952755905511811 0.04921259842519685 
0.06896551724137931 0.03793103448275862 0.05862068965517241 0.11724137931034483 0.7172413793103448 
0.21729957805907174 0.04219409282700422 0.07489451476793249 0.6255274261603375 0.04008438818565401 
0.5676274944567627 0.10864745011086474 0.10421286031042129 0.17960088691796008 0.03991130820399113 
0.06073752711496746 0.46203904555314534 0.14099783080260303 0.30585683297180044 0.03036876355748373 
0.17339667458432304 0.0997624703087886 0.22565320665083136 0.43942992874109266 0.06175771971496437 
0.2384428223844282 0.13138686131386862 0.1192214111922141 0.46228710462287104 0.04866180048661801 
0.06420233463035019 0.23929961089494164 0.4961089494163424 0.16342412451361868 0.03696498054474708 
0.09401709401709402 0.05555555555555555 0.05128205128205128 0.7592592592592593 0.039886039886039885 
0.0988235294117647 0.10588235294117647 0.14352941176470588 0.5764705882352941 0.07529411764705882 
0.3861236802413273 0.043740573152337855 0.06184012066365008 0.22171945701357465 0.2865761689291101 
0.1708185053380783 0.23487544483985764 0.37722419928825623 0.1708185053380783 0.046263345195729534 
0.17843866171003717 0.4603469640644362 0.12267657992565056 0.21189591078066913 0.02664188351920694 
0.08833922261484099 0.045936395759717315 0.07773851590106007 0.04240282685512368 0.7455830388692579 
0.0718562874251497 0.6227544910179641 0.16766467065868262 0.0658682634730539 0.0718562874251497 
0.2694300518134715 0.10103626943005181 0.44559585492227977 0.14248704663212436 0.04145077720207254 
0.11637931034482758 0.7025862068965517 0.06465517241379311 0.0603448275862069 0.05603448275862069 
0.10328638497652583 0.3333333333333333 0.3615023474178404 0.107981220657277 0.09389671361502347 
0.05415162454873646 0.703971119133574 0.07581227436823104 0.06498194945848375 0.10108303249097472 
0.05314009661835749 0.6714975845410628 0.12560386473429952 0.0821256038647343 0.06763285024154589 
0.6656346749226006 0.07739938080495357 0.04024767801857585 0.17027863777089783 0.04643962848297214 
0.7724665391969407 0.10133843212237094 0.030592734225621414 0.07265774378585087 0.022944550669216062 
0.03978779840848806 0.8594164456233422 0.03978779840848806 0.034482758620689655 0.026525198938992044 
0.18823529411764706 0.2235294117647059 0.16470588235294117 0.12941176470588237 0.29411764705882354 
0.6149253731343284 0.10746268656716418 0.07761194029850746 0.16716417910447762 0.03283582089552239 
0.13580246913580246 0.4444444444444444 0.13580246913580246 0.16049382716049382 0.12345679012345678 
0.10714285714285714 0.7008928571428571 0.0625 0.08035714285714286 0.049107142857142856 
0.0979381443298969 0.6288659793814433 0.08247422680412371 0.0979381443298969 0.09278350515463918 
0.8739495798319328 0.031092436974789917 0.03697478991596639 0.047058823529411764 0.010924369747899159 
0.11764705882352941 0.13445378151260504 0.14285714285714285 0.4957983193277311 0.1092436974789916 
0.7119402985074627 0.15074626865671642 0.05223880597014925 0.06417910447761194 0.020895522388059702 
0.07954545454545454 0.09090909090909091 0.041666666666666664 0.041666666666666664 0.7462121212121212 
0.034482758620689655 0.8663793103448276 0.03879310344827586 0.034482758620689655 0.02586206896551724 
0.5822784810126582 0.15822784810126583 0.046413502109704644 0.17721518987341772 0.035864978902953586 
0.31754874651810583 0.4233983286908078 0.11142061281337047 0.0947075208913649 0.052924791086350974 
0.6580459770114943 0.10632183908045977 0.08045977011494253 0.11494252873563218 0.040229885057471264 
0.47701149425287354 0.22413793103448276 0.13218390804597702 0.08045977011494253 0.08620689655172414 
0.1574074074074074 0.08641975308641975 0.2222222222222222 0.4537037037037037 0.08024691358024691 
0.042801556420233464 0.054474708171206226 0.10116731517509728 0.05058365758754864 0.7509727626459144 
0.12121212121212122 0.12554112554112554 0.4588744588744589 0.20346320346320346 0.09090909090909091 
0.1227390180878553 0.06589147286821706 0.07235142118863049 0.6976744186046512 0.041343669250646 
0.5208333333333334 0.13988095238095238 0.07142857142857142 0.08630952380952381 0.18154761904761904 
0.07317073170731707 0.6883468834688347 0.06233062330623306 0.13008130081300814 0.04607046070460705 
0.36363636363636365 0.09696969696969697 0.1393939393939394 0.2787878787878788 0.12121212121212122 
0.039637599093997736 0.031710079275198186 0.8176670441676104 0.08154020385050963 0.02944507361268403 
0.0962962962962963 0.1 0.09259259259259259 0.6518518518518519 0.05925925925925926 
0.11042944785276074 0.05112474437627812 0.5296523517382413 0.26380368098159507 0.044989775051124746 
0.14198782961460446 0.3630831643002028 0.3022312373225152 0.058823529411764705 0.13387423935091278 
0.044897959183673466 0.5306122448979592 0.04897959183673469 0.3448979591836735 0.030612244897959183 
0.22363405336721728 0.24015247776365947 0.04066073697585769 0.4625158831003812 0.03303684879288437 
0.5501792114695341 0.16487455197132617 0.16308243727598568 0.08243727598566308 0.03942652329749104 
0.5523465703971119 0.11913357400722022 0.08303249097472924 0.18411552346570398 0.061371841155234655 
0.06914433880726016 0.808124459809853 0.08383751080380294 0.02679343128781331 0.012100259291270527 
0.5257731958762887 0.16752577319587628 0.05412371134020619 0.20618556701030927 0.04639175257731959 
0.22234099412079103 0.3639764831640834 0.18866916087653662 0.20630678781400322 0.01870657402458578 
0.08163265306122448 0.6673469387755102 0.08775510204081632 0.11632653061224489 0.04693877551020408 
0.4505208333333333 0.1171875 0.17708333333333334 0.20052083333333334 0.0546875 
0.023991275899672846 0.03271537622682661 0.836423118865867 0.08287895310796074 0.023991275899672846 
0.09913043478260869 0.7878260869565218 0.03130434782608696 0.059130434782608696 0.022608695652173914 
0.5970464135021097 0.1518987341772152 0.035864978902953586 0.17088607594936708 0.04430379746835443 
0.10784313725490197 0.5392156862745098 0.12745098039215685 0.12745098039215685 0.09803921568627451 
0.7471967380224261 0.045871559633027525 0.0326197757390418 0.1488277268093782 0.0254841997961264 
0.3020833333333333 0.23958333333333334 0.059027777777777776 0.11458333333333333 0.2847222222222222 
0.050473186119873815 0.022082018927444796 0.8485804416403786 0.04100946372239748 0.03785488958990536 
0.1437908496732026 0.6143790849673203 0.0915032679738562 0.08496732026143791 0.06535947712418301 
0.09433962264150944 0.5849056603773585 0.12264150943396226 0.09433962264150944 0.10377358490566038 
0.12286689419795221 0.11945392491467577 0.05460750853242321 0.07508532423208192 0.6279863481228669 
0.17142857142857143 0.4714285714285714 0.08571428571428572 0.16428571428571428 0.10714285714285714 
0.04598662207357859 0.9122073578595318 0.01254180602006689 0.019230769230769232 0.010033444816053512 
0.15384615384615385 0.5080500894454383 0.23792486583184258 0.07513416815742398 0.025044722719141325 
0.3125 0.21022727272727273 0.06818181818181818 0.11363636363636363 0.29545454545454547 
0.1018867924528302 0.07169811320754717 0.04150943396226415 0.07169811320754717 0.7132075471698113 
0.1357142857142857 0.06904761904761905 0.38095238095238093 0.29285714285714287 0.12142857142857143 
0.632183908045977 0.06513409961685823 0.05363984674329502 0.16475095785440613 0.0842911877394636 
0.10679611650485436 0.5728155339805825 0.0970873786407767 0.10679611650485436 0.11650485436893204 
0.07281553398058252 0.20388349514563106 0.49514563106796117 0.18689320388349515 0.0412621359223301 
0.12093023255813953 0.3627906976744186 0.3488372093023256 0.10697674418604651 0.06046511627906977 
0.11913357400722022 0.05054151624548736 0.04332129963898917 0.061371841155234655 0.7256317689530686 
0.18454935622317598 0.45493562231759654 0.19313304721030042 0.12017167381974249 0.04721030042918455 
0.05454545454545454 0.07272727272727272 0.03636363636363636 0.10545454545454545 0.730909090909091 
0.3090909090909091 0.12045454545454545 0.33181818181818185 0.18863636363636363 0.05 
0.031746031746031744 0.050061050061050064 0.07203907203907203 0.8168498168498168 0.029304029304029304 
0.6846153846153846 0.15128205128205127 0.038461538461538464 0.08461538461538462 0.041025641025641026 
0.2 0.075 0.05416666666666667 0.5458333333333333 0.125 
0.05652173913043478 0.6869565217391305 0.08695652173913043 0.11304347826086956 0.05652173913043478 
0.052132701421800945 0.7725118483412322 0.061611374407582936 0.05687203791469194 0.05687203791469194 
0.6425855513307985 0.09505703422053231 0.12547528517110265 0.08365019011406843 0.053231939163498096 
0.06711979609175871 0.33984706881903143 0.44774851316907394 0.1265930331350892 0.018691588785046728 
0.08370044052863436 0.12334801762114538 0.4977973568281938 0.16740088105726872 0.1277533039647577 
0.13902439024390245 0.40487804878048783 0.036585365853658534 0.03414634146341464 0.3853658536585366 
0.5733157199471598 0.11624834874504623 0.15984147952443858 0.11889035667107001 0.031704095112285335 
0.1111111111111111 0.06093189964157706 0.03942652329749104 0.053763440860215055 0.7347670250896058 
0.3931240657698057 0.4618834080717489 0.03288490284005979 0.04932735426008968 0.06278026905829596 
0.2513426423200859 0.34156820622986034 0.06766917293233082 0.061224489795918366 0.2781954887218045 
0.19941634241245138 0.11964980544747082 0.08560311284046693 0.5642023346303502 0.0311284046692607 
0.0859375 0.05859375 0.046875 0.0390625 0.76953125 
0.033236994219653176 0.030346820809248554 0.8858381502890174 0.02167630057803468 0.028901734104046242 
0.042709867452135494 0.46686303387334316 0.10456553755522828 0.36818851251840945 0.017673048600883652 
0.12903225806451613 0.5806451612903226 0.10483870967741936 0.08870967741935484 0.0967741935483871 
0.11977715877437325 0.5264623955431755 0.07799442896935933 0.23676880222841226 0.03899721448467967 
0.7210682492581603 0.14688427299703263 0.04896142433234421 0.06528189910979229 0.017804154302670624 
0.03731343283582089 0.05223880597014925 0.1455223880597015 0.04477611940298507 0.7201492537313433 
0.2612359550561798 0.08426966292134831 0.07303370786516854 0.5449438202247191 0.03651685393258427 
0.6900369003690037 0.07749077490774908 0.05904059040590406 0.11070110701107011 0.06273062730627306 
0.042535446205170975 0.9107589658048374 0.01834862385321101 0.019182652210175146 0.009174311926605505 
0.09375 0.7623106060606061 0.09943181818181818 0.035037878787878785 0.00946969696969697 
0.03201970443349754 0.8152709359605911 0.07881773399014778 0.03694581280788178 0.03694581280788178 
0.05172413793103448 0.7965517241379311 0.04827586206896552 0.05172413793103448 0.05172413793103448 
0.06326530612244897 0.5020408163265306 0.05102040816326531 0.35306122448979593 0.030612244897959183 
0.6826923076923077 0.17307692307692307 0.05576923076923077 0.051923076923076926 0.03653846153846154 
0.5232273838630807 0.05867970660146699 0.039119804400977995 0.18092909535452323 0.1980440097799511 
0.391025641025641 0.21794871794871795 0.10256410256410256 0.20512820512820512 0.08333333333333333 
0.09341500765696784 0.04058192955589587 0.08805513016845329 0.7404287901990811 0.03751914241960184 
0.05037037037037037 0.277037037037037 0.48444444444444446 0.16148148148148148 0.02666666666666667 
0.2026251025430681 0.1443806398687449 0.1542247744052502 0.47990155865463496 0.018867924528301886 
0.7907869481765835 0.03262955854126679 0.09980806142034548 0.046065259117082535 0.030710172744721688 
0.078125 0.7447916666666666 0.052083333333333336 0.06770833333333333 0.057291666666666664 
0.10305343511450382 0.08778625954198473 0.6106870229007634 0.11068702290076336 0.08778625954198473 
0.037800687285223365 0.048109965635738834 0.15463917525773196 0.041237113402061855 0.718213058419244 
0.03794266441821248 0.9106239460370995 0.013490725126475547 0.026138279932546374 0.011804384485666104 
0.13651877133105803 0.10921501706484642 0.05802047781569966 0.05802047781569966 0.6382252559726962 
0.3572761194029851 0.4468283582089552 0.05317164179104478 0.11473880597014925 0.027985074626865673 
0.04830917874396135 0.6835748792270532 0.10628019323671498 0.11594202898550725 0.04589371980676329 
0.68125 0.16875 0.040625 0.06875 0.040625 
0.34798534798534797 0.06593406593406594 0.07326007326007326 0.32234432234432236 0.19047619047619047 
0.4440389294403893 0.06569343065693431 0.023114355231143552 0.13017031630170317 0.33698296836982966 
0.13194444444444445 0.13541666666666666 0.052083333333333336 0.04513888888888889 0.6354166666666666 
0.17699115044247787 0.3893805309734513 0.1415929203539823 0.1504424778761062 0.1415929203539823 
0.6857562408223201 0.05873715124816446 0.04405286343612335 0.14977973568281938 0.06167400881057269 
0.045454545454545456 0.056818181818181816 0.11363636363636363 0.06439393939393939 0.7196969696969697 
0.16339869281045752 0.6078431372549019 0.0718954248366013 0.0915032679738562 0.06535947712418301 
0.31970260223048325 0.48698884758364314 0.06319702602230483 0.07806691449814127 0.05204460966542751 
0.06534090909090909 0.38920454545454547 0.24431818181818182 0.26136363636363635 0.03977272727272727 
0.10317460317460317 0.5317460317460317 0.06613756613756613 0.26455026455026454 0.03439153439153439 
0.7761194029850746 0.033582089552238806 0.11007462686567164 0.04291044776119403 0.03731343283582089 
0.2109375 0.08854166666666667 0.11979166666666667 0.203125 0.3776041666666667 
0.06859205776173286 0.8014440433212996 0.05054151624548736 0.039711191335740074 0.039711191335740074 
0.11509433962264151 0.7735849056603774 0.045283018867924525 0.045283018867924525 0.020754716981132074 
0.059574468085106386 0.7787234042553192 0.04680851063829787 0.06382978723404255 0.05106382978723404 
0.7357954545454546 0.045454545454545456 0.10369318181818182 0.07244318181818182 0.04261363636363636 
0.16317991631799164 0.6569037656903766 0.07112970711297072 0.058577405857740586 0.0502092050209205 
0.1720183486238532 0.19036697247706422 0.2545871559633027 0.26146788990825687 0.12155963302752294 
0.5594713656387665 0.11894273127753303 0.07488986784140969 0.16740088105726872 0.07929515418502203 
0.05639097744360902 0.04887218045112782 0.03759398496240601 0.12030075187969924 0.7368421052631579 
0.09259259259259259 0.7083333333333334 0.07175925925925926 0.08333333333333333 0.04398148148148148 
0.6590909090909091 0.11363636363636363 0.06818181818181818 0.11742424242424243 0.041666666666666664 
0.32303370786516855 0.4157303370786517 0.09269662921348315 0.11797752808988764 0.05056179775280899 
0.376 0.144 0.192 0.152 0.136 
0.210727969348659 0.1532567049808429 0.44061302681992337 0.1532567049808429 0.0421455938697318 
0.13089005235602094 0.07329842931937172 0.14136125654450263 0.3036649214659686 0.3507853403141361 
0.04150943396226415 0.06415094339622641 0.05660377358490566 0.045283018867924525 0.7924528301886793 
0.042582417582417584 0.8502747252747253 0.03021978021978022 0.057692307692307696 0.019230769230769232 
0.1328125 0.5325520833333334 0.22526041666666666 0.091796875 0.017578125 
0.2874331550802139 0.2540106951871658 0.1858288770053476 0.20588235294117646 0.06684491978609626 
0.14035087719298245 0.21637426900584794 0.4502923976608187 0.11695906432748537 0.07602339181286549 
