0.09933774834437085 0.07947019867549669 0.17549668874172186 0.609271523178808 0.03642384105960265 
0.10101010101010101 0.08585858585858586 0.6666666666666666 0.09595959595959595 0.050505050505050504 
0.19607843137254902 0.21568627450980393 0.19607843137254902 0.19607843137254902 0.19607843137254902 
0.01085883514313919 0.01085883514313919 0.012833168805528134 0.009871668311944718 0.9555774925962488 
0.19230769230769232 0.21153846153846154 0.19230769230769232 0.21153846153846154 0.19230769230769232 
0.07532467532467532 0.08311688311688312 0.06233766233766234 0.7532467532467533 0.025974025974025976 
0.17543859649122806 0.22807017543859648 0.21052631578947367 0.19298245614035087 0.19298245614035087 
0.16842105263157894 0.07368421052631578 0.06842105263157895 0.6368421052631579 0.05263157894736842 
0.21333333333333335 0.13333333333333333 0.38666666666666666 0.13333333333333333 0.13333333333333333 
0.8771008403361344 0.06512605042016807 0.01995798319327731 0.026260504201680673 0.011554621848739496 
0.07716049382716049 0.040123456790123455 0.8055555555555556 0.046296296296296294 0.030864197530864196 
0.10512129380053908 0.09433962264150944 0.0646900269541779 0.706199460916442 0.029649595687331536 
0.008710801393728223 0.009581881533101045 0.009581881533101045 0.008710801393728223 0.9634146341463414 
0.08024691358024691 0.09259259259259259 0.654320987654321 0.10493827160493827 0.06790123456790123 
0.11320754716981132 0.14150943396226415 0.14150943396226415 0.5094339622641509 0.09433962264150944 
0.07065217391304347 0.5760869565217391 0.16847826086956522 0.13043478260869565 0.05434782608695652 
0.07462686567164178 0.11194029850746269 0.6268656716417911 0.1455223880597015 0.041044776119402986 
0.12213740458015267 0.22900763358778625 0.3969465648854962 0.21374045801526717 0.03816793893129771 
0.11304347826086956 0.12173913043478261 0.5304347826086957 0.14782608695652175 0.08695652173913043 
0.18518518518518517 0.18518518518518517 0.24074074074074073 0.18518518518518517 0.2037037037037037 
0.09535452322738386 0.05867970660146699 0.7677261613691931 0.0488997555012225 0.029339853300733496 
0.22807017543859648 0.19298245614035087 0.22807017543859648 0.17543859649122806 0.17543859649122806 
0.1346938775510204 0.044897959183673466 0.726530612244898 0.053061224489795916 0.04081632653061224 
0.21428571428571427 0.17857142857142858 0.23214285714285715 0.19642857142857142 0.17857142857142858 
0.07428571428571429 0.05714285714285714 0.72 0.09142857142857143 0.05714285714285714 
0.0074794315632011965 0.008227374719521317 0.0074794315632011965 0.0074794315632011965 0.9693343305908751 
0.2 0.2 0.2 0.21818181818181817 0.18181818181818182 
0.03731343283582089 0.04477611940298507 0.8134328358208955 0.06716417910447761 0.03731343283582089 
0.2 0.2 0.2 0.2 0.2 
0.24770642201834864 0.05963302752293578 0.21100917431192662 0.43577981651376146 0.045871559633027525 
0.10416666666666667 0.1527777777777778 0.125 0.5486111111111112 0.06944444444444445 
0.47058823529411764 0.16862745098039217 0.12156862745098039 0.2196078431372549 0.0196078431372549 
0.08875739644970414 0.7100591715976331 0.05325443786982249 0.11538461538461539 0.03254437869822485 
0.38095238095238093 0.14285714285714285 0.21768707482993196 0.19047619047619047 0.06802721088435375 
0.09239130434782608 0.08152173913043478 0.6739130434782609 0.09782608695652174 0.05434782608695652 
0.07713498622589532 0.650137741046832 0.14600550964187328 0.09917355371900827 0.027548209366391185 
0.7784313725490196 0.08235294117647059 0.060784313725490195 0.056862745098039215 0.021568627450980392 
0.040968342644320296 0.048417132216014895 0.845437616387337 0.0446927374301676 0.020484171322160148 
0.21611721611721613 0.42857142857142855 0.19047619047619047 0.12087912087912088 0.04395604395604396 
0.10429447852760736 0.09202453987730061 0.5950920245398773 0.1411042944785276 0.06748466257668712 
0.8319604612850082 0.02471169686985173 0.09225700164744646 0.03459637561779242 0.016474464579901153 
0.21714285714285714 0.22857142857142856 0.13142857142857142 0.36 0.06285714285714286 
0.0970464135021097 0.04852320675105485 0.7911392405063291 0.04008438818565401 0.023206751054852322 
0.016051364365971106 0.016051364365971106 0.016051364365971106 0.016051364365971106 0.9357945425361156 
0.08521057786483839 0.23604309500489715 0.5808031341821743 0.0871694417238002 0.010773751224289911 
0.19230769230769232 0.19230769230769232 0.21153846153846154 0.21153846153846154 0.19230769230769232 
0.007575757575757576 0.007575757575757576 0.007575757575757576 0.007575757575757576 0.9696969696969697 
0.1284722222222222 0.6354166666666666 0.125 0.0763888888888889 0.034722222222222224 
0.1037344398340249 0.0954356846473029 0.11203319502074689 0.6431535269709544 0.04564315352697095 
0.12657166806370496 0.7175188600167645 0.1173512154233026 0.028499580888516344 0.010058675607711651 
0.8832923832923832 0.04668304668304668 0.02334152334152334 0.0343980343980344 0.012285012285012284 
0.05974025974025974 0.03636363636363636 0.8207792207792208 0.05714285714285714 0.025974025974025976 
0.11009174311926606 0.11926605504587157 0.0871559633027523 0.6330275229357798 0.05045871559633028 
0.078125 0.0875 0.684375 0.11875 0.03125 
0.05555555555555555 0.08950617283950617 0.08641975308641975 0.7314814814814815 0.037037037037037035 
0.10606060606060606 0.5303030303030303 0.20454545454545456 0.08333333333333333 0.07575757575757576 
0.11538461538461539 0.08974358974358974 0.5064102564102564 0.22435897435897437 0.0641025641025641 
0.7272727272727273 0.05714285714285714 0.07532467532467532 0.11428571428571428 0.025974025974025976 
0.8144624167459562 0.10085632730732635 0.017126546146527116 0.056137012369172214 0.011417697431018078 
0.08505154639175258 0.07216494845360824 0.7628865979381443 0.05154639175257732 0.028350515463917526 
0.1 0.09375 0.64375 0.09375 0.06875 
0.0784313725490196 0.0392156862745098 0.8186274509803921 0.0392156862745098 0.024509803921568627 
0.0949367088607595 0.10759493670886076 0.6265822784810127 0.10759493670886076 0.06329113924050633 
0.05860805860805861 0.04395604395604396 0.8021978021978022 0.047619047619047616 0.047619047619047616 
0.39188069594034797 0.3753106876553438 0.1516155758077879 0.07290803645401822 0.008285004142502071 
0.034482758620689655 0.03735632183908046 0.8505747126436781 0.04885057471264368 0.028735632183908046 
0.00620347394540943 0.00620347394540943 0.006823821339950372 0.007444168734491315 0.9733250620347395 
0.007473841554559043 0.007473841554559043 0.007473841554559043 0.007473841554559043 0.9701046337817638 
0.1132596685082873 0.03591160220994475 0.7734806629834254 0.049723756906077346 0.027624309392265192 
0.2191780821917808 0.0958904109589041 0.19863013698630136 0.4178082191780822 0.0684931506849315 
0.9535800970873787 0.010315533980582525 0.018507281553398057 0.013956310679611651 0.0036407766990291263 
0.11801242236024845 0.11801242236024845 0.5714285714285714 0.13043478260869565 0.062111801242236024 
0.0653061224489796 0.7428571428571429 0.05714285714285714 0.09387755102040816 0.04081632653061224 
0.22466960352422907 0.046255506607929514 0.08149779735682819 0.6255506607929515 0.022026431718061675 
0.15 0.03684210526315789 0.6552631578947369 0.12631578947368421 0.031578947368421054 
0.125 0.6413043478260869 0.09782608695652174 0.08152173913043478 0.05434782608695652 
0.04979253112033195 0.06224066390041494 0.7385892116182573 0.1078838174273859 0.04149377593360996 
0.12030075187969924 0.16541353383458646 0.5451127819548872 0.13157894736842105 0.03759398496240601 
0.37815126050420167 0.12605042016806722 0.18487394957983194 0.226890756302521 0.08403361344537816 
0.08940397350993377 0.059602649006622516 0.6887417218543046 0.12582781456953643 0.03642384105960265 
0.32044198895027626 0.12154696132596685 0.34806629834254144 0.15469613259668508 0.055248618784530384 
0.7888563049853372 0.03225806451612903 0.09090909090909091 0.05865102639296188 0.02932551319648094 
0.051490514905149054 0.04878048780487805 0.8102981029810298 0.06233062330623306 0.02710027100271003 
0.02577319587628866 0.02577319587628866 0.02577319587628866 0.028350515463917526 0.8943298969072165 
0.2852941176470588 0.4411764705882353 0.1588235294117647 0.08529411764705883 0.029411764705882353 
0.1527777777777778 0.4166666666666667 0.1388888888888889 0.1527777777777778 0.1388888888888889 
0.008873114463176575 0.008873114463176575 0.01064773735581189 0.008873114463176575 0.9627329192546584 
0.22580645161290322 0.25806451612903225 0.1935483870967742 0.16129032258064516 0.16129032258064516 
0.09223300970873786 0.06310679611650485 0.1262135922330097 0.6699029126213593 0.04854368932038835 
0.13228699551569506 0.19506726457399104 0.5852017937219731 0.06053811659192825 0.026905829596412557 
0.21333333333333335 0.13333333333333333 0.37333333333333335 0.13333333333333333 0.14666666666666667 
0.9112097669256382 0.03440621531631521 0.01997780244173141 0.023307436182019976 0.011098779134295227 
0.06045865184155664 0.7574704656011119 0.14523974982626825 0.029186935371785964 0.007644197359277276 
0.09405940594059406 0.06435643564356436 0.7079207920792079 0.08415841584158416 0.04950495049504951 
0.19607843137254902 0.19607843137254902 0.21568627450980393 0.19607843137254902 0.19607843137254902 
0.9621121718377088 0.0110381861575179 0.013126491646778043 0.010739856801909307 0.0029832935560859188 
0.0784313725490196 0.5784313725490197 0.22549019607843138 0.06862745098039216 0.049019607843137254 
0.08904109589041095 0.1232876712328767 0.547945205479452 0.17123287671232876 0.0684931506849315 
0.06844106463878327 0.7642585551330798 0.07224334600760456 0.057034220532319393 0.03802281368821293 
0.1348314606741573 0.1348314606741573 0.4606741573033708 0.14606741573033707 0.12359550561797752 
0.17857142857142858 0.17857142857142858 0.23214285714285715 0.23214285714285715 0.17857142857142858 
0.09325396825396826 0.02976190476190476 0.8253968253968254 0.031746031746031744 0.01984126984126984 
0.125 0.04411764705882353 0.7401960784313726 0.0661764705882353 0.024509803921568627 
0.14461538461538462 0.6246153846153846 0.10153846153846154 0.09846153846153846 0.03076923076923077 
0.12938596491228072 0.19956140350877194 0.4407894736842105 0.20614035087719298 0.02412280701754386 
0.06565656565656566 0.050505050505050504 0.7727272727272727 0.06060606060606061 0.050505050505050504 
0.004017677782241864 0.0044194455604660505 0.004017677782241864 0.004017677782241864 0.9835275210928084 
0.08823529411764706 0.04044117647058824 0.8272058823529411 0.025735294117647058 0.01838235294117647 
0.00510204081632653 0.00510204081632653 0.00510204081632653 0.00510204081632653 0.9795918367346939 
0.10326086956521739 0.059782608695652176 0.7065217391304348 0.07608695652173914 0.05434782608695652 
0.18518518518518517 0.18518518518518517 0.2222222222222222 0.2222222222222222 0.18518518518518517 
0.09933774834437085 0.3973509933774834 0.31125827814569534 0.11920529801324503 0.0728476821192053 
0.14054054054054055 0.31351351351351353 0.3567567567567568 0.12972972972972974 0.05945945945945946 
0.3384615384615385 0.03418803418803419 0.5538461538461539 0.05641025641025641 0.017094017094017096 
0.09933774834437085 0.5562913907284768 0.08609271523178808 0.19205298013245034 0.06622516556291391 
0.0774818401937046 0.026634382566585957 0.8329297820823245 0.0387409200968523 0.024213075060532687 
0.17891373801916932 0.24281150159744408 0.46325878594249204 0.08306709265175719 0.03194888178913738 
0.2545454545454545 0.18181818181818182 0.2 0.18181818181818182 0.18181818181818182 
0.3525305410122164 0.031413612565445025 0.5602094240837696 0.03664921465968586 0.019197207678883072 
0.05466237942122187 0.04823151125401929 0.8006430868167203 0.06109324758842444 0.03536977491961415 
0.19230769230769232 0.19230769230769232 0.21153846153846154 0.21153846153846154 0.19230769230769232 
0.11663479923518165 0.0497131931166348 0.780114722753346 0.03441682600382409 0.019120458891013385 
0.01042654028436019 0.009478672985781991 0.009478672985781991 0.009478672985781991 0.9611374407582939 
0.048598130841121495 0.77196261682243 0.14299065420560747 0.027102803738317756 0.009345794392523364 
0.1864406779661017 0.2711864406779661 0.2033898305084746 0.1694915254237288 0.1694915254237288 
0.014970059880239521 0.016467065868263474 0.014970059880239521 0.014970059880239521 0.938622754491018 
0.22413793103448276 0.14655172413793102 0.27586206896551724 0.2672413793103448 0.08620689655172414 
0.22641509433962265 0.18867924528301888 0.20754716981132076 0.18867924528301888 0.18867924528301888 
0.009671179883945842 0.010638297872340425 0.009671179883945842 0.010638297872340425 0.9593810444874274 
0.056239015817223195 0.0492091388400703 0.843585237258348 0.03163444639718805 0.019332161687170474 
0.297029702970297 0.4891089108910891 0.0891089108910891 0.10297029702970296 0.02178217821782178 
0.5416666666666666 0.12179487179487179 0.1346153846153846 0.16666666666666666 0.035256410256410256 
0.6763485477178424 0.08298755186721991 0.0912863070539419 0.1037344398340249 0.04564315352697095 
0.2535211267605634 0.19718309859154928 0.323943661971831 0.14788732394366197 0.07746478873239436 
0.15384615384615385 0.15384615384615385 0.21794871794871795 0.34615384615384615 0.1282051282051282 
0.08205128205128205 0.5538461538461539 0.2153846153846154 0.09743589743589744 0.05128205128205128 
0.03392330383480826 0.04424778761061947 0.8687315634218289 0.038348082595870206 0.014749262536873156 
0.4329268292682927 0.10975609756097561 0.2073170731707317 0.18902439024390244 0.06097560975609756 
0.5125628140703518 0.1934673366834171 0.10301507537688442 0.16080402010050251 0.03015075376884422 
0.0860655737704918 0.07377049180327869 0.7254098360655737 0.07377049180327869 0.040983606557377046 
0.5223880597014925 0.1044776119402985 0.208955223880597 0.09950248756218906 0.06467661691542288 
0.14563106796116504 0.1262135922330097 0.5145631067961165 0.11650485436893204 0.0970873786407767 
0.0888030888030888 0.025096525096525095 0.8359073359073359 0.03088803088803089 0.019305019305019305 
0.15021459227467812 0.2532188841201717 0.05150214592274678 0.530758226037196 0.01430615164520744 
0.18181818181818182 0.18181818181818182 0.23636363636363636 0.21818181818181817 0.18181818181818182 
0.1568627450980392 0.09411764705882353 0.615686274509804 0.08235294117647059 0.050980392156862744 
0.046583850931677016 0.037267080745341616 0.8322981366459627 0.052795031055900624 0.031055900621118012 
0.14942528735632185 0.05747126436781609 0.6551724137931034 0.08045977011494253 0.05747126436781609 
0.012106537530266344 0.012106537530266344 0.013317191283292978 0.013317191283292978 0.9491525423728814 
0.0025303643724696357 0.0025303643724696357 0.002783400809716599 0.0025303643724696357 0.9896255060728745 
0.0030497102775236353 0.0030497102775236353 0.003354681305275999 0.0030497102775236353 0.9874961878621531 
0.09027777777777778 0.08333333333333333 0.6388888888888888 0.11805555555555555 0.06944444444444445 
0.09897610921501707 0.11604095563139932 0.6484641638225256 0.10238907849829351 0.034129692832764506 
0.20977011494252873 0.05172413793103448 0.6436781609195402 0.06609195402298851 0.028735632183908046 
0.10743801652892562 0.03581267217630854 0.7134986225895317 0.11570247933884298 0.027548209366391185 
0.05411764705882353 0.05411764705882353 0.8329411764705882 0.03529411764705882 0.023529411764705882 
0.07196969696969698 0.05303030303030303 0.7575757575757576 0.07954545454545454 0.03787878787878788 
0.13063063063063063 0.05405405405405406 0.6261261261261262 0.14414414414414414 0.04504504504504504 
0.11578947368421053 0.07894736842105263 0.6842105263157895 0.06842105263157895 0.05263157894736842 
0.1391304347826087 0.10434782608695652 0.4956521739130435 0.16521739130434782 0.09565217391304348 
0.19230769230769232 0.21153846153846154 0.19230769230769232 0.21153846153846154 0.19230769230769232 
0.06725146198830409 0.049707602339181284 0.7485380116959064 0.09649122807017543 0.038011695906432746 
0.027548209366391185 0.027548209366391185 0.027548209366391185 0.027548209366391185 0.8898071625344353 
0.16666666666666666 0.49206349206349204 0.1349206349206349 0.11904761904761904 0.0873015873015873 
0.6275862068965518 0.13793103448275862 0.1 0.09655172413793103 0.03793103448275862 
0.010073260073260074 0.009157509157509158 0.009157509157509158 0.010073260073260074 0.9615384615384616 
0.8766891891891891 0.02195945945945946 0.0472972972972973 0.037162162162162164 0.016891891891891893 
0.01838235294117647 0.01838235294117647 0.01838235294117647 0.02022058823529412 0.9246323529411765 
0.09205020920502092 0.1589958158995816 0.6150627615062761 0.08786610878661087 0.04602510460251046 
0.075 0.075 0.04375 0.771875 0.034375 
0.8958652373660031 0.033690658499234305 0.026033690658499236 0.02909647779479326 0.015313935681470138 
0.17857142857142858 0.17857142857142858 0.25 0.21428571428571427 0.17857142857142858 
0.11428571428571428 0.06 0.08857142857142856 0.7085714285714285 0.02857142857142857 
0.16115702479338842 0.29958677685950413 0.09504132231404959 0.4132231404958678 0.030991735537190084 
0.09230769230769231 0.08717948717948718 0.13333333333333333 0.6358974358974359 0.05128205128205128 
0.19642857142857142 0.19642857142857142 0.21428571428571427 0.21428571428571427 0.17857142857142858 
0.16875 0.31875 0.23125 0.21875 0.0625 
0.09854014598540146 0.10948905109489052 0.08029197080291971 0.6678832116788321 0.043795620437956206 
0.5989583333333334 0.16666666666666666 0.15885416666666666 0.046875 0.028645833333333332 
0.07142857142857142 0.061224489795918366 0.7551020408163265 0.061224489795918366 0.05102040816326531 
0.12953367875647667 0.6113989637305699 0.07253886010362694 0.13471502590673576 0.05181347150259067 
0.07734806629834254 0.06077348066298342 0.7292817679558011 0.07734806629834254 0.055248618784530384 
0.075 0.075 0.725 0.0625 0.0625 
0.09405940594059406 0.19306930693069307 0.07425742574257425 0.5792079207920792 0.0594059405940594 
0.15087719298245614 0.042105263157894736 0.7052631578947368 0.06666666666666667 0.03508771929824561 
0.08072916666666667 0.036458333333333336 0.7994791666666666 0.057291666666666664 0.026041666666666668 
0.08896797153024912 0.05338078291814947 0.7402135231316725 0.07473309608540925 0.042704626334519574 
0.0036569148936170214 0.003989361702127659 0.0036569148936170214 0.004986702127659575 0.9837101063829787 
0.007668711656441718 0.007668711656441718 0.007668711656441718 0.007668711656441718 0.9693251533742331 
0.10230179028132992 0.09207161125319693 0.6368286445012787 0.14066496163682865 0.028132992327365727 
0.03546099290780142 0.03546099290780142 0.03546099290780142 0.03546099290780142 0.8581560283687943 
0.19642857142857142 0.19642857142857142 0.21428571428571427 0.21428571428571427 0.17857142857142858 
0.13 0.055 0.66 0.105 0.05 
0.13056379821958458 0.09495548961424333 0.2433234421364985 0.49851632047477745 0.032640949554896145 
0.2631578947368421 0.19736842105263158 0.17105263157894737 0.23684210526315788 0.13157894736842105 
0.05571847507331378 0.08504398826979472 0.7214076246334311 0.10557184750733138 0.03225806451612903 
0.7685714285714286 0.054285714285714284 0.10285714285714286 0.045714285714285714 0.02857142857142857 
0.18487394957983194 0.4957983193277311 0.12605042016806722 0.1092436974789916 0.08403361344537816 
0.06666666666666667 0.057777777777777775 0.7111111111111111 0.12 0.044444444444444446 
0.006272869837950863 0.005227391531625719 0.005227391531625719 0.00575013068478829 0.9775222164140094 
0.1038961038961039 0.14285714285714285 0.4805194805194805 0.2077922077922078 0.06493506493506493 
0.19607843137254902 0.21568627450980393 0.19607843137254902 0.19607843137254902 0.19607843137254902 
0.008613264427217916 0.008613264427217916 0.008613264427217916 0.008613264427217916 0.9655469422911284 
0.2742382271468144 0.5207756232686981 0.10249307479224377 0.07479224376731301 0.027700831024930747 
0.14473684210526316 0.13157894736842105 0.15789473684210525 0.4342105263157895 0.13157894736842105 
0.008756567425569177 0.008756567425569177 0.008756567425569177 0.009632224168126095 0.9640980735551664 
0.731437598736177 0.12006319115323855 0.06477093206951026 0.06635071090047394 0.017377567140600316 
0.6747787610619469 0.13495575221238937 0.09070796460176991 0.07300884955752213 0.02654867256637168 
0.015037593984962405 0.015037593984962405 0.015037593984962405 0.016541353383458645 0.9383458646616541 
0.9010309278350516 0.009621993127147767 0.024742268041237112 0.0577319587628866 0.006872852233676976 
0.06784660766961652 0.07669616519174041 0.10324483775811209 0.7197640117994101 0.032448377581120944 
0.1623931623931624 0.13675213675213677 0.1282051282051282 0.47863247863247865 0.09401709401709402 
0.19607843137254902 0.19607843137254902 0.19607843137254902 0.19607843137254902 0.21568627450980393 
0.18072289156626506 0.1566265060240964 0.3614457831325301 0.23493975903614459 0.06626506024096386 
0.17578125 0.2994791666666667 0.0859375 0.4205729166666667 0.018229166666666668 
0.09798994974874371 0.48743718592964824 0.11306532663316583 0.271356783919598 0.03015075376884422 
0.6322751322751323 0.1349206349206349 0.08994708994708994 0.1164021164021164 0.026455026455026454 
0.0546448087431694 0.0546448087431694 0.7704918032786885 0.06557377049180328 0.0546448087431694 
0.1319796954314721 0.08629441624365482 0.09644670050761421 0.6294416243654822 0.05583756345177665 
0.11048951048951049 0.5944055944055944 0.06153846153846154 0.21958041958041957 0.013986013986013986 
0.060810810810810814 0.057432432432432436 0.7905405405405406 0.057432432432432436 0.033783783783783786 
0.057291666666666664 0.078125 0.0625 0.75 0.052083333333333336 
0.0038109756097560975 0.004319105691056911 0.013973577235772357 0.9753556910569106 0.002540650406504065 
0.08270676691729323 0.15037593984962405 0.5263157894736842 0.16541353383458646 0.07518796992481203 
0.08677685950413223 0.09504132231404959 0.7128099173553719 0.08471074380165289 0.02066115702479339 
0.08235294117647059 0.07450980392156863 0.7294117647058823 0.07450980392156863 0.0392156862745098 
0.05088495575221239 0.04424778761061947 0.05530973451327434 0.827433628318584 0.022123893805309734 
0.004039662137348513 0.003672420124862284 0.003672420124862284 0.004039662137348513 0.9845758354755784 
0.06097560975609756 0.07317073170731707 0.6280487804878049 0.17682926829268292 0.06097560975609756 
0.007446016381236039 0.008190618019359643 0.008935219657483246 0.008190618019359643 0.9672375279225615 
0.09219858156028368 0.10638297872340426 0.5957446808510638 0.1347517730496454 0.07092198581560284 
0.01078167115902965 0.008984725965858042 0.008984725965858042 0.008984725965858042 0.9622641509433962 
0.024509803921568627 0.024509803921568627 0.024509803921568627 0.024509803921568627 0.9019607843137255 
0.15942028985507245 0.11594202898550725 0.37681159420289856 0.2463768115942029 0.10144927536231885 
0.3925133689839572 0.02459893048128342 0.052406417112299465 0.5197860962566845 0.0106951871657754 
0.7692307692307693 0.05707196029776675 0.06617038875103391 0.09760132340777503 0.009925558312655087 
0.11016949152542373 0.1016949152542373 0.6045197740112994 0.1553672316384181 0.02824858757062147 
0.41570438799076215 0.15242494226327943 0.09699769053117784 0.3094688221709007 0.025404157043879907 
0.06358381502890173 0.057803468208092484 0.7514450867052023 0.06936416184971098 0.057803468208092484 
0.0055617352614015575 0.0055617352614015575 0.0055617352614015575 0.0055617352614015575 0.9777530589543938 
0.15267175572519084 0.22900763358778625 0.11450381679389313 0.42748091603053434 0.07633587786259542 
0.19607843137254902 0.21568627450980393 0.19607843137254902 0.19607843137254902 0.19607843137254902 
0.2 0.23636363636363636 0.18181818181818182 0.2 0.18181818181818182 
0.004818221638195357 0.004380201489268506 0.004380201489268506 0.004380201489268506 0.9820411738939991 
0.652317880794702 0.09271523178807947 0.1490066225165563 0.0728476821192053 0.033112582781456956 
0.06521739130434782 0.17391304347826086 0.6677018633540373 0.059006211180124224 0.034161490683229816 
0.004433833560709414 0.003751705320600273 0.003751705320600273 0.0034106412005457027 0.9846521145975443 
0.041814316087880936 0.77462792345854 0.14953933380581147 0.025513819985825654 0.008504606661941885 
0.1016260162601626 0.08536585365853659 0.07520325203252033 0.717479674796748 0.02032520325203252 
0.10655737704918032 0.1762295081967213 0.4016393442622951 0.27459016393442626 0.040983606557377046 
0.006489292667099286 0.006489292667099286 0.007787151200519144 0.007787151200519144 0.9714471122647631 
0.2003454231433506 0.13471502590673576 0.09326424870466321 0.5544041450777202 0.017271157167530225 
0.06854838709677419 0.08870967741935484 0.08870967741935484 0.7137096774193549 0.04032258064516129 
0.1615720524017467 0.1091703056768559 0.06550218340611354 0.611353711790393 0.05240174672489083 
0.07755102040816327 0.7224489795918367 0.09795918367346938 0.061224489795918366 0.04081632653061224 
0.18867924528301888 0.18867924528301888 0.18867924528301888 0.24528301886792453 0.18867924528301888 
0.04526748971193416 0.0823045267489712 0.08641975308641975 0.7407407407407407 0.04526748971193416 
0.905788876276958 0.024971623155505107 0.02724177071509648 0.03064699205448354 0.011350737797956867 
0.143 0.07 0.074 0.702 0.011 
0.10191082802547771 0.19745222929936307 0.06369426751592357 0.535031847133758 0.10191082802547771 
0.11787072243346007 0.30038022813688214 0.42585551330798477 0.11406844106463879 0.04182509505703422 
0.08627450980392157 0.0784313725490196 0.10588235294117647 0.6823529411764706 0.047058823529411764 
0.13554987212276215 0.0792838874680307 0.058823529411764705 0.690537084398977 0.03580562659846547 
0.21052631578947367 0.19298245614035087 0.17543859649122806 0.24561403508771928 0.17543859649122806 
0.07281553398058252 0.05825242718446602 0.7669902912621359 0.05339805825242718 0.04854368932038835 
0.1919917864476386 0.37063655030800824 0.39014373716632444 0.03490759753593429 0.012320328542094456 
0.06712962962962964 0.05555555555555555 0.09722222222222222 0.7569444444444444 0.023148148148148147 
0.003280644199224575 0.0029824038174768863 0.0029824038174768863 0.0029824038174768863 0.9877721443483448 
0.061764705882352944 0.061764705882352944 0.7411764705882353 0.09411764705882353 0.041176470588235294 
0.08333333333333333 0.09027777777777778 0.6319444444444444 0.125 0.06944444444444445 
0.003980099502487562 0.003316749585406302 0.003648424543946932 0.003648424543946932 0.9854063018242123 
0.10126582278481013 0.0949367088607595 0.6645569620253164 0.0759493670886076 0.06329113924050633 
0.007323568575233023 0.006657789613848202 0.006657789613848202 0.006657789613848202 0.9727030625832224 
0.017064846416382253 0.017064846416382253 0.017064846416382253 0.01877133105802048 0.9300341296928327 
0.04145077720207254 0.03195164075993091 0.8929188255613126 0.025043177892918825 0.008635578583765112 
0.06912442396313365 0.7004608294930875 0.09216589861751152 0.08755760368663594 0.05069124423963134 
0.017513134851138354 0.028021015761821366 0.9071803852889667 0.02276707530647986 0.024518388791593695 
0.0273972602739726 0.030136986301369864 0.0273972602739726 0.0273972602739726 0.8876712328767123 
0.0492091388400703 0.8488576449912126 0.03690685413005272 0.04569420035149385 0.019332161687170474 
0.19230769230769232 0.19230769230769232 0.23076923076923078 0.19230769230769232 0.19230769230769232 
0.19230769230769232 0.19230769230769232 0.21153846153846154 0.19230769230769232 0.21153846153846154 
0.005055611729019211 0.005055611729019211 0.005055611729019211 0.005055611729019211 0.9797775530839231 
0.7590027700831025 0.09141274238227147 0.060941828254847646 0.060941828254847646 0.027700831024930747 
0.1864406779661017 0.2033898305084746 0.1694915254237288 0.2711864406779661 0.1694915254237288 
0.01020408163265306 0.01020408163265306 0.011224489795918367 0.01020408163265306 0.9581632653061225 
0.16129032258064516 0.0967741935483871 0.1532258064516129 0.5665322580645161 0.02217741935483871 
0.2962962962962963 0.43434343434343436 0.12457912457912458 0.1111111111111111 0.03367003367003367 
0.02689486552567237 0.02444987775061125 0.02444987775061125 0.02444987775061125 0.8997555012224939 
0.10555555555555556 0.15 0.21666666666666667 0.4722222222222222 0.05555555555555555 
0.21153846153846154 0.19230769230769232 0.21153846153846154 0.19230769230769232 0.19230769230769232 
0.18518518518518517 0.2037037037037037 0.18518518518518517 0.24074074074074073 0.18518518518518517 
0.06481481481481481 0.043209876543209874 0.3487654320987654 0.5123456790123457 0.030864197530864196 
0.08333333333333333 0.8611111111111112 0.027777777777777776 0.01984126984126984 0.007936507936507936 
0.41007194244604317 0.1223021582733813 0.22302158273381295 0.17266187050359713 0.07194244604316546 
0.10810810810810811 0.14864864864864866 0.08783783783783784 0.5878378378378378 0.06756756756756757 
0.12624584717607973 0.11461794019933555 0.05647840531561462 0.686046511627907 0.016611295681063124 
0.34782608695652173 0.2028985507246377 0.14492753623188406 0.15942028985507245 0.14492753623188406 
0.07407407407407407 0.07407407407407407 0.10185185185185185 0.7037037037037037 0.046296296296296294 
0.08873720136518772 0.10238907849829351 0.05460750853242321 0.7064846416382252 0.04778156996587031 
0.10891089108910891 0.1188118811881188 0.504950495049505 0.16831683168316833 0.09900990099009901 
0.10404624277456648 0.630057803468208 0.13872832369942195 0.06358381502890173 0.06358381502890173 
0.2782874617737003 0.16819571865443425 0.19571865443425077 0.327217125382263 0.03058103975535168 
0.07038123167155426 0.04985337243401759 0.8005865102639296 0.04985337243401759 0.02932551319648094 
0.07142857142857142 0.5238095238095238 0.3055555555555556 0.05952380952380952 0.03968253968253968 
0.05367231638418079 0.11299435028248588 0.07344632768361582 0.731638418079096 0.02824858757062147 
0.07032590051457976 0.025728987993138937 0.8267581475128645 0.05317324185248713 0.024013722126929673 
0.008361204013377926 0.00919732441471572 0.00919732441471572 0.008361204013377926 0.9648829431438127 
0.08181818181818182 0.10909090909090909 0.17272727272727273 0.5909090909090909 0.045454545454545456 
0.050595238095238096 0.0625 0.7946428571428571 0.05952380952380952 0.03273809523809524 
0.007668711656441718 0.007668711656441718 0.00843558282208589 0.007668711656441718 0.968558282208589 
0.006297229219143577 0.006297229219143577 0.006297229219143577 0.006297229219143577 0.9748110831234257 
0.0625 0.0875 0.60625 0.18125 0.0625 
0.01567398119122257 0.01567398119122257 0.017241379310344827 0.018808777429467086 0.932601880877743 
0.17543859649122806 0.22807017543859648 0.19298245614035087 0.22807017543859648 0.17543859649122806 
0.11956521739130435 0.11956521739130435 0.4891304347826087 0.16304347826086957 0.10869565217391304 
0.060836501901140684 0.09125475285171103 0.7224334600760456 0.07984790874524715 0.045627376425855515 
0.08071748878923767 0.053811659192825115 0.7309417040358744 0.08071748878923767 0.053811659192825115 
0.011969532100108813 0.013057671381936888 0.011969532100108813 0.011969532100108813 0.9510337323177367 
0.8990825688073395 0.031192660550458717 0.027522935779816515 0.023853211009174313 0.01834862385321101 
0.19607843137254902 0.21568627450980393 0.19607843137254902 0.19607843137254902 0.19607843137254902 
0.02564102564102564 0.02564102564102564 0.023310023310023312 0.02564102564102564 0.8997668997668997 
0.7435233160621761 0.09585492227979274 0.05181347150259067 0.07772020725388601 0.031088082901554404 
0.0824524312896406 0.7949260042283298 0.06553911205073996 0.03382663847780127 0.023255813953488372 
0.2222222222222222 0.18518518518518517 0.18518518518518517 0.2222222222222222 0.18518518518518517 
0.0065832784726793945 0.0065832784726793945 0.0065832784726793945 0.0065832784726793945 0.9736668861092824 
0.2119205298013245 0.33774834437086093 0.10596026490066225 0.2781456953642384 0.06622516556291391 
0.06182795698924731 0.11827956989247312 0.7365591397849462 0.051075268817204304 0.03225806451612903 
0.22650375939849623 0.6033834586466166 0.06109022556390977 0.09962406015037593 0.009398496240601503 
0.017699115044247787 0.017699115044247787 0.019469026548672566 0.017699115044247787 0.9274336283185841 
0.2043343653250774 0.19195046439628483 0.14551083591331268 0.42105263157894735 0.03715170278637771 
0.21153846153846154 0.21153846153846154 0.19230769230769232 0.19230769230769232 0.19230769230769232 
0.18518518518518517 0.2037037037037037 0.2037037037037037 0.2222222222222222 0.18518518518518517 
0.08558558558558559 0.09009009009009009 0.545045045045045 0.23423423423423423 0.04504504504504504 
0.16666666666666666 0.1076388888888889 0.08333333333333333 0.6076388888888888 0.034722222222222224 
0.42923433874709976 0.01740139211136891 0.037122969837587005 0.5046403712296984 0.01160092807424594 
0.5206896551724138 0.23448275862068965 0.10689655172413794 0.10344827586206896 0.034482758620689655 
0.07111111111111111 0.09333333333333334 0.13333333333333333 0.6577777777777778 0.044444444444444446 
0.0797872340425532 0.17553191489361702 0.5372340425531915 0.17553191489361702 0.031914893617021274 
0.21965317919075145 0.15028901734104047 0.1329479768786127 0.4393063583815029 0.057803468208092484 
0.08695652173913043 0.08695652173913043 0.10507246376811594 0.6811594202898551 0.03985507246376811 
0.16317991631799164 0.16736401673640167 0.0794979079497908 0.5397489539748954 0.0502092050209205 
0.07989690721649484 0.10824742268041238 0.059278350515463915 0.7242268041237113 0.028350515463917526 
0.06326034063260341 0.05596107055961071 0.0681265206812652 0.7883211678832117 0.024330900243309004 
0.22816901408450704 0.14647887323943662 0.49295774647887325 0.10422535211267606 0.028169014084507043 
0.08450704225352113 0.5774647887323944 0.1619718309859155 0.1056338028169014 0.07042253521126761 
0.03986710963455149 0.07807308970099668 0.0681063122923588 0.7940199335548173 0.019933554817275746 
0.005070993914807302 0.006085192697768763 0.005070993914807302 0.005070993914807302 0.9787018255578094 
0.11724137931034483 0.1310344827586207 0.43448275862068964 0.2827586206896552 0.034482758620689655 
0.08588957055214724 0.06748466257668712 0.12883435582822086 0.6932515337423313 0.024539877300613498 
0.008375209380234505 0.008375209380234505 0.009212730318257957 0.009212730318257957 0.964824120603015 
0.13131313131313133 0.1111111111111111 0.5353535353535354 0.12121212121212122 0.10101010101010101 
0.016778523489932886 0.016778523489932886 0.016778523489932886 0.016778523489932886 0.9328859060402684 
0.0784313725490196 0.0784313725490196 0.6797385620915033 0.0784313725490196 0.08496732026143791 
0.017921146953405017 0.017921146953405017 0.017921146953405017 0.017921146953405017 0.9283154121863799 
0.09340659340659341 0.054945054945054944 0.7307692307692307 0.06593406593406594 0.054945054945054944 
0.15315315315315314 0.2072072072072072 0.4144144144144144 0.13513513513513514 0.09009009009009009 
0.06417112299465241 0.058823529411764705 0.7593582887700535 0.06417112299465241 0.053475935828877004 
0.46853146853146854 0.11888111888111888 0.22377622377622378 0.1048951048951049 0.08391608391608392 
0.2866666666666667 0.12666666666666668 0.28 0.24 0.06666666666666667 
0.025974025974025976 0.025974025974025976 0.025974025974025976 0.025974025974025976 0.8961038961038961 
0.18541033434650456 0.1094224924012158 0.16109422492401215 0.49848024316109424 0.04559270516717325 
0.17543859649122806 0.19298245614035087 0.21052631578947367 0.24561403508771928 0.17543859649122806 
0.35260115606936415 0.41329479768786126 0.07225433526011561 0.13005780346820808 0.031791907514450865 
0.1375 0.1375 0.1375 0.1375 0.45 
0.10869565217391304 0.13043478260869565 0.4782608695652174 0.17391304347826086 0.10869565217391304 
0.21311475409836064 0.16393442622950818 0.19672131147540983 0.2459016393442623 0.18032786885245902 
0.2 0.18181818181818182 0.23636363636363636 0.2 0.18181818181818182 
0.015015015015015015 0.015015015015015015 0.015015015015015015 0.015015015015015015 0.93993993993994 
0.10638297872340426 0.0797872340425532 0.05851063829787234 0.7021276595744681 0.05319148936170213 
0.2222222222222222 0.19047619047619047 0.23809523809523808 0.19047619047619047 0.15873015873015872 
0.057660626029654036 0.057660626029654036 0.039538714991762765 0.828665568369028 0.016474464579901153 
0.84 0.02666666666666667 0.02857142857142857 0.08571428571428572 0.01904761904761905 
0.06622516556291391 0.09271523178807947 0.09602649006622517 0.7119205298013245 0.033112582781456956 
0.18867924528301888 0.18867924528301888 0.18867924528301888 0.24528301886792453 0.18867924528301888 
0.03435114503816794 0.05534351145038168 0.02480916030534351 0.8625954198473282 0.022900763358778626 
0.049206349206349205 0.07777777777777778 0.04126984126984127 0.8142857142857143 0.01746031746031746 
0.0915032679738562 0.6274509803921569 0.0915032679738562 0.11764705882352941 0.0718954248366013 
0.12962962962962962 0.5370370370370371 0.12962962962962962 0.1111111111111111 0.09259259259259259 
0.20359281437125748 0.09580838323353294 0.12574850299401197 0.5149700598802395 0.059880239520958084 
0.12663755458515283 0.17903930131004367 0.07860262008733625 0.5720524017467249 0.043668122270742356 
0.13380281690140844 0.4788732394366197 0.11267605633802817 0.20422535211267606 0.07042253521126761 
0.15384615384615385 0.514792899408284 0.13609467455621302 0.13609467455621302 0.05917159763313609 
0.05483028720626632 0.10704960835509138 0.06527415143603134 0.7467362924281984 0.02610966057441253 
0.08256880733944955 0.047706422018348627 0.8275229357798165 0.022018348623853212 0.02018348623853211 
0.07407407407407407 0.1728395061728395 0.5473251028806584 0.1646090534979424 0.0411522633744856 
0.07733333333333334 0.088 0.04 0.7573333333333333 0.037333333333333336 
0.06417112299465241 0.058823529411764705 0.7593582887700535 0.06417112299465241 0.053475935828877004 
0.15942028985507245 0.13768115942028986 0.2028985507246377 0.41304347826086957 0.08695652173913043 
0.0041946308724832215 0.0041946308724832215 0.004614093959731544 0.004614093959731544 0.9823825503355704 
0.10057471264367816 0.6063218390804598 0.1781609195402299 0.08045977011494253 0.034482758620689655 
0.09655172413793103 0.14482758620689656 0.07931034482758621 0.6379310344827587 0.041379310344827586 
0.11235955056179775 0.14606741573033707 0.4943820224719101 0.1348314606741573 0.11235955056179775 
0.00510204081632653 0.00510204081632653 0.00510204081632653 0.00510204081632653 0.9795918367346939 
0.11956521739130435 0.10869565217391304 0.5434782608695652 0.11956521739130435 0.10869565217391304 
0.006811989100817439 0.006811989100817439 0.007493188010899182 0.006811989100817439 0.9720708446866485 
0.08904109589041095 0.0958904109589041 0.5616438356164384 0.18493150684931506 0.0684931506849315 
0.1188118811881188 0.12871287128712872 0.5445544554455446 0.10891089108910891 0.09900990099009901 
0.09405940594059406 0.07920792079207921 0.7029702970297029 0.07425742574257425 0.04950495049504951 
0.05473372781065089 0.849112426035503 0.028106508875739646 0.05325443786982249 0.014792899408284023 
0.846441947565543 0.024344569288389514 0.0449438202247191 0.06554307116104868 0.018726591760299626 
0.019120458891013385 0.019120458891013385 0.019120458891013385 0.019120458891013385 0.9235181644359465 
0.7680798004987531 0.04987531172069826 0.1172069825436409 0.0399002493765586 0.02493765586034913 
0.19230769230769232 0.19230769230769232 0.23076923076923078 0.19230769230769232 0.19230769230769232 
0.029023746701846966 0.026385224274406333 0.026385224274406333 0.029023746701846966 0.8891820580474934 
0.34509803921568627 0.18627450980392157 0.33725490196078434 0.11176470588235295 0.0196078431372549 
0.1774193548387097 0.16129032258064516 0.3387096774193548 0.16129032258064516 0.16129032258064516 
0.19607843137254902 0.21568627450980393 0.19607843137254902 0.19607843137254902 0.19607843137254902 
0.022172949002217297 0.022172949002217297 0.022172949002217297 0.024390243902439025 0.9090909090909091 
