0.10264900662251655 0.08609271523178808 0.1390728476821192 0.6390728476821192 0.033112582781456956 
0.11616161616161616 0.08585858585858586 0.6515151515151515 0.09595959595959595 0.050505050505050504 
0.19607843137254902 0.21568627450980393 0.19607843137254902 0.19607843137254902 0.19607843137254902 
0.009871668311944718 0.011846001974333662 0.01085883514313919 0.009871668311944718 0.9575518262586377 
0.19230769230769232 0.21153846153846154 0.19230769230769232 0.21153846153846154 0.19230769230769232 
0.07532467532467532 0.06753246753246753 0.08051948051948052 0.7506493506493507 0.025974025974025976 
0.17543859649122806 0.22807017543859648 0.22807017543859648 0.19298245614035087 0.17543859649122806 
0.14736842105263157 0.11578947368421053 0.06315789473684211 0.6210526315789474 0.05263157894736842 
0.21333333333333335 0.16 0.36 0.13333333333333333 0.13333333333333333 
0.8350840336134454 0.09558823529411764 0.022058823529411766 0.03571428571428571 0.011554621848739496 
0.05555555555555555 0.037037037037037035 0.8271604938271605 0.04938271604938271 0.030864197530864196 
0.0862533692722372 0.09433962264150944 0.07008086253369272 0.7196765498652291 0.029649595687331536 
0.008710801393728223 0.009581881533101045 0.008710801393728223 0.008710801393728223 0.9642857142857143 
0.07407407407407407 0.06790123456790123 0.6975308641975309 0.09259259259259259 0.06790123456790123 
0.14150943396226415 0.1320754716981132 0.16037735849056603 0.4716981132075472 0.09433962264150944 
0.06521739130434782 0.5706521739130435 0.21195652173913043 0.09782608695652174 0.05434782608695652 
0.07462686567164178 0.0708955223880597 0.6828358208955224 0.13432835820895522 0.03731343283582089 
0.12595419847328243 0.24045801526717558 0.40076335877862596 0.1946564885496183 0.03816793893129771 
0.10434782608695652 0.09565217391304348 0.5652173913043478 0.14782608695652175 0.08695652173913043 
0.18518518518518517 0.18518518518518517 0.24074074074074073 0.2037037037037037 0.18518518518518517 
0.1271393643031785 0.05134474327628362 0.7359413202933985 0.061124694376528114 0.02444987775061125 
0.21052631578947367 0.19298245614035087 0.24561403508771928 0.17543859649122806 0.17543859649122806 
0.11428571428571428 0.053061224489795916 0.7510204081632653 0.04081632653061224 0.04081632653061224 
0.21428571428571427 0.21428571428571427 0.19642857142857142 0.19642857142857142 0.17857142857142858 
0.08 0.06285714285714286 0.6857142857142857 0.11428571428571428 0.05714285714285714 
0.008975317875841436 0.0074794315632011965 0.008227374719521317 0.0074794315632011965 0.9678384442782348 
0.2 0.2 0.23636363636363636 0.18181818181818182 0.18181818181818182 
0.041044776119402986 0.041044776119402986 0.8283582089552238 0.05223880597014925 0.03731343283582089 
0.2 0.2 0.2 0.2 0.2 
0.3211009174311927 0.05963302752293578 0.1743119266055046 0.39908256880733944 0.045871559633027525 
0.10416666666666667 0.1527777777777778 0.1111111111111111 0.5555555555555556 0.0763888888888889 
0.4823529411764706 0.1627450980392157 0.12941176470588237 0.20588235294117646 0.0196078431372549 
0.05029585798816568 0.7455621301775148 0.05621301775147929 0.11834319526627218 0.029585798816568046 
0.42857142857142855 0.11564625850340136 0.23809523809523808 0.14285714285714285 0.07482993197278912 
0.09782608695652174 0.08152173913043478 0.6956521739130435 0.07065217391304347 0.05434782608695652 
0.06887052341597796 0.6556473829201102 0.15977961432506887 0.0881542699724518 0.027548209366391185 
0.8019607843137255 0.06862745098039216 0.06470588235294118 0.043137254901960784 0.021568627450980392 
0.06517690875232775 0.040968342644320296 0.851024208566108 0.024208566108007448 0.0186219739292365 
0.18681318681318682 0.47985347985347987 0.2087912087912088 0.08791208791208792 0.03663003663003663 
0.12269938650306748 0.09202453987730061 0.558282208588957 0.1656441717791411 0.06134969325153374 
0.8500823723228995 0.0214168039538715 0.08896210873146623 0.023064250411861616 0.016474464579901153 
0.29714285714285715 0.19428571428571428 0.13142857142857142 0.29714285714285715 0.08 
0.08016877637130802 0.04430379746835443 0.7890295358649789 0.06540084388185655 0.02109704641350211 
0.01765650080256822 0.016051364365971106 0.016051364365971106 0.016051364365971106 0.9341894060995185 
0.058765915768854066 0.24681684622918706 0.6013712047012733 0.08129285014691479 0.011753183153770812 
0.19230769230769232 0.19230769230769232 0.23076923076923078 0.19230769230769232 0.19230769230769232 
0.00909090909090909 0.007575757575757576 0.007575757575757576 0.007575757575757576 0.9681818181818181 
0.1076388888888889 0.6423611111111112 0.09375 0.12152777777777778 0.034722222222222224 
0.1078838174273859 0.0995850622406639 0.1078838174273859 0.6431535269709544 0.04149377593360996 
0.11902766135792121 0.7175188600167645 0.12154233025984912 0.03269069572506287 0.009220452640402346 
0.8587223587223587 0.06633906633906633 0.028255528255528257 0.0343980343980344 0.012285012285012284 
0.07012987012987013 0.04155844155844156 0.8 0.06233766233766234 0.025974025974025976 
0.14220183486238533 0.11009174311926606 0.0779816513761468 0.6192660550458715 0.05045871559633028 
0.10625 0.0875 0.665625 0.109375 0.03125 
0.06481481481481481 0.11728395061728394 0.06172839506172839 0.7253086419753086 0.030864197530864196 
0.08333333333333333 0.5 0.19696969696969696 0.14393939393939395 0.07575757575757576 
0.12179487179487179 0.08333333333333333 0.5705128205128205 0.16025641025641027 0.0641025641025641 
0.7012987012987013 0.07012987012987013 0.08311688311688312 0.11948051948051948 0.025974025974025976 
0.829686013320647 0.06279733587059944 0.023786869647954328 0.07421503330161751 0.009514747859181731 
0.08247422680412371 0.06701030927835051 0.7525773195876289 0.07216494845360824 0.02577319587628866 
0.0875 0.0875 0.6625 0.09375 0.06875 
0.07107843137254902 0.029411764705882353 0.8112745098039216 0.06372549019607843 0.024509803921568627 
0.08227848101265822 0.13924050632911392 0.620253164556962 0.0949367088607595 0.06329113924050633 
0.05860805860805861 0.040293040293040296 0.8168498168498168 0.047619047619047616 0.03663003663003663 
0.36536868268434136 0.3711681855840928 0.16072908036454017 0.0936205468102734 0.009113504556752278 
0.040229885057471264 0.034482758620689655 0.8448275862068966 0.05172413793103448 0.028735632183908046 
0.006823821339950372 0.00620347394540943 0.00620347394540943 0.008064516129032258 0.9727047146401985 
0.007473841554559043 0.007473841554559043 0.007473841554559043 0.007473841554559043 0.9701046337817638 
0.06353591160220995 0.03314917127071823 0.8121546961325967 0.06353591160220995 0.027624309392265192 
0.3287671232876712 0.1232876712328767 0.1917808219178082 0.2876712328767123 0.0684931506849315 
0.9569174757281553 0.013046116504854368 0.016686893203883495 0.010315533980582525 0.003033980582524272 
0.10559006211180125 0.09937888198757763 0.5838509316770186 0.14906832298136646 0.062111801242236024 
0.07755102040816327 0.763265306122449 0.044897959183673466 0.07346938775510205 0.04081632653061224 
0.22687224669603523 0.046255506607929514 0.09030837004405286 0.6145374449339207 0.022026431718061675 
0.14210526315789473 0.04736842105263158 0.6447368421052632 0.1394736842105263 0.02631578947368421 
0.10869565217391304 0.6521739130434783 0.08695652173913043 0.09782608695652174 0.05434782608695652 
0.04979253112033195 0.0912863070539419 0.7302904564315352 0.08713692946058091 0.04149377593360996 
0.15037593984962405 0.14661654135338345 0.5601503759398496 0.10526315789473684 0.03759398496240601 
0.42857142857142855 0.1092436974789916 0.226890756302521 0.14285714285714285 0.09243697478991597 
0.08278145695364239 0.059602649006622516 0.6986754966887417 0.12251655629139073 0.03642384105960265 
0.3259668508287293 0.08287292817679558 0.32044198895027626 0.2154696132596685 0.055248618784530384 
0.7859237536656891 0.04105571847507331 0.09970674486803519 0.04398826979472141 0.02932551319648094 
0.04878048780487805 0.02981029810298103 0.8265582655826558 0.06775067750677506 0.02710027100271003 
0.02577319587628866 0.028350515463917526 0.030927835051546393 0.028350515463917526 0.8865979381443299 
0.25 0.4088235294117647 0.22647058823529412 0.08529411764705883 0.029411764705882353 
0.1388888888888889 0.4444444444444444 0.1388888888888889 0.1388888888888889 0.1388888888888889 
0.008873114463176575 0.008873114463176575 0.008873114463176575 0.008873114463176575 0.9645075421472937 
0.22580645161290322 0.24193548387096775 0.1774193548387097 0.1774193548387097 0.1774193548387097 
0.11165048543689321 0.08737864077669903 0.16019417475728157 0.5922330097087378 0.04854368932038835 
0.14573991031390135 0.2219730941704036 0.5582959641255605 0.0515695067264574 0.02242152466367713 
0.24 0.13333333333333333 0.3333333333333333 0.13333333333333333 0.16 
0.9078801331853497 0.02885682574916759 0.01997780244173141 0.029966703662597113 0.013318534961154272 
0.05281445448227936 0.753995830437804 0.1459346768589298 0.03961084086170952 0.007644197359277276 
0.0891089108910891 0.04950495049504951 0.7524752475247525 0.0594059405940594 0.04950495049504951 
0.19607843137254902 0.21568627450980393 0.19607843137254902 0.19607843137254902 0.19607843137254902 
0.9621121718377088 0.008054892601431982 0.014618138424821002 0.011336515513126491 0.0038782816229116944 
0.058823529411764705 0.553921568627451 0.22549019607843138 0.11274509803921569 0.049019607843137254 
0.08904109589041095 0.1643835616438356 0.4863013698630137 0.18493150684931506 0.07534246575342465 
0.06844106463878327 0.7414448669201521 0.09125475285171103 0.060836501901140684 0.03802281368821293 
0.1797752808988764 0.12359550561797752 0.33707865168539325 0.23595505617977527 0.12359550561797752 
0.17857142857142858 0.17857142857142858 0.26785714285714285 0.19642857142857142 0.17857142857142858 
0.08134920634920635 0.031746031746031744 0.8353174603174603 0.031746031746031744 0.01984126984126984 
0.11029411764705882 0.041666666666666664 0.7769607843137255 0.04411764705882353 0.02696078431372549 
0.1476923076923077 0.6338461538461538 0.08615384615384615 0.10153846153846154 0.03076923076923077 
0.16885964912280702 0.19517543859649122 0.4232456140350877 0.18640350877192982 0.02631578947368421 
0.06565656565656566 0.05555555555555555 0.7575757575757576 0.0707070707070707 0.050505050505050504 
0.004017677782241864 0.0044194455604660505 0.0044194455604660505 0.00562474889513861 0.9815186822016875 
0.09375 0.05330882352941176 0.8051470588235294 0.027573529411764705 0.02022058823529412 
0.00510204081632653 0.00510204081632653 0.005612244897959183 0.00510204081632653 0.9790816326530613 
0.09782608695652174 0.07608695652173914 0.6956521739130435 0.06521739130434782 0.06521739130434782 
0.18518518518518517 0.18518518518518517 0.25925925925925924 0.18518518518518517 0.18518518518518517 
0.15894039735099338 0.1390728476821192 0.4900662251655629 0.1390728476821192 0.0728476821192053 
0.12432432432432433 0.11351351351351352 0.5243243243243243 0.1837837837837838 0.05405405405405406 
0.3213675213675214 0.05811965811965812 0.558974358974359 0.044444444444444446 0.017094017094017096 
0.10596026490066225 0.5099337748344371 0.09271523178807947 0.2251655629139073 0.06622516556291391 
0.048426150121065374 0.031476997578692496 0.8523002421307506 0.043583535108958835 0.024213075060532687 
0.20447284345047922 0.24600638977635783 0.4249201277955272 0.0926517571884984 0.03194888178913738 
0.23636363636363636 0.2 0.2 0.18181818181818182 0.18181818181818182 
0.3193717277486911 0.055846422338568937 0.5706806282722513 0.034904013961605584 0.019197207678883072 
0.05144694533762058 0.03858520900321544 0.8263665594855305 0.05144694533762058 0.03215434083601286 
0.21153846153846154 0.19230769230769232 0.21153846153846154 0.19230769230769232 0.19230769230769232 
0.0745697896749522 0.03824091778202677 0.8355640535372849 0.030592734225621414 0.021032504780114723 
0.009478672985781991 0.009478672985781991 0.009478672985781991 0.009478672985781991 0.9620853080568721 
0.07757009345794393 0.7485981308411215 0.13551401869158877 0.02897196261682243 0.009345794392523364 
0.22033898305084745 0.2542372881355932 0.1864406779661017 0.1694915254237288 0.1694915254237288 
0.014970059880239521 0.014970059880239521 0.014970059880239521 0.016467065868263474 0.938622754491018 
0.23275862068965517 0.11206896551724138 0.2413793103448276 0.3275862068965517 0.08620689655172414 
0.20754716981132076 0.18867924528301888 0.22641509433962265 0.18867924528301888 0.18867924528301888 
0.009671179883945842 0.013539651837524178 0.009671179883945842 0.01160541586073501 0.9555125725338491 
0.05799648506151142 0.050966608084358524 0.8400702987697716 0.033391915641476276 0.01757469244288225 
0.297029702970297 0.4514851485148515 0.10297029702970296 0.12871287128712872 0.019801980198019802 
0.5705128205128205 0.13782051282051283 0.10897435897435898 0.14743589743589744 0.035256410256410256 
0.6597510373443983 0.07468879668049792 0.14107883817427386 0.08298755186721991 0.04149377593360996 
0.1619718309859155 0.19014084507042253 0.29577464788732394 0.28169014084507044 0.07042253521126761 
0.19230769230769232 0.1794871794871795 0.16666666666666666 0.3333333333333333 0.1282051282051282 
0.08205128205128205 0.5333333333333333 0.20512820512820512 0.1282051282051282 0.05128205128205128 
0.03392330383480826 0.035398230088495575 0.8775811209439528 0.038348082595870206 0.014749262536873156 
0.4878048780487805 0.10365853658536585 0.23170731707317074 0.11585365853658537 0.06097560975609756 
0.4899497487437186 0.1934673366834171 0.11306532663316583 0.17587939698492464 0.02763819095477387 
0.06557377049180328 0.07377049180327869 0.7336065573770492 0.08196721311475409 0.045081967213114756 
0.4925373134328358 0.12935323383084577 0.18407960199004975 0.13432835820895522 0.05970149253731343 
0.1262135922330097 0.11650485436893204 0.5436893203883495 0.11650485436893204 0.0970873786407767 
0.10038610038610038 0.03861003861003861 0.805019305019305 0.03667953667953668 0.019305019305019305 
0.17310443490701002 0.25464949928469244 0.045779685264663805 0.5121602288984263 0.01430615164520744 
0.21818181818181817 0.18181818181818182 0.2 0.21818181818181817 0.18181818181818182 
0.12941176470588237 0.09803921568627451 0.5568627450980392 0.1568627450980392 0.058823529411764705 
0.052795031055900624 0.037267080745341616 0.8322981366459627 0.046583850931677016 0.031055900621118012 
0.10919540229885058 0.07471264367816093 0.6781609195402298 0.07471264367816093 0.06321839080459771 
0.012106537530266344 0.013317191283292978 0.013317191283292978 0.014527845036319613 0.9467312348668281 
0.0025303643724696357 0.0025303643724696357 0.0025303643724696357 0.0025303643724696357 0.9898785425101214 
0.003354681305275999 0.0030497102775236353 0.0030497102775236353 0.0030497102775236353 0.9874961878621531 
0.10416666666666667 0.1111111111111111 0.6111111111111112 0.10416666666666667 0.06944444444444445 
0.14334470989761092 0.08191126279863481 0.6279863481228669 0.11262798634812286 0.034129692832764506 
0.19540229885057472 0.08333333333333333 0.6350574712643678 0.05459770114942529 0.031609195402298854 
0.12947658402203857 0.03856749311294766 0.6666666666666666 0.1322314049586777 0.03305785123966942 
0.05411764705882353 0.03529411764705882 0.8447058823529412 0.042352941176470586 0.023529411764705882 
0.06060606060606061 0.07196969696969698 0.7386363636363636 0.09090909090909091 0.03787878787878788 
0.13963963963963963 0.05405405405405406 0.6171171171171171 0.14414414414414414 0.04504504504504504 
0.10526315789473684 0.08421052631578947 0.6789473684210526 0.07894736842105263 0.05263157894736842 
0.10434782608695652 0.11304347826086956 0.5391304347826087 0.1565217391304348 0.08695652173913043 
0.19230769230769232 0.23076923076923078 0.19230769230769232 0.19230769230769232 0.19230769230769232 
0.07309941520467836 0.049707602339181284 0.7690058479532164 0.07602339181286549 0.03216374269005848 
0.027548209366391185 0.027548209366391185 0.027548209366391185 0.027548209366391185 0.8898071625344353 
0.14285714285714285 0.47619047619047616 0.15873015873015872 0.12698412698412698 0.09523809523809523 
0.6068965517241379 0.10689655172413794 0.15172413793103448 0.1 0.034482758620689655 
0.010073260073260074 0.009157509157509158 0.009157509157509158 0.010073260073260074 0.9615384615384616 
0.8834459459459459 0.030405405405405407 0.04054054054054054 0.028716216216216218 0.016891891891891893 
0.01838235294117647 0.02022058823529412 0.01838235294117647 0.022058823529411766 0.9209558823529411 
0.08368200836820083 0.1589958158995816 0.6527196652719666 0.06276150627615062 0.04184100418410042 
0.075 0.10625 0.04375 0.74375 0.03125 
0.8989280245022971 0.02909647779479326 0.026033690658499236 0.030627871362940276 0.015313935681470138 
0.19642857142857142 0.17857142857142858 0.25 0.19642857142857142 0.17857142857142858 
0.07142857142857142 0.06285714285714286 0.09428571428571429 0.7428571428571429 0.02857142857142857 
0.1797520661157025 0.24586776859504134 0.08884297520661157 0.46487603305785125 0.02066115702479339 
0.08717948717948718 0.09743589743589744 0.1076923076923077 0.6358974358974359 0.07179487179487179 
0.19642857142857142 0.17857142857142858 0.19642857142857142 0.25 0.17857142857142858 
0.13125 0.45625 0.19375 0.15625 0.0625 
0.07664233576642336 0.072992700729927 0.08029197080291971 0.7335766423357665 0.0364963503649635 
0.5260416666666666 0.18229166666666666 0.1875 0.07552083333333333 0.028645833333333332 
0.07142857142857142 0.061224489795918366 0.7346938775510204 0.08163265306122448 0.05102040816326531 
0.16580310880829016 0.538860103626943 0.07772020725388601 0.16062176165803108 0.05699481865284974 
0.06077348066298342 0.06077348066298342 0.7348066298342542 0.07734806629834254 0.06629834254143646 
0.08125 0.0625 0.71875 0.075 0.0625 
0.0891089108910891 0.19306930693069307 0.07425742574257425 0.5841584158415841 0.0594059405940594 
0.11228070175438597 0.04912280701754386 0.7087719298245614 0.09473684210526316 0.03508771929824561 
0.049479166666666664 0.0390625 0.8359375 0.049479166666666664 0.026041666666666668 
0.07829181494661921 0.05338078291814947 0.7188612099644128 0.099644128113879 0.0498220640569395 
0.0036569148936170214 0.003324468085106383 0.003989361702127659 0.0036569148936170214 0.9853723404255319 
0.007668711656441718 0.007668711656441718 0.007668711656441718 0.007668711656441718 0.9693251533742331 
0.11253196930946291 0.09462915601023018 0.6138107416879796 0.15089514066496162 0.028132992327365727 
0.03546099290780142 0.03546099290780142 0.03546099290780142 0.03546099290780142 0.8581560283687943 
0.17857142857142858 0.17857142857142858 0.21428571428571427 0.25 0.17857142857142858 
0.135 0.09 0.65 0.075 0.05 
0.1513353115727003 0.05934718100890208 0.2433234421364985 0.516320474777448 0.02967359050445104 
0.3026315789473684 0.15789473684210525 0.18421052631578946 0.2236842105263158 0.13157894736842105 
0.05278592375366569 0.06744868035190615 0.7243401759530792 0.12609970674486803 0.02932551319648094 
0.7971428571428572 0.04 0.09428571428571429 0.04 0.02857142857142857 
0.11764705882352941 0.5294117647058824 0.15126050420168066 0.11764705882352941 0.08403361344537816 
0.08444444444444445 0.057777777777777775 0.7155555555555555 0.09333333333333334 0.04888888888888889 
0.00575013068478829 0.00575013068478829 0.00575013068478829 0.005227391531625719 0.9775222164140094 
0.09090909090909091 0.14935064935064934 0.474025974025974 0.21428571428571427 0.07142857142857142 
0.19607843137254902 0.21568627450980393 0.19607843137254902 0.19607843137254902 0.19607843137254902 
0.008613264427217916 0.008613264427217916 0.008613264427217916 0.009474590869939707 0.9646856158484065 
0.2659279778393352 0.5069252077562327 0.09141274238227147 0.10803324099722991 0.027700831024930747 
0.18421052631578946 0.13157894736842105 0.14473684210526316 0.39473684210526316 0.14473684210526316 
0.009632224168126095 0.008756567425569177 0.008756567425569177 0.012259194395796848 0.9605954465849387 
0.7614533965244866 0.10110584518167456 0.06003159557661927 0.06003159557661927 0.017377567140600316 
0.6017699115044248 0.22123893805309736 0.06858407079646017 0.08185840707964602 0.02654867256637168 
0.016541353383458645 0.019548872180451128 0.016541353383458645 0.015037593984962405 0.9323308270676691 
0.90446735395189 0.013745704467353952 0.030927835051546393 0.04329896907216495 0.007560137457044674 
0.06784660766961652 0.07374631268436578 0.0855457227138643 0.7404129793510325 0.032448377581120944 
0.1794871794871795 0.10256410256410256 0.1282051282051282 0.49572649572649574 0.09401709401709402 
0.19607843137254902 0.19607843137254902 0.19607843137254902 0.21568627450980393 0.19607843137254902 
0.18674698795180722 0.1927710843373494 0.3253012048192771 0.21686746987951808 0.0783132530120482 
0.18619791666666666 0.3216145833333333 0.11588541666666667 0.3580729166666667 0.018229166666666668 
0.08793969849246232 0.5226130653266332 0.10050251256281408 0.2613065326633166 0.02763819095477387 
0.6190476190476191 0.13756613756613756 0.10582010582010581 0.1111111111111111 0.026455026455026454 
0.0546448087431694 0.060109289617486336 0.7377049180327869 0.09289617486338798 0.0546448087431694 
0.08629441624365482 0.09644670050761421 0.06598984771573604 0.700507614213198 0.050761421319796954 
0.1062937062937063 0.627972027972028 0.06013986013986014 0.1874125874125874 0.01818181818181818 
0.0472972972972973 0.0472972972972973 0.8277027027027027 0.04054054054054054 0.037162162162162164 
0.057291666666666664 0.078125 0.09895833333333333 0.7135416666666666 0.052083333333333336 
0.003048780487804878 0.0033028455284552847 0.008384146341463415 0.9824695121951219 0.0027947154471544716 
0.09022556390977443 0.21804511278195488 0.45112781954887216 0.16541353383458646 0.07518796992481203 
0.07231404958677685 0.08057851239669421 0.756198347107438 0.07024793388429752 0.02066115702479339 
0.09019607843137255 0.06274509803921569 0.7490196078431373 0.058823529411764705 0.0392156862745098 
0.03761061946902655 0.03761061946902655 0.03982300884955752 0.8628318584070797 0.022123893805309734 
0.004039662137348513 0.003672420124862284 0.003672420124862284 0.003672420124862284 0.9849430774880646 
0.07317073170731707 0.07317073170731707 0.6341463414634146 0.15853658536585366 0.06097560975609756 
0.007446016381236039 0.007446016381236039 0.008190618019359643 0.008190618019359643 0.9687267311988086 
0.11347517730496454 0.11347517730496454 0.624113475177305 0.07801418439716312 0.07092198581560284 
0.009883198562443846 0.008984725965858042 0.008984725965858042 0.008984725965858042 0.963162623539982 
0.024509803921568627 0.02696078431372549 0.024509803921568627 0.024509803921568627 0.8995098039215687 
0.17391304347826086 0.11594202898550725 0.4057971014492754 0.21739130434782608 0.08695652173913043 
0.4 0.031016042780748664 0.07700534759358289 0.48128342245989303 0.0106951871657754 
0.7692307692307693 0.08105872622001654 0.058726220016542596 0.0827129859387924 0.008271298593879239 
0.09887005649717515 0.1016949152542373 0.6073446327683616 0.16101694915254236 0.031073446327683617 
0.4226327944572748 0.16166281755196305 0.12240184757505773 0.2702078521939954 0.023094688221709007 
0.07514450867052024 0.057803468208092484 0.7398843930635838 0.06936416184971098 0.057803468208092484 
0.0055617352614015575 0.0055617352614015575 0.006117908787541713 0.0055617352614015575 0.9771968854282537 
0.16793893129770993 0.24427480916030533 0.1297709923664122 0.3816793893129771 0.07633587786259542 
0.21568627450980393 0.19607843137254902 0.19607843137254902 0.19607843137254902 0.19607843137254902 
0.2 0.23636363636363636 0.18181818181818182 0.2 0.18181818181818182 
0.004818221638195357 0.004818221638195357 0.004818221638195357 0.004380201489268506 0.9811651335961454 
0.5695364238410596 0.11258278145695365 0.20198675496688742 0.076158940397351 0.039735099337748346 
0.06521739130434782 0.12422360248447205 0.7142857142857143 0.06521739130434782 0.031055900621118012 
0.004092769440654843 0.0034106412005457027 0.0034106412005457027 0.004092769440654843 0.984993178717599 
0.05244507441530829 0.7675407512402551 0.13253012048192772 0.03756201275690999 0.009922041105598866 
0.07113821138211382 0.11382113821138211 0.04878048780487805 0.7459349593495935 0.02032520325203252 
0.1762295081967213 0.22540983606557377 0.3073770491803279 0.24180327868852458 0.04918032786885246 
0.006489292667099286 0.007138221933809215 0.007787151200519144 0.006489292667099286 0.9720960415314731 
0.19861830742659758 0.18307426597582038 0.1070811744386874 0.49222797927461137 0.018998272884283247 
0.05241935483870968 0.11693548387096774 0.0967741935483871 0.6935483870967742 0.04032258064516129 
0.13973799126637554 0.1615720524017467 0.07423580786026202 0.5633187772925764 0.0611353711790393 
0.09795918367346938 0.7142857142857143 0.07346938775510205 0.07346938775510205 0.04081632653061224 
0.18867924528301888 0.18867924528301888 0.20754716981132076 0.22641509433962265 0.18867924528301888 
0.06995884773662552 0.08641975308641975 0.06995884773662552 0.7325102880658436 0.0411522633744856 
0.9069239500567536 0.03518728717366629 0.02383654937570942 0.022701475595913734 0.011350737797956867 
0.152 0.06 0.074 0.704 0.01 
0.10191082802547771 0.21656050955414013 0.10191082802547771 0.4968152866242038 0.08280254777070063 
0.09885931558935361 0.35361216730038025 0.38783269961977185 0.12167300380228137 0.03802281368821293 
0.08235294117647059 0.0784313725490196 0.12549019607843137 0.6627450980392157 0.050980392156862744 
0.15601023017902813 0.08439897698209718 0.05370843989769821 0.6777493606138107 0.028132992327365727 
0.17543859649122806 0.19298245614035087 0.19298245614035087 0.2631578947368421 0.17543859649122806 
0.06796116504854369 0.05339805825242718 0.7766990291262136 0.05339805825242718 0.04854368932038835 
0.18480492813141683 0.36344969199178645 0.3839835728952772 0.053388090349075976 0.014373716632443531 
0.0625 0.06481481481481481 0.09490740740740741 0.7546296296296297 0.023148148148148147 
0.0029824038174768863 0.003280644199224575 0.003280644199224575 0.0029824038174768863 0.9874739039665971 
0.04411764705882353 0.047058823529411764 0.8029411764705883 0.07647058823529412 0.029411764705882353 
0.09722222222222222 0.08333333333333333 0.6736111111111112 0.0763888888888889 0.06944444444444445 
0.003316749585406302 0.003316749585406302 0.003316749585406302 0.003648424543946932 0.9864013266998342 
0.08860759493670886 0.0759493670886076 0.6962025316455697 0.0759493670886076 0.06329113924050633 
0.007323568575233023 0.006657789613848202 0.006657789613848202 0.006657789613848202 0.9727030625832224 
0.01877133105802048 0.017064846416382253 0.01877133105802048 0.01877133105802048 0.9266211604095563 
0.02849740932642487 0.027633851468048358 0.9041450777202072 0.031088082901554404 0.008635578583765112 
0.059907834101382486 0.7142857142857143 0.08294930875576037 0.09216589861751152 0.05069124423963134 
0.017513134851138354 0.021015761821366025 0.9019264448336253 0.03502626970227671 0.024518388791593695 
0.030136986301369864 0.0273972602739726 0.0273972602739726 0.0273972602739726 0.8876712328767123 
0.05272407732864675 0.836555360281195 0.03163444639718805 0.05975395430579965 0.019332161687170474 
0.19230769230769232 0.19230769230769232 0.21153846153846154 0.21153846153846154 0.19230769230769232 
0.19230769230769232 0.21153846153846154 0.21153846153846154 0.19230769230769232 0.19230769230769232 
0.005561172901921132 0.005055611729019211 0.005055611729019211 0.005055611729019211 0.9792719919110212 
0.6952908587257618 0.14958448753462603 0.0664819944598338 0.060941828254847646 0.027700831024930747 
0.1694915254237288 0.22033898305084745 0.2033898305084746 0.23728813559322035 0.1694915254237288 
0.01020408163265306 0.011224489795918367 0.01020408163265306 0.01020408163265306 0.9581632653061225 
0.1532258064516129 0.0907258064516129 0.12903225806451613 0.6048387096774194 0.02217741935483871 
0.3602693602693603 0.4074074074074074 0.08754208754208755 0.10101010101010101 0.04377104377104377 
0.02444987775061125 0.02689486552567237 0.02444987775061125 0.02444987775061125 0.8997555012224939 
0.1388888888888889 0.1 0.19444444444444445 0.5111111111111111 0.05555555555555555 
0.21153846153846154 0.19230769230769232 0.21153846153846154 0.19230769230769232 0.19230769230769232 
0.2037037037037037 0.18518518518518517 0.2222222222222222 0.2037037037037037 0.18518518518518517 
0.05864197530864197 0.06790123456790123 0.32407407407407407 0.5185185185185185 0.030864197530864196 
0.05793650793650794 0.876984126984127 0.03253968253968254 0.023809523809523808 0.00873015873015873 
0.5107913669064749 0.11510791366906475 0.18705035971223022 0.11510791366906475 0.07194244604316546 
0.14864864864864866 0.12162162162162163 0.08108108108108109 0.581081081081081 0.06756756756756757 
0.1079734219269103 0.13122923588039867 0.03986710963455149 0.7026578073089701 0.018272425249169437 
0.3188405797101449 0.21739130434782608 0.17391304347826086 0.14492753623188406 0.14492753623188406 
0.0787037037037037 0.0787037037037037 0.13425925925925927 0.6574074074074074 0.05092592592592592 
0.05460750853242321 0.09556313993174062 0.04436860068259386 0.7679180887372014 0.03754266211604096 
0.10891089108910891 0.12871287128712872 0.5148514851485149 0.1485148514851485 0.09900990099009901 
0.12138728323699421 0.5664739884393064 0.1791907514450867 0.07514450867052024 0.057803468208092484 
0.327217125382263 0.18960244648318042 0.16819571865443425 0.28134556574923547 0.03363914373088685 
0.05571847507331378 0.05865102639296188 0.8123167155425219 0.04398826979472141 0.02932551319648094 
0.051587301587301584 0.5317460317460317 0.28174603174603174 0.09523809523809523 0.03968253968253968 
0.06497175141242938 0.10451977401129943 0.05367231638418079 0.748587570621469 0.02824858757062147 
0.058319039451114926 0.032590051457975985 0.8404802744425386 0.04288164665523156 0.025728987993138937 
0.008361204013377926 0.00919732441471572 0.00919732441471572 0.010033444816053512 0.9632107023411371 
0.09090909090909091 0.1 0.1590909090909091 0.6045454545454545 0.045454545454545456 
0.050595238095238096 0.044642857142857144 0.8244047619047619 0.047619047619047616 0.03273809523809524 
0.00843558282208589 0.007668711656441718 0.007668711656441718 0.007668711656441718 0.968558282208589 
0.006297229219143577 0.006297229219143577 0.006297229219143577 0.006297229219143577 0.9748110831234257 
0.1 0.075 0.5875 0.16875 0.06875 
0.017241379310344827 0.01567398119122257 0.01567398119122257 0.01567398119122257 0.9357366771159875 
0.17543859649122806 0.21052631578947367 0.22807017543859648 0.21052631578947367 0.17543859649122806 
0.10869565217391304 0.10869565217391304 0.5434782608695652 0.13043478260869565 0.10869565217391304 
0.057034220532319393 0.09125475285171103 0.7414448669201521 0.07224334600760456 0.03802281368821293 
0.08520179372197309 0.05829596412556054 0.7309417040358744 0.07174887892376682 0.053811659192825115 
0.011969532100108813 0.01088139281828074 0.01088139281828074 0.01088139281828074 0.955386289445049 
0.8880733944954129 0.02018348623853211 0.04036697247706422 0.03302752293577982 0.01834862385321101 
0.19607843137254902 0.19607843137254902 0.19607843137254902 0.19607843137254902 0.21568627450980393 
0.02564102564102564 0.027972027972027972 0.023310023310023312 0.030303030303030304 0.8927738927738927 
0.7461139896373057 0.10103626943005181 0.08031088082901554 0.046632124352331605 0.025906735751295335 
0.09302325581395349 0.7906976744186046 0.06342494714587738 0.03171247357293869 0.021141649048625793 
0.2037037037037037 0.18518518518518517 0.24074074074074073 0.18518518518518517 0.18518518518518517 
0.0065832784726793945 0.0065832784726793945 0.0065832784726793945 0.0065832784726793945 0.9736668861092824 
0.16556291390728478 0.2582781456953642 0.152317880794702 0.3509933774834437 0.0728476821192053 
0.0913978494623656 0.13440860215053763 0.7096774193548387 0.03763440860215054 0.026881720430107527 
0.24342105263157895 0.606203007518797 0.05733082706766917 0.08270676691729323 0.010338345864661654 
0.019469026548672566 0.017699115044247787 0.017699115044247787 0.017699115044247787 0.9274336283185841 
0.18575851393188855 0.15479876160990713 0.17956656346749225 0.4458204334365325 0.034055727554179564 
0.21153846153846154 0.21153846153846154 0.19230769230769232 0.19230769230769232 0.19230769230769232 
0.18518518518518517 0.18518518518518517 0.2037037037037037 0.24074074074074073 0.18518518518518517 
0.10810810810810811 0.08108108108108109 0.5405405405405406 0.22522522522522523 0.04504504504504504 
0.14583333333333334 0.0763888888888889 0.07291666666666667 0.6631944444444444 0.041666666666666664 
0.425754060324826 0.02320185614849188 0.04176334106728538 0.4976798143851508 0.01160092807424594 
0.5413793103448276 0.2103448275862069 0.1310344827586207 0.08275862068965517 0.034482758620689655 
0.06222222222222222 0.1511111111111111 0.08 0.6622222222222223 0.044444444444444446 
0.07712765957446809 0.1702127659574468 0.5904255319148937 0.13297872340425532 0.02925531914893617 
0.24855491329479767 0.09248554913294797 0.13872832369942195 0.4508670520231214 0.06936416184971098 
0.09057971014492754 0.06884057971014493 0.11231884057971014 0.6847826086956522 0.043478260869565216 
0.11715481171548117 0.17154811715481172 0.07112970711297072 0.5899581589958159 0.0502092050209205 
0.08247422680412371 0.08505154639175258 0.06443298969072164 0.7422680412371134 0.02577319587628866 
0.04866180048661801 0.06326034063260341 0.12652068126520682 0.7372262773722628 0.024330900243309004 
0.23380281690140844 0.19154929577464788 0.447887323943662 0.09577464788732394 0.030985915492957747 
0.09859154929577464 0.5422535211267606 0.19718309859154928 0.09154929577464789 0.07042253521126761 
0.044850498338870434 0.05149501661129568 0.04152823920265781 0.8438538205980066 0.018272425249169437 
0.005070993914807302 0.006085192697768763 0.006592292089249493 0.005578093306288032 0.9766734279918864 
0.1482758620689655 0.08275862068965517 0.4896551724137931 0.24482758620689654 0.034482758620689655 
0.08997955010224949 0.06952965235173825 0.16359918200409 0.65439672801636 0.022494887525562373 
0.008375209380234505 0.008375209380234505 0.009212730318257957 0.009212730318257957 0.964824120603015 
0.1111111111111111 0.10101010101010101 0.5656565656565656 0.1111111111111111 0.1111111111111111 
0.016778523489932886 0.018456375838926176 0.016778523489932886 0.016778523489932886 0.9312080536912751 
0.08496732026143791 0.10457516339869281 0.6601307189542484 0.08496732026143791 0.06535947712418301 
0.017921146953405017 0.017921146953405017 0.017921146953405017 0.017921146953405017 0.9283154121863799 
0.08791208791208792 0.06043956043956044 0.7307692307692307 0.06043956043956044 0.06043956043956044 
0.16216216216216217 0.15315315315315314 0.45045045045045046 0.14414414414414414 0.09009009009009009 
0.06417112299465241 0.058823529411764705 0.7540106951871658 0.06951871657754011 0.053475935828877004 
0.46853146853146854 0.08391608391608392 0.25874125874125875 0.1048951048951049 0.08391608391608392 
0.28 0.12666666666666668 0.3 0.22666666666666666 0.06666666666666667 
0.025974025974025976 0.025974025974025976 0.025974025974025976 0.025974025974025976 0.8961038961038961 
0.1884498480243161 0.1398176291793313 0.11246200607902736 0.5258358662613982 0.03343465045592705 
0.24561403508771928 0.17543859649122806 0.19298245614035087 0.21052631578947367 0.17543859649122806 
0.34104046242774566 0.407514450867052 0.05202312138728324 0.16473988439306358 0.03468208092485549 
0.125 0.125 0.1375 0.15 0.4625 
0.10869565217391304 0.11956521739130435 0.4891304347826087 0.17391304347826086 0.10869565217391304 
0.19672131147540983 0.16393442622950818 0.26229508196721313 0.19672131147540983 0.18032786885245902 
0.2 0.18181818181818182 0.23636363636363636 0.2 0.18181818181818182 
0.015015015015015015 0.015015015015015015 0.015015015015015015 0.016516516516516516 0.9384384384384384 
0.07446808510638298 0.06914893617021277 0.09042553191489362 0.7127659574468085 0.05319148936170213 
0.2857142857142857 0.1746031746031746 0.2222222222222222 0.15873015873015872 0.15873015873015872 
0.03130148270181219 0.0642504118616145 0.08896210873146623 0.7990115321252059 0.016474464579901153 
0.8152380952380952 0.030476190476190476 0.06666666666666667 0.06857142857142857 0.01904761904761905 
0.076158940397351 0.11589403973509933 0.11589403973509933 0.6589403973509934 0.033112582781456956 
0.20754716981132076 0.18867924528301888 0.20754716981132076 0.20754716981132076 0.18867924528301888 
0.026717557251908396 0.061068702290076333 0.03435114503816794 0.8568702290076335 0.02099236641221374 
0.06349206349206349 0.07301587301587302 0.047619047619047616 0.7936507936507936 0.022222222222222223 
0.08496732026143791 0.6535947712418301 0.0718954248366013 0.12418300653594772 0.06535947712418301 
0.12962962962962962 0.5277777777777778 0.12037037037037036 0.12962962962962962 0.09259259259259259 
0.1377245508982036 0.08982035928143713 0.09580838323353294 0.6167664670658682 0.059880239520958084 
0.1091703056768559 0.15283842794759825 0.07860262008733625 0.6157205240174672 0.043668122270742356 
0.1619718309859155 0.5070422535211268 0.1056338028169014 0.15492957746478872 0.07042253521126761 
0.13609467455621302 0.5502958579881657 0.13609467455621302 0.11834319526627218 0.05917159763313609 
0.044386422976501305 0.0783289817232376 0.07049608355091384 0.7806788511749347 0.02610966057441253 
0.08990825688073395 0.047706422018348627 0.8018348623853211 0.04220183486238532 0.01834862385321101 
0.06995884773662552 0.1522633744855967 0.5267489711934157 0.20987654320987653 0.0411522633744856 
0.08266666666666667 0.08533333333333333 0.072 0.7253333333333334 0.034666666666666665 
0.0748663101604278 0.06417112299465241 0.7486631016042781 0.058823529411764705 0.053475935828877004 
0.1956521739130435 0.13043478260869565 0.18840579710144928 0.4057971014492754 0.07971014492753623 
0.0041946308724832215 0.004614093959731544 0.0041946308724832215 0.004614093959731544 0.9823825503355704 
0.08333333333333333 0.5919540229885057 0.22126436781609196 0.06896551724137931 0.034482758620689655 
0.07586206896551724 0.15172413793103448 0.06206896551724138 0.6758620689655173 0.034482758620689655 
0.11235955056179775 0.1348314606741573 0.5056179775280899 0.1348314606741573 0.11235955056179775 
0.00510204081632653 0.00510204081632653 0.005612244897959183 0.00510204081632653 0.9790816326530613 
0.10869565217391304 0.10869565217391304 0.532608695652174 0.14130434782608695 0.10869565217391304 
0.007493188010899182 0.006811989100817439 0.007493188010899182 0.006811989100817439 0.9713896457765667 
0.07534246575342465 0.0958904109589041 0.6164383561643836 0.14383561643835616 0.0684931506849315 
0.12871287128712872 0.1188118811881188 0.5445544554455446 0.10891089108910891 0.09900990099009901 
0.10396039603960396 0.054455445544554455 0.7029702970297029 0.0891089108910891 0.04950495049504951 
0.05917159763313609 0.856508875739645 0.022189349112426034 0.04585798816568047 0.016272189349112426 
0.8445692883895131 0.028089887640449437 0.03932584269662921 0.06928838951310862 0.018726591760299626 
0.019120458891013385 0.019120458891013385 0.019120458891013385 0.019120458891013385 0.9235181644359465 
0.8029925187032418 0.04987531172069826 0.0773067331670823 0.04488778054862843 0.02493765586034913 
0.19230769230769232 0.19230769230769232 0.23076923076923078 0.19230769230769232 0.19230769230769232 
0.029023746701846966 0.026385224274406333 0.026385224274406333 0.026385224274406333 0.8918205804749341 
0.37254901960784315 0.1843137254901961 0.34509803921568627 0.07647058823529412 0.021568627450980392 
0.1774193548387097 0.1935483870967742 0.2903225806451613 0.16129032258064516 0.1774193548387097 
0.19607843137254902 0.19607843137254902 0.19607843137254902 0.19607843137254902 0.21568627450980393 
0.024390243902439025 0.022172949002217297 0.022172949002217297 0.022172949002217297 0.9090909090909091 
0.1 0.06842105263157895 0.09473684210526316 0.6842105263157895 0.05263157894736842 
