0.11589403973509933 0.0695364238410596 0.1423841059602649 0.6390728476821192 0.033112582781456956 
0.10101010101010101 0.07575757575757576 0.6616161616161617 0.1111111111111111 0.050505050505050504 
0.19607843137254902 0.19607843137254902 0.21568627450980393 0.19607843137254902 0.19607843137254902 
0.009871668311944718 0.009871668311944718 0.009871668311944718 0.009871668311944718 0.9605133267522211 
0.21153846153846154 0.19230769230769232 0.19230769230769232 0.21153846153846154 0.19230769230769232 
0.09610389610389611 0.08051948051948052 0.05454545454545454 0.7428571428571429 0.025974025974025976 
0.19298245614035087 0.24561403508771928 0.19298245614035087 0.17543859649122806 0.19298245614035087 
0.17894736842105263 0.08421052631578947 0.07368421052631578 0.6105263157894737 0.05263157894736842 
0.2 0.24 0.28 0.14666666666666667 0.13333333333333333 
0.842436974789916 0.0819327731092437 0.023109243697478993 0.03991596638655462 0.012605042016806723 
0.06172839506172839 0.033950617283950615 0.8271604938271605 0.046296296296296294 0.030864197530864196 
0.1078167115902965 0.0646900269541779 0.05929919137466307 0.7358490566037735 0.03234501347708895 
0.008710801393728223 0.008710801393728223 0.008710801393728223 0.009581881533101045 0.9642857142857143 
0.08641975308641975 0.07407407407407407 0.6728395061728395 0.10493827160493827 0.06172839506172839 
0.1320754716981132 0.1320754716981132 0.10377358490566038 0.5377358490566038 0.09433962264150944 
0.07608695652173914 0.5217391304347826 0.22826086956521738 0.11956521739130435 0.05434782608695652 
0.07462686567164178 0.08582089552238806 0.667910447761194 0.11940298507462686 0.05223880597014925 
0.11068702290076336 0.21755725190839695 0.3893129770992366 0.24427480916030533 0.03816793893129771 
0.10434782608695652 0.11304347826086956 0.5304347826086957 0.1565217391304348 0.09565217391304348 
0.18518518518518517 0.18518518518518517 0.24074074074074073 0.18518518518518517 0.2037037037037037 
0.1295843520782396 0.05623471882640587 0.7286063569682152 0.05867970660146699 0.02689486552567237 
0.21052631578947367 0.21052631578947367 0.22807017543859648 0.17543859649122806 0.17543859649122806 
0.11020408163265306 0.053061224489795916 0.7428571428571429 0.053061224489795916 0.04081632653061224 
0.21428571428571427 0.21428571428571427 0.17857142857142858 0.21428571428571427 0.17857142857142858 
0.07428571428571429 0.06857142857142857 0.7257142857142858 0.07428571428571429 0.05714285714285714 
0.008227374719521317 0.0074794315632011965 0.0074794315632011965 0.0074794315632011965 0.9693343305908751 
0.2 0.18181818181818182 0.23636363636363636 0.2 0.18181818181818182 
0.041044776119402986 0.041044776119402986 0.8283582089552238 0.05223880597014925 0.03731343283582089 
0.2 0.2 0.2 0.2 0.2 
0.2798165137614679 0.05963302752293578 0.19724770642201836 0.41743119266055045 0.045871559633027525 
0.13194444444444445 0.13194444444444445 0.11805555555555555 0.5486111111111112 0.06944444444444445 
0.48627450980392156 0.18823529411764706 0.10588235294117647 0.1980392156862745 0.021568627450980392 
0.08579881656804733 0.6923076923076923 0.05917159763313609 0.1301775147928994 0.03254437869822485 
0.4217687074829932 0.10884353741496598 0.19047619047619047 0.2108843537414966 0.06802721088435375 
0.10326086956521739 0.08695652173913043 0.657608695652174 0.09782608695652174 0.05434782608695652 
0.06611570247933884 0.6804407713498623 0.14600550964187328 0.07988980716253444 0.027548209366391185 
0.7803921568627451 0.09607843137254903 0.052941176470588235 0.050980392156862744 0.0196078431372549 
0.05027932960893855 0.0446927374301676 0.845437616387337 0.037243947858473 0.0223463687150838 
0.2087912087912088 0.47619047619047616 0.1978021978021978 0.07326007326007326 0.04395604395604396 
0.09202453987730061 0.13496932515337423 0.5460122699386503 0.1656441717791411 0.06134969325153374 
0.8451400329489291 0.03459637561779242 0.07413509060955518 0.029654036243822075 0.016474464579901153 
0.21714285714285714 0.21142857142857144 0.21714285714285714 0.28 0.07428571428571429 
0.10970464135021098 0.04430379746835443 0.7573839662447257 0.06751054852320675 0.02109704641350211 
0.016051364365971106 0.016051364365971106 0.016051364365971106 0.016051364365971106 0.9357945425361156 
0.06660137120470128 0.22722820763956905 0.6248775710088149 0.06856023506366307 0.012732615083251714 
0.19230769230769232 0.21153846153846154 0.19230769230769232 0.21153846153846154 0.19230769230769232 
0.007575757575757576 0.008333333333333333 0.007575757575757576 0.007575757575757576 0.968939393939394 
0.11458333333333333 0.7152777777777778 0.06944444444444445 0.0625 0.03819444444444445 
0.0954356846473029 0.14107883817427386 0.0954356846473029 0.6265560165975104 0.04149377593360996 
0.11902766135792121 0.7476948868398994 0.09639564124056998 0.027661357921207042 0.009220452640402346 
0.8955773955773956 0.03931203931203931 0.02334152334152334 0.029484029484029485 0.012285012285012284 
0.05714285714285714 0.033766233766233764 0.8207792207792208 0.06233766233766234 0.025974025974025976 
0.11926605504587157 0.14678899082568808 0.0779816513761468 0.6055045871559633 0.05045871559633028 
0.103125 0.084375 0.678125 0.103125 0.03125 
0.046296296296296294 0.09567901234567901 0.05246913580246913 0.7685185185185185 0.037037037037037035 
0.09090909090909091 0.48484848484848486 0.20454545454545456 0.14393939393939395 0.07575757575757576 
0.10256410256410256 0.07692307692307693 0.6153846153846154 0.14102564102564102 0.0641025641025641 
0.6857142857142857 0.07532467532467532 0.11688311688311688 0.09610389610389611 0.025974025974025976 
0.8487155090390105 0.06565176022835395 0.02093244529019981 0.05518553758325404 0.009514747859181731 
0.08762886597938144 0.07216494845360824 0.7422680412371134 0.07216494845360824 0.02577319587628866 
0.075 0.1 0.65625 0.1 0.06875 
0.061274509803921566 0.03676470588235294 0.8357843137254902 0.041666666666666664 0.024509803921568627 
0.0949367088607595 0.10759493670886076 0.5886075949367089 0.14556962025316456 0.06329113924050633 
0.06227106227106227 0.03663003663003663 0.8095238095238095 0.04395604395604396 0.047619047619047616 
0.3728251864125932 0.35459817729908866 0.1632145816072908 0.09859154929577464 0.010770505385252692 
0.04885057471264368 0.04310344827586207 0.8304597701149425 0.04885057471264368 0.028735632183908046 
0.006823821339950372 0.00620347394540943 0.00620347394540943 0.00620347394540943 0.9745657568238213 
0.007473841554559043 0.007473841554559043 0.008968609865470852 0.007473841554559043 0.968609865470852 
0.08287292817679558 0.055248618784530384 0.7983425414364641 0.03591160220994475 0.027624309392265192 
0.2671232876712329 0.10273972602739725 0.21232876712328766 0.3493150684931507 0.0684931506849315 
0.9529733009708737 0.013349514563106795 0.018507281553398057 0.01183252427184466 0.003337378640776699 
0.08695652173913043 0.11180124223602485 0.5714285714285714 0.16770186335403728 0.062111801242236024 
0.061224489795918366 0.7346938775510204 0.05714285714285714 0.10612244897959183 0.04081632653061224 
0.21365638766519823 0.03303964757709251 0.06828193832599119 0.6629955947136564 0.022026431718061675 
0.16578947368421051 0.05 0.6105263157894737 0.14736842105263157 0.02631578947368421 
0.10869565217391304 0.6304347826086957 0.10869565217391304 0.09782608695652174 0.05434782608695652 
0.05394190871369295 0.058091286307053944 0.7717842323651453 0.07468879668049792 0.04149377593360996 
0.14285714285714285 0.13533834586466165 0.5827067669172933 0.10150375939849623 0.03759398496240601 
0.3949579831932773 0.15126050420168066 0.2184873949579832 0.15126050420168066 0.08403361344537816 
0.09271523178807947 0.10596026490066225 0.6258278145695364 0.1390728476821192 0.03642384105960265 
0.3370165745856354 0.12154696132596685 0.35359116022099446 0.1270718232044199 0.06077348066298342 
0.7741935483870968 0.04105571847507331 0.10850439882697947 0.0469208211143695 0.02932551319648094 
0.03523035230352303 0.04878048780487805 0.8455284552845529 0.04336043360433604 0.02710027100271003 
0.02577319587628866 0.02577319587628866 0.030927835051546393 0.02577319587628866 0.8917525773195877 
0.25 0.45 0.17941176470588235 0.09117647058823529 0.029411764705882353 
0.1388888888888889 0.4027777777777778 0.1527777777777778 0.16666666666666666 0.1388888888888889 
0.008873114463176575 0.009760425909494233 0.009760425909494233 0.008873114463176575 0.9627329192546584 
0.22580645161290322 0.22580645161290322 0.1774193548387097 0.20967741935483872 0.16129032258064516 
0.07766990291262135 0.09223300970873786 0.13592233009708737 0.6456310679611651 0.04854368932038835 
0.1367713004484305 0.24663677130044842 0.5426008968609866 0.0515695067264574 0.02242152466367713 
0.22666666666666666 0.21333333333333335 0.29333333333333333 0.13333333333333333 0.13333333333333333 
0.8934517203107658 0.04328523862375139 0.02774694783573807 0.023307436182019976 0.01220865704772475 
0.07505211952744961 0.7470465601111883 0.1341209173036831 0.03683113273106324 0.006949270326615705 
0.0891089108910891 0.06930693069306931 0.693069306930693 0.09900990099009901 0.04950495049504951 
0.21568627450980393 0.19607843137254902 0.19607843137254902 0.19607843137254902 0.19607843137254902 
0.9555489260143198 0.010739856801909307 0.023269689737470168 0.006861575178997614 0.003579952267303103 
0.06862745098039216 0.5441176470588235 0.23039215686274508 0.10784313725490197 0.049019607843137254 
0.1232876712328767 0.14383561643835616 0.5205479452054794 0.136986301369863 0.07534246575342465 
0.049429657794676805 0.7984790874524715 0.053231939163498096 0.060836501901140684 0.03802281368821293 
0.1348314606741573 0.19101123595505617 0.39325842696629215 0.15730337078651685 0.12359550561797752 
0.17857142857142858 0.19642857142857142 0.23214285714285715 0.21428571428571427 0.17857142857142858 
0.07936507936507936 0.025793650793650792 0.8511904761904762 0.023809523809523808 0.01984126984126984 
0.16666666666666666 0.04411764705882353 0.7034313725490197 0.058823529411764705 0.02696078431372549 
0.12615384615384614 0.6646153846153846 0.11384615384615385 0.06461538461538462 0.03076923076923077 
0.12280701754385964 0.2631578947368421 0.375 0.2149122807017544 0.02412280701754386 
0.06060606060606061 0.05555555555555555 0.7727272727272727 0.06060606060606061 0.050505050505050504 
0.004017677782241864 0.0044194455604660505 0.004821213338690237 0.004017677782241864 0.98272398553636 
0.0625 0.04044117647058824 0.8345588235294118 0.04411764705882353 0.01838235294117647 
0.00510204081632653 0.00510204081632653 0.00510204081632653 0.00510204081632653 0.9795918367346939 
0.11413043478260869 0.059782608695652176 0.7010869565217391 0.07065217391304347 0.05434782608695652 
0.18518518518518517 0.18518518518518517 0.18518518518518517 0.25925925925925924 0.18518518518518517 
0.13245033112582782 0.2913907284768212 0.3443708609271523 0.15894039735099338 0.0728476821192053 
0.13513513513513514 0.2918918918918919 0.2810810810810811 0.23243243243243245 0.05945945945945946 
0.3094017094017094 0.06666666666666667 0.5401709401709401 0.06666666666666667 0.017094017094017096 
0.08609271523178808 0.5695364238410596 0.10596026490066225 0.16556291390728478 0.0728476821192053 
0.06537530266343826 0.029055690072639227 0.8426150121065376 0.0387409200968523 0.024213075060532687 
0.19808306709265175 0.30990415335463256 0.3801916932907348 0.07348242811501597 0.038338658146964855 
0.2545454545454545 0.18181818181818182 0.2 0.18181818181818182 0.18181818181818182 
0.3228621291448517 0.06282722513089005 0.5392670157068062 0.05759162303664921 0.017452006980802792 
0.05466237942122187 0.05144694533762058 0.7877813504823151 0.07395498392282958 0.03215434083601286 
0.19230769230769232 0.21153846153846154 0.19230769230769232 0.21153846153846154 0.19230769230769232 
0.08795411089866156 0.0497131931166348 0.8126195028680688 0.028680688336520075 0.021032504780114723 
0.009478672985781991 0.009478672985781991 0.01042654028436019 0.009478672985781991 0.9611374407582939 
0.06542056074766354 0.7757009345794392 0.12242990654205607 0.026168224299065422 0.010280373831775701 
0.1694915254237288 0.23728813559322035 0.23728813559322035 0.1864406779661017 0.1694915254237288 
0.014970059880239521 0.014970059880239521 0.016467065868263474 0.014970059880239521 0.938622754491018 
0.20689655172413793 0.19827586206896552 0.25 0.25862068965517243 0.08620689655172414 
0.20754716981132076 0.18867924528301888 0.22641509433962265 0.18867924528301888 0.18867924528301888 
0.010638297872340425 0.010638297872340425 0.009671179883945842 0.01160541586073501 0.9574468085106383 
0.05272407732864675 0.05272407732864675 0.8506151142355008 0.02460456942003515 0.019332161687170474 
0.3326732673267327 0.44356435643564357 0.09108910891089109 0.10693069306930693 0.02574257425742574 
0.47435897435897434 0.1955128205128205 0.1282051282051282 0.16666666666666666 0.035256410256410256 
0.6556016597510373 0.13278008298755187 0.0954356846473029 0.07468879668049792 0.04149377593360996 
0.20422535211267606 0.19718309859154928 0.34507042253521125 0.176056338028169 0.07746478873239436 
0.15384615384615385 0.15384615384615385 0.21794871794871795 0.34615384615384615 0.1282051282051282 
0.08205128205128205 0.5333333333333333 0.2512820512820513 0.08205128205128205 0.05128205128205128 
0.04129793510324484 0.04424778761061947 0.8746312684365781 0.025073746312684365 0.014749262536873156 
0.4146341463414634 0.17073170731707318 0.2073170731707317 0.14634146341463414 0.06097560975609756 
0.49246231155778897 0.21105527638190955 0.135678391959799 0.12814070351758794 0.032663316582914576 
0.06967213114754098 0.0778688524590164 0.7336065573770492 0.0778688524590164 0.040983606557377046 
0.47761194029850745 0.12437810945273632 0.16417910447761194 0.1691542288557214 0.06467661691542288 
0.11650485436893204 0.14563106796116504 0.5048543689320388 0.13592233009708737 0.0970873786407767 
0.07915057915057915 0.02895752895752896 0.8416988416988417 0.03088803088803089 0.019305019305019305 
0.19599427753934193 0.1917024320457797 0.058655221745350504 0.5350500715307582 0.01859799713876967 
0.23636363636363636 0.18181818181818182 0.18181818181818182 0.21818181818181817 0.18181818181818182 
0.11372549019607843 0.13333333333333333 0.6 0.09803921568627451 0.054901960784313725 
0.052795031055900624 0.037267080745341616 0.8291925465838509 0.049689440993788817 0.031055900621118012 
0.10344827586206896 0.06896551724137931 0.6954022988505747 0.07471264367816093 0.05747126436781609 
0.013317191283292978 0.012106537530266344 0.012106537530266344 0.012106537530266344 0.950363196125908 
0.0025303643724696357 0.002783400809716599 0.0025303643724696357 0.002783400809716599 0.9893724696356275 
0.003354681305275999 0.0030497102775236353 0.0030497102775236353 0.0030497102775236353 0.9874961878621531 
0.09722222222222222 0.09027777777777778 0.6527777777777778 0.09027777777777778 0.06944444444444445 
0.10921501706484642 0.12286689419795221 0.5972696245733788 0.13651877133105803 0.034129692832764506 
0.15517241379310345 0.09195402298850575 0.6580459770114943 0.06609195402298851 0.028735632183908046 
0.1184573002754821 0.046831955922865015 0.6804407713498623 0.12396694214876033 0.030303030303030304 
0.05647058823529412 0.047058823529411764 0.8352941176470589 0.03764705882352941 0.023529411764705882 
0.056818181818181816 0.06439393939393939 0.7651515151515151 0.07575757575757576 0.03787878787878788 
0.12612612612612611 0.05405405405405406 0.6351351351351351 0.13513513513513514 0.04954954954954955 
0.07368421052631578 0.08947368421052632 0.6894736842105263 0.08421052631578947 0.06315789473684211 
0.12173913043478261 0.12173913043478261 0.5043478260869565 0.16521739130434782 0.08695652173913043 
0.21153846153846154 0.21153846153846154 0.19230769230769232 0.19230769230769232 0.19230769230769232 
0.043859649122807015 0.05847953216374269 0.7631578947368421 0.1023391812865497 0.03216374269005848 
0.027548209366391185 0.027548209366391185 0.027548209366391185 0.027548209366391185 0.8898071625344353 
0.1349206349206349 0.5158730158730159 0.1349206349206349 0.11904761904761904 0.09523809523809523 
0.6206896551724138 0.12758620689655173 0.1 0.11724137931034483 0.034482758620689655 
0.009157509157509158 0.009157509157509158 0.009157509157509158 0.009157509157509158 0.9633699633699634 
0.8885135135135135 0.02195945945945946 0.0472972972972973 0.02533783783783784 0.016891891891891893 
0.01838235294117647 0.01838235294117647 0.01838235294117647 0.01838235294117647 0.9264705882352942 
0.08786610878661087 0.18410041841004185 0.606694560669456 0.0794979079497908 0.04184100418410042 
0.078125 0.071875 0.0625 0.75625 0.03125 
0.9050535987748851 0.027565084226646247 0.019908116385911178 0.030627871362940276 0.016845329249617153 
0.17857142857142858 0.17857142857142858 0.23214285714285715 0.23214285714285715 0.17857142857142858 
0.07428571428571429 0.07714285714285714 0.09142857142857143 0.7285714285714285 0.02857142857142857 
0.17768595041322313 0.25 0.09090909090909091 0.4607438016528926 0.02066115702479339 
0.07692307692307693 0.09743589743589744 0.09230769230769231 0.6820512820512821 0.05128205128205128 
0.19642857142857142 0.17857142857142858 0.23214285714285715 0.21428571428571427 0.17857142857142858 
0.13125 0.4125 0.21875 0.175 0.0625 
0.11313868613138686 0.08394160583941605 0.10218978102189781 0.6605839416058394 0.040145985401459854 
0.5911458333333334 0.171875 0.1484375 0.059895833333333336 0.028645833333333332 
0.05612244897959184 0.061224489795918366 0.7755102040816326 0.05612244897959184 0.05102040816326531 
0.12435233160621761 0.6321243523316062 0.06735751295336788 0.11398963730569948 0.06217616580310881 
0.07734806629834254 0.06629834254143646 0.7292817679558011 0.0718232044198895 0.055248618784530384 
0.075 0.08125 0.69375 0.0875 0.0625 
0.09405940594059406 0.21287128712871287 0.11386138613861387 0.5247524752475248 0.054455445544554455 
0.10526315789473684 0.04912280701754386 0.7508771929824561 0.05964912280701754 0.03508771929824561 
0.0625 0.033854166666666664 0.828125 0.049479166666666664 0.026041666666666668 
0.08896797153024912 0.05338078291814947 0.701067615658363 0.099644128113879 0.05693950177935943 
0.003989361702127659 0.003324468085106383 0.003324468085106383 0.0036569148936170214 0.9857047872340425 
0.007668711656441718 0.00843558282208589 0.007668711656441718 0.007668711656441718 0.968558282208589 
0.12276214833759591 0.08951406649616368 0.6035805626598465 0.1534526854219949 0.030690537084398978 
0.03546099290780142 0.03546099290780142 0.03546099290780142 0.03546099290780142 0.8581560283687943 
0.17857142857142858 0.17857142857142858 0.21428571428571427 0.25 0.17857142857142858 
0.135 0.1 0.635 0.075 0.055 
0.142433234421365 0.04451038575667656 0.2818991097922849 0.5014836795252225 0.02967359050445104 
0.2894736842105263 0.14473684210526316 0.19736842105263158 0.23684210526315788 0.13157894736842105 
0.06451612903225806 0.10557184750733138 0.7008797653958945 0.093841642228739 0.03519061583577713 
0.7628571428571429 0.04857142857142857 0.12 0.04 0.02857142857142857 
0.10084033613445378 0.5714285714285714 0.1092436974789916 0.12605042016806722 0.09243697478991597 
0.09777777777777778 0.05333333333333334 0.6933333333333334 0.1111111111111111 0.044444444444444446 
0.006795608991113434 0.005227391531625719 0.00575013068478829 0.00575013068478829 0.9764767381076843 
0.07792207792207792 0.14285714285714285 0.5194805194805194 0.19480519480519481 0.06493506493506493 
0.19607843137254902 0.21568627450980393 0.19607843137254902 0.19607843137254902 0.19607843137254902 
0.008613264427217916 0.008613264427217916 0.008613264427217916 0.008613264427217916 0.9655469422911284 
0.29085872576177285 0.5373961218836565 0.0886426592797784 0.05263157894736842 0.030470914127423823 
0.13157894736842105 0.15789473684210525 0.17105263157894737 0.40789473684210525 0.13157894736842105 
0.008756567425569177 0.009632224168126095 0.008756567425569177 0.009632224168126095 0.9632224168126094 
0.7093206951026856 0.11374407582938388 0.08846761453396525 0.07109004739336493 0.017377567140600316 
0.6460176991150443 0.18584070796460178 0.0752212389380531 0.06858407079646017 0.024336283185840708 
0.016541353383458645 0.01804511278195489 0.016541353383458645 0.015037593984962405 0.9338345864661655 
0.8996563573883162 0.013745704467353952 0.02336769759450172 0.056357388316151204 0.006872852233676976 
0.04424778761061947 0.08259587020648967 0.10914454277286136 0.7345132743362832 0.029498525073746312 
0.13675213675213677 0.1623931623931624 0.1282051282051282 0.47863247863247865 0.09401709401709402 
0.19607843137254902 0.19607843137254902 0.19607843137254902 0.21568627450980393 0.19607843137254902 
0.1746987951807229 0.24096385542168675 0.24096385542168675 0.25903614457831325 0.08433734939759036 
0.14973958333333334 0.38671875 0.08723958333333333 0.3541666666666667 0.022135416666666668 
0.12814070351758794 0.5 0.0728643216080402 0.271356783919598 0.02763819095477387 
0.5925925925925926 0.1693121693121693 0.08465608465608465 0.12698412698412698 0.026455026455026454 
0.07103825136612021 0.0546448087431694 0.73224043715847 0.08743169398907104 0.0546448087431694 
0.12690355329949238 0.07614213197969544 0.09137055837563451 0.649746192893401 0.05583756345177665 
0.08391608391608392 0.6657342657342658 0.04755244755244755 0.1888111888111888 0.013986013986013986 
0.04054054054054054 0.0472972972972973 0.8209459459459459 0.057432432432432436 0.033783783783783786 
0.09375 0.0625 0.07291666666666667 0.71875 0.052083333333333336 
0.003556910569105691 0.005335365853658537 0.0063516260162601625 0.9819613821138211 0.0027947154471544716 
0.11278195488721804 0.21052631578947367 0.44360902255639095 0.15789473684210525 0.07518796992481203 
0.06818181818181818 0.08471074380165289 0.762396694214876 0.06198347107438017 0.022727272727272728 
0.0784313725490196 0.047058823529411764 0.7372549019607844 0.09803921568627451 0.0392156862745098 
0.061946902654867256 0.05309734513274336 0.035398230088495575 0.827433628318584 0.022123893805309734 
0.003672420124862284 0.004039662137348513 0.003672420124862284 0.003672420124862284 0.9849430774880646 
0.07926829268292683 0.07926829268292683 0.6585365853658537 0.12195121951219512 0.06097560975609756 
0.008190618019359643 0.007446016381236039 0.007446016381236039 0.008190618019359643 0.9687267311988086 
0.11347517730496454 0.09929078014184398 0.6028368794326241 0.10638297872340426 0.07801418439716312 
0.008984725965858042 0.008984725965858042 0.009883198562443846 0.008984725965858042 0.963162623539982 
0.024509803921568627 0.024509803921568627 0.024509803921568627 0.024509803921568627 0.9019607843137255 
0.13768115942028986 0.10869565217391304 0.41304347826086957 0.2536231884057971 0.08695652173913043 
0.40855614973262033 0.031016042780748664 0.06631016042780749 0.4834224598930481 0.0106951871657754 
0.7775020678246485 0.08354011579818031 0.053763440860215055 0.07692307692307693 0.008271298593879239 
0.10734463276836158 0.07909604519774012 0.6468926553672316 0.1384180790960452 0.02824858757062147 
0.44803695150115475 0.14780600461893764 0.11778290993071594 0.26096997690531176 0.025404157043879907 
0.06358381502890173 0.057803468208092484 0.7514450867052023 0.06936416184971098 0.057803468208092484 
0.0055617352614015575 0.0055617352614015575 0.0055617352614015575 0.0055617352614015575 0.9777530589543938 
0.16030534351145037 0.1984732824427481 0.15267175572519084 0.4122137404580153 0.07633587786259542 
0.19607843137254902 0.21568627450980393 0.19607843137254902 0.19607843137254902 0.19607843137254902 
0.18181818181818182 0.23636363636363636 0.18181818181818182 0.21818181818181817 0.18181818181818182 
0.004380201489268506 0.004380201489268506 0.004380201489268506 0.004380201489268506 0.9824791940429259 
0.6059602649006622 0.10264900662251655 0.15562913907284767 0.08940397350993377 0.046357615894039736 
0.059006211180124224 0.14285714285714285 0.7204968944099379 0.046583850931677016 0.031055900621118012 
0.003751705320600273 0.003751705320600273 0.004433833560709414 0.003751705320600273 0.9843110504774898 
0.05386250885896527 0.7916371367824239 0.12331679659815734 0.020552799433026223 0.010630758327427357 
0.08943089430894309 0.07723577235772358 0.06097560975609756 0.7479674796747967 0.024390243902439025 
0.1557377049180328 0.22131147540983606 0.3319672131147541 0.23770491803278687 0.05327868852459016 
0.006489292667099286 0.006489292667099286 0.007787151200519144 0.006489292667099286 0.972744970798183 
0.2607944732297064 0.12607944732297063 0.07599309153713299 0.5164075993091537 0.02072538860103627 
0.06048387096774194 0.08870967741935484 0.10080645161290322 0.7096774193548387 0.04032258064516129 
0.13973799126637554 0.14847161572052403 0.07860262008733625 0.5764192139737991 0.056768558951965066 
0.06938775510204082 0.746938775510204 0.07346938775510205 0.06938775510204082 0.04081632653061224 
0.20754716981132076 0.18867924528301888 0.18867924528301888 0.22641509433962265 0.18867924528301888 
0.053497942386831275 0.10699588477366255 0.06584362139917696 0.7283950617283951 0.04526748971193416 
0.9023836549375709 0.032917139614074914 0.029511918274687854 0.02383654937570942 0.011350737797956867 
0.142 0.046 0.101 0.7 0.011 
0.08280254777070063 0.1337579617834395 0.10191082802547771 0.5732484076433121 0.10828025477707007 
0.11026615969581749 0.33460076045627374 0.40304182509505704 0.11026615969581749 0.04182509505703422 
0.09411764705882353 0.08627450980392157 0.09803921568627451 0.6784313725490196 0.043137254901960784 
0.14066496163682865 0.08695652173913043 0.03580562659846547 0.710997442455243 0.02557544757033248 
0.19298245614035087 0.19298245614035087 0.19298245614035087 0.24561403508771928 0.17543859649122806 
0.0970873786407767 0.04854368932038835 0.7524271844660194 0.05339805825242718 0.04854368932038835 
0.18480492813141683 0.3521560574948665 0.40349075975359344 0.04722792607802875 0.012320328542094456 
0.07175925925925926 0.07175925925925926 0.10185185185185185 0.7314814814814815 0.023148148148148147 
0.0029824038174768863 0.0029824038174768863 0.003280644199224575 0.0029824038174768863 0.9877721443483448 
0.047058823529411764 0.03529411764705882 0.7735294117647059 0.10882352941176471 0.03529411764705882 
0.09027777777777778 0.0763888888888889 0.625 0.1388888888888889 0.06944444444444445 
0.003648424543946932 0.003648424543946932 0.003316749585406302 0.003316749585406302 0.9860696517412936 
0.08860759493670886 0.08227848101265822 0.6835443037974683 0.0759493670886076 0.06962025316455696 
0.006657789613848202 0.007323568575233023 0.006657789613848202 0.007323568575233023 0.9720372836218375 
0.017064846416382253 0.017064846416382253 0.017064846416382253 0.017064846416382253 0.931740614334471 
0.02849740932642487 0.031088082901554404 0.9093264248704663 0.02158894645941278 0.009499136442141624 
0.05069124423963134 0.6912442396313364 0.12903225806451613 0.08294930875576037 0.04608294930875576 
0.02276707530647986 0.021015761821366025 0.8914185639229422 0.03502626970227671 0.0297723292469352 
0.030136986301369864 0.0273972602739726 0.0273972602739726 0.0273972602739726 0.8876712328767123 
0.054481546572934976 0.843585237258348 0.029876977152899824 0.054481546572934976 0.01757469244288225 
0.19230769230769232 0.19230769230769232 0.21153846153846154 0.21153846153846154 0.19230769230769232 
0.19230769230769232 0.19230769230769232 0.23076923076923078 0.19230769230769232 0.19230769230769232 
0.005561172901921132 0.005055611729019211 0.005055611729019211 0.005055611729019211 0.9792719919110212 
0.7229916897506925 0.11080332409972299 0.08033240997229917 0.05817174515235457 0.027700831024930747 
0.1694915254237288 0.23728813559322035 0.2033898305084746 0.22033898305084745 0.1694915254237288 
0.01020408163265306 0.01020408163265306 0.01020408163265306 0.01020408163265306 0.9591836734693877 
0.1431451612903226 0.06653225806451613 0.16532258064516128 0.6008064516129032 0.024193548387096774 
0.26936026936026936 0.44107744107744107 0.10774410774410774 0.14814814814814814 0.03367003367003367 
0.02444987775061125 0.02444987775061125 0.02444987775061125 0.02444987775061125 0.902200488997555 
0.2 0.11666666666666667 0.21666666666666667 0.4111111111111111 0.05555555555555555 
0.21153846153846154 0.19230769230769232 0.19230769230769232 0.21153846153846154 0.19230769230769232 
0.18518518518518517 0.18518518518518517 0.18518518518518517 0.25925925925925924 0.18518518518518517 
0.05246913580246913 0.05555555555555555 0.3611111111111111 0.5 0.030864197530864196 
0.06825396825396825 0.8603174603174604 0.0373015873015873 0.02619047619047619 0.007936507936507936 
0.43884892086330934 0.11510791366906475 0.23741007194244604 0.1366906474820144 0.07194244604316546 
0.10810810810810811 0.10135135135135136 0.10810810810810811 0.6148648648648649 0.06756756756756757 
0.10465116279069768 0.1212624584717608 0.05813953488372093 0.6976744186046512 0.018272425249169437 
0.2898550724637681 0.18840579710144928 0.17391304347826086 0.2028985507246377 0.14492753623188406 
0.08796296296296297 0.06944444444444445 0.11574074074074074 0.6805555555555556 0.046296296296296294 
0.08532423208191127 0.07849829351535836 0.06484641638225255 0.7337883959044369 0.03754266211604096 
0.12871287128712872 0.09900990099009901 0.48514851485148514 0.18811881188118812 0.09900990099009901 
0.10982658959537572 0.6011560693641619 0.15606936416184972 0.07514450867052024 0.057803468208092484 
0.2996941896024465 0.12232415902140673 0.1743119266055046 0.363914373088685 0.039755351681957186 
0.06158357771260997 0.05571847507331378 0.8035190615835777 0.0469208211143695 0.03225806451612903 
0.05952380952380952 0.5079365079365079 0.32142857142857145 0.06746031746031746 0.04365079365079365 
0.06497175141242938 0.12146892655367232 0.059322033898305086 0.7231638418079096 0.031073446327683617 
0.04974271012006861 0.0274442538593482 0.8473413379073756 0.04974271012006861 0.025728987993138937 
0.008361204013377926 0.00919732441471572 0.008361204013377926 0.008361204013377926 0.9657190635451505 
0.10454545454545454 0.08636363636363636 0.18181818181818182 0.5772727272727273 0.05 
0.05952380952380952 0.03869047619047619 0.8244047619047619 0.047619047619047616 0.02976190476190476 
0.007668711656441718 0.007668711656441718 0.007668711656441718 0.007668711656441718 0.9693251533742331 
0.0069269521410579345 0.006297229219143577 0.006297229219143577 0.006297229219143577 0.9741813602015114 
0.075 0.075 0.6625 0.125 0.0625 
0.01567398119122257 0.01567398119122257 0.01567398119122257 0.017241379310344827 0.9357366771159875 
0.21052631578947367 0.19298245614035087 0.22807017543859648 0.19298245614035087 0.17543859649122806 
0.15217391304347827 0.11956521739130435 0.4891304347826087 0.13043478260869565 0.10869565217391304 
0.06844106463878327 0.06463878326996197 0.7680608365019012 0.057034220532319393 0.04182509505703422 
0.07174887892376682 0.053811659192825115 0.7533632286995515 0.07623318385650224 0.04484304932735426 
0.015233949945593036 0.01088139281828074 0.011969532100108813 0.01088139281828074 0.9510337323177367 
0.8880733944954129 0.031192660550458717 0.03669724770642202 0.025688073394495414 0.01834862385321101 
0.19607843137254902 0.19607843137254902 0.19607843137254902 0.21568627450980393 0.19607843137254902 
0.023310023310023312 0.023310023310023312 0.02564102564102564 0.023310023310023312 0.9044289044289044 
0.7616580310880829 0.06217616580310881 0.06735751295336788 0.08290155440414508 0.025906735751295335 
0.07188160676532769 0.7949260042283298 0.07822410147991543 0.03382663847780127 0.021141649048625793 
0.2037037037037037 0.18518518518518517 0.2222222222222222 0.2037037037037037 0.18518518518518517 
0.0065832784726793945 0.007241606319947334 0.0065832784726793945 0.0065832784726793945 0.9730085582620145 
0.15894039735099338 0.2582781456953642 0.16556291390728478 0.3443708609271523 0.0728476821192053 
0.07258064516129033 0.12634408602150538 0.7204301075268817 0.04838709677419355 0.03225806451612903 
0.21334586466165414 0.6278195488721805 0.06015037593984962 0.08834586466165413 0.010338345864661654 
0.017699115044247787 0.017699115044247787 0.017699115044247787 0.017699115044247787 0.9292035398230089 
0.20743034055727555 0.21362229102167182 0.18885448916408668 0.3560371517027864 0.034055727554179564 
0.21153846153846154 0.21153846153846154 0.19230769230769232 0.19230769230769232 0.19230769230769232 
0.18518518518518517 0.18518518518518517 0.2222222222222222 0.2222222222222222 0.18518518518518517 
0.08108108108108109 0.08108108108108109 0.5675675675675675 0.22072072072072071 0.04954954954954955 
0.1840277777777778 0.08680555555555555 0.06944444444444445 0.6145833333333334 0.04513888888888889 
0.47447795823665895 0.02668213457076566 0.0382830626450116 0.44779582366589327 0.012761020881670533 
0.506896551724138 0.20344827586206896 0.15517241379310345 0.09655172413793103 0.03793103448275862 
0.06666666666666667 0.10666666666666667 0.10222222222222223 0.6755555555555556 0.04888888888888889 
0.06382978723404255 0.19414893617021275 0.5851063829787234 0.125 0.031914893617021274 
0.15606936416184972 0.10982658959537572 0.12716763005780346 0.5491329479768786 0.057803468208092484 
0.08333333333333333 0.06884057971014493 0.10144927536231885 0.7101449275362319 0.036231884057971016 
0.09205020920502092 0.1589958158995816 0.08368200836820083 0.6234309623430963 0.04184100418410042 
0.10051546391752578 0.1056701030927835 0.06701030927835051 0.6984536082474226 0.028350515463917526 
0.05596107055961071 0.046228710462287104 0.09002433090024331 0.7834549878345499 0.024330900243309004 
0.2591549295774648 0.15492957746478872 0.4676056338028169 0.08732394366197183 0.030985915492957747 
0.11267605633802817 0.5211267605633803 0.176056338028169 0.11971830985915492 0.07042253521126761 
0.04152823920265781 0.059800664451827246 0.03156146179401993 0.8471760797342193 0.019933554817275746 
0.005070993914807302 0.005578093306288032 0.005070993914807302 0.005070993914807302 0.97920892494929 
0.15862068965517243 0.11379310344827587 0.4 0.29310344827586204 0.034482758620689655 
0.05725971370143149 0.09406952965235174 0.13701431492842536 0.689161554192229 0.022494887525562373 
0.009212730318257957 0.008375209380234505 0.009212730318257957 0.008375209380234505 0.964824120603015 
0.12121212121212122 0.12121212121212122 0.5050505050505051 0.1414141414141414 0.1111111111111111 
0.016778523489932886 0.016778523489932886 0.016778523489932886 0.016778523489932886 0.9328859060402684 
0.0915032679738562 0.08496732026143791 0.6339869281045751 0.11764705882352941 0.0718954248366013 
0.017921146953405017 0.017921146953405017 0.017921146953405017 0.017921146953405017 0.9283154121863799 
0.08791208791208792 0.07142857142857142 0.7252747252747253 0.06043956043956044 0.054945054945054944 
0.10810810810810811 0.23423423423423423 0.43243243243243246 0.13513513513513514 0.09009009009009009 
0.06417112299465241 0.06417112299465241 0.7433155080213903 0.0748663101604278 0.053475935828877004 
0.46853146853146854 0.11888111888111888 0.1888111888111888 0.13286713286713286 0.09090909090909091 
0.3 0.12 0.31333333333333335 0.2 0.06666666666666667 
0.025974025974025976 0.025974025974025976 0.02857142857142857 0.025974025974025976 0.8935064935064935 
0.2127659574468085 0.14893617021276595 0.1033434650455927 0.5015197568389058 0.03343465045592705 
0.19298245614035087 0.17543859649122806 0.21052631578947367 0.24561403508771928 0.17543859649122806 
0.3265895953757225 0.41040462427745666 0.06069364161849711 0.17052023121387283 0.031791907514450865 
0.125 0.1625 0.125 0.125 0.4625 
0.11956521739130435 0.15217391304347827 0.44565217391304346 0.17391304347826086 0.10869565217391304 
0.19672131147540983 0.16393442622950818 0.22950819672131148 0.2459016393442623 0.16393442622950818 
0.18181818181818182 0.21818181818181817 0.21818181818181817 0.18181818181818182 0.2 
0.015015015015015015 0.015015015015015015 0.015015015015015015 0.015015015015015015 0.93993993993994 
0.10106382978723404 0.05851063829787234 0.0797872340425532 0.7074468085106383 0.05319148936170213 
0.2222222222222222 0.1746031746031746 0.23809523809523808 0.20634920634920634 0.15873015873015872 
0.044481054365733116 0.0642504118616145 0.04942339373970346 0.8253706754530478 0.016474464579901153 
0.8019047619047619 0.030476190476190476 0.06666666666666667 0.08190476190476191 0.01904761904761905 
0.0695364238410596 0.10596026490066225 0.08940397350993377 0.7019867549668874 0.033112582781456956 
0.20754716981132076 0.18867924528301888 0.20754716981132076 0.20754716981132076 0.18867924528301888 
0.02862595419847328 0.07061068702290077 0.02480916030534351 0.8568702290076335 0.019083969465648856 
0.07142857142857142 0.07777777777777778 0.04285714285714286 0.7841269841269841 0.023809523809523808 
0.10457516339869281 0.6078431372549019 0.0784313725490196 0.1437908496732026 0.06535947712418301 
0.14814814814814814 0.5555555555555556 0.10185185185185185 0.10185185185185185 0.09259259259259259 
0.15568862275449102 0.10179640718562874 0.11377245508982035 0.5688622754491018 0.059880239520958084 
0.13100436681222707 0.18777292576419213 0.05240174672489083 0.5851528384279476 0.043668122270742356 
0.09859154929577464 0.5 0.09859154929577464 0.2323943661971831 0.07042253521126761 
0.15976331360946747 0.5029585798816568 0.16568047337278108 0.11242603550295859 0.05917159763313609 
0.04177545691906005 0.0783289817232376 0.06266318537859007 0.7911227154046997 0.02610966057441253 
0.08073394495412844 0.07155963302752294 0.7981651376146789 0.031192660550458717 0.01834862385321101 
0.0823045267489712 0.1646090534979424 0.5390946502057613 0.1728395061728395 0.0411522633744856 
0.050666666666666665 0.11466666666666667 0.06133333333333333 0.736 0.037333333333333336 
0.06417112299465241 0.053475935828877004 0.7647058823529411 0.06417112299465241 0.053475935828877004 
0.18840579710144928 0.13768115942028986 0.18840579710144928 0.39855072463768115 0.08695652173913043 
0.0041946308724832215 0.0050335570469798654 0.004614093959731544 0.0050335570469798654 0.9811241610738255 
0.07183908045977011 0.5948275862068966 0.22988505747126436 0.06896551724137931 0.034482758620689655 
0.09655172413793103 0.12413793103448276 0.06551724137931035 0.6793103448275862 0.034482758620689655 
0.12359550561797752 0.12359550561797752 0.4943820224719101 0.1348314606741573 0.12359550561797752 
0.00510204081632653 0.00510204081632653 0.00510204081632653 0.00510204081632653 0.9795918367346939 
0.13043478260869565 0.11956521739130435 0.5 0.14130434782608695 0.10869565217391304 
0.006811989100817439 0.006811989100817439 0.006811989100817439 0.006811989100817439 0.9727520435967303 
0.08904109589041095 0.1095890410958904 0.6095890410958904 0.1232876712328767 0.0684931506849315 
0.12871287128712872 0.10891089108910891 0.5346534653465347 0.12871287128712872 0.09900990099009901 
0.07920792079207921 0.07425742574257425 0.7277227722772277 0.06930693069306931 0.04950495049504951 
0.038461538461538464 0.8772189349112426 0.026627218934911243 0.042899408284023666 0.014792899408284023 
0.8202247191011236 0.0299625468164794 0.05805243445692884 0.07303370786516854 0.018726591760299626 
0.019120458891013385 0.021032504780114723 0.019120458891013385 0.019120458891013385 0.9216061185468452 
0.7905236907730673 0.059850374064837904 0.08728179551122195 0.03740648379052369 0.02493765586034913 
0.19230769230769232 0.19230769230769232 0.21153846153846154 0.21153846153846154 0.19230769230769232 
0.026385224274406333 0.029023746701846966 0.026385224274406333 0.026385224274406333 0.8918205804749341 
0.33137254901960783 0.19019607843137254 0.3764705882352941 0.0803921568627451 0.021568627450980392 
0.16129032258064516 0.1774193548387097 0.3064516129032258 0.1935483870967742 0.16129032258064516 
0.19607843137254902 0.19607843137254902 0.19607843137254902 0.21568627450980393 0.19607843137254902 
0.022172949002217297 0.022172949002217297 0.022172949002217297 0.022172949002217297 0.9113082039911308 
0.07368421052631578 0.08947368421052632 0.11052631578947368 0.6736842105263158 0.05263157894736842 
