0.05763688760806916 0.06628242074927954 0.7377521613832853 0.08357348703170028 0.05475504322766571 
0.6632231404958677 0.10537190082644628 0.07024793388429752 0.11570247933884298 0.045454545454545456 
0.27495817066369216 0.271611823759063 0.26659230340211937 0.16397099832682654 0.02286670384829894 
0.046511627906976744 0.8504983388704319 0.05149501661129568 0.03156146179401993 0.019933554817275746 
0.16304347826086957 0.21739130434782608 0.32971014492753625 0.25 0.03985507246376811 
0.05952380952380952 0.05555555555555555 0.047619047619047616 0.051587301587301584 0.7857142857142857 
0.06563039723661486 0.03626943005181347 0.7063903281519862 0.14853195164075994 0.04317789291882556 
0.07427055702917772 0.1273209549071618 0.5145888594164456 0.19363395225464192 0.09018567639257294 
0.8348484848484848 0.07424242424242425 0.03636363636363636 0.03787878787878788 0.016666666666666666 
0.19230769230769232 0.2802197802197802 0.23626373626373626 0.2032967032967033 0.08791208791208792 
0.07471264367816093 0.6781609195402298 0.08620689655172414 0.09195402298850575 0.06896551724137931 
0.41361256544502617 0.15706806282722513 0.08900523560209424 0.25654450261780104 0.08376963350785341 
0.1167192429022082 0.17665615141955837 0.35962145110410093 0.2744479495268139 0.07255520504731862 
0.10689655172413794 0.6931034482758621 0.09310344827586207 0.04827586206896552 0.05862068965517241 
0.140625 0.2864583333333333 0.1484375 0.3802083333333333 0.044270833333333336 
0.13836477987421383 0.610062893081761 0.06918238993710692 0.09433962264150944 0.0880503144654088 
0.16369710467706014 0.12806236080178174 0.5701559020044543 0.10133630289532294 0.036748329621380846 
0.4563106796116505 0.03559870550161812 0.14563106796116504 0.255663430420712 0.10679611650485436 
0.0642570281124498 0.04417670682730924 0.040160642570281124 0.0642570281124498 0.7871485943775101 
0.45255474452554745 0.15328467153284672 0.23357664233576642 0.08759124087591241 0.072992700729927 
0.2585949177877429 0.10463378176382661 0.09715994020926756 0.5067264573991032 0.03288490284005979 
0.1266173752310536 0.19038817005545286 0.066543438077634 0.5767097966728281 0.03974121996303143 
0.8518518518518519 0.03872053872053872 0.04208754208754209 0.045454545454545456 0.021885521885521887 
0.02810304449648712 0.8618266978922716 0.03747072599531616 0.03747072599531616 0.0351288056206089 
0.05141388174807198 0.07455012853470437 0.6169665809768637 0.15424164524421594 0.10282776349614396 
0.10810810810810811 0.2810810810810811 0.31891891891891894 0.16216216216216217 0.12972972972972974 
0.10977443609022557 0.09172932330827067 0.12781954887218044 0.6210526315789474 0.04962406015037594 
0.10989010989010989 0.1043956043956044 0.44505494505494503 0.22527472527472528 0.11538461538461539 
0.13986013986013987 0.1258741258741259 0.45454545454545453 0.09090909090909091 0.1888111888111888 
0.28705882352941176 0.13176470588235295 0.17176470588235293 0.16470588235294117 0.2447058823529412 
0.0662739322533137 0.4565537555228277 0.061855670103092786 0.39911634756995584 0.016200294550810016 
0.13687150837988826 0.4022346368715084 0.2541899441340782 0.164804469273743 0.04189944134078212 
0.3617021276595745 0.450354609929078 0.06028368794326241 0.08156028368794327 0.04609929078014184 
0.5568445475638051 0.12993039443155452 0.0765661252900232 0.15777262180974477 0.07888631090487239 
0.176056338028169 0.13380281690140844 0.40492957746478875 0.15492957746478872 0.13028169014084506 
0.1437908496732026 0.06318082788671024 0.26143790849673204 0.19389978213507625 0.33769063180827885 
0.04844961240310078 0.06589147286821706 0.7267441860465116 0.09302325581395349 0.06589147286821706 
0.10611510791366907 0.7661870503597122 0.04136690647482014 0.0683453237410072 0.017985611510791366 
0.17147192716236723 0.0622154779969651 0.13657056145675264 0.5705614567526556 0.05918057663125948 
0.5337078651685393 0.23595505617977527 0.07303370786516854 0.10112359550561797 0.056179775280898875 
0.527972027972028 0.16083916083916083 0.17482517482517482 0.08041958041958042 0.055944055944055944 
0.2712765957446808 0.13297872340425532 0.07446808510638298 0.44680851063829785 0.07446808510638298 
0.6829787234042554 0.10425531914893617 0.029787234042553193 0.14042553191489363 0.0425531914893617 
0.10941475826972011 0.3256997455470738 0.3944020356234097 0.11959287531806616 0.05089058524173028 
0.07058823529411765 0.6470588235294118 0.09411764705882353 0.09411764705882353 0.09411764705882353 
0.17039106145251395 0.3854748603351955 0.2430167597765363 0.1564245810055866 0.0446927374301676 
0.056910569105691054 0.056910569105691054 0.044715447154471545 0.04065040650406504 0.8008130081300813 
0.11746987951807229 0.02710843373493976 0.0391566265060241 0.766566265060241 0.04969879518072289 
0.09259259259259259 0.4027777777777778 0.06481481481481481 0.12037037037037036 0.3194444444444444 
0.12318840579710146 0.28502415458937197 0.1497584541062802 0.39855072463768115 0.043478260869565216 
0.6060225846925973 0.0903387703889586 0.1053952321204517 0.13174404015056462 0.06649937264742785 
0.17613636363636365 0.4715909090909091 0.07954545454545454 0.09659090909090909 0.17613636363636365 
0.06785714285714285 0.7892857142857143 0.05357142857142857 0.04642857142857143 0.04285714285714286 
0.11174785100286533 0.7191977077363897 0.05157593123209169 0.0659025787965616 0.05157593123209169 
0.5370370370370371 0.15185185185185185 0.1037037037037037 0.14074074074074075 0.06666666666666667 
0.2702702702702703 0.22972972972972974 0.12162162162162163 0.17567567567567569 0.20270270270270271 
0.06143344709897611 0.055745164960182024 0.07167235494880546 0.78839590443686 0.022753128555176336 
0.12198795180722892 0.125 0.10391566265060241 0.6009036144578314 0.04819277108433735 
0.04642857142857143 0.08928571428571429 0.08928571428571429 0.04642857142857143 0.7285714285714285 
0.10473815461346633 0.5610972568578554 0.1396508728179551 0.11970074812967581 0.07481296758104738 
0.05148005148005148 0.8314028314028314 0.036036036036036036 0.05791505791505792 0.023166023166023165 
0.25773195876288657 0.18556701030927836 0.1958762886597938 0.18556701030927836 0.17525773195876287 
0.10638297872340426 0.48936170212765956 0.1595744680851064 0.11702127659574468 0.1276595744680851 
0.05405405405405406 0.0888030888030888 0.06563706563706563 0.04247104247104247 0.749034749034749 
0.2229299363057325 0.07961783439490445 0.5382165605095541 0.10828025477707007 0.050955414012738856 
0.05514705882352941 0.05514705882352941 0.051470588235294115 0.04779411764705882 0.7904411764705882 
0.08830022075055188 0.5629139072847682 0.16777041942604856 0.1545253863134658 0.026490066225165563 
0.5923076923076923 0.1076923076923077 0.025 0.08076923076923077 0.19423076923076923 
0.12064965197215777 0.5568445475638051 0.08584686774941995 0.18329466357308585 0.05336426914153132 
0.199203187250996 0.549800796812749 0.11155378486055777 0.07569721115537849 0.06374501992031872 
0.11070110701107011 0.1881918819188192 0.17343173431734318 0.44280442804428044 0.08487084870848709 
0.07911392405063292 0.08860759493670886 0.40189873417721517 0.17405063291139242 0.2563291139240506 
0.20714285714285716 0.09285714285714286 0.08571428571428572 0.08214285714285714 0.5321428571428571 
0.5089285714285714 0.11607142857142858 0.033482142857142856 0.06696428571428571 0.27455357142857145 
0.04358974358974359 0.8384615384615385 0.035897435897435895 0.05384615384615385 0.028205128205128206 
0.7118055555555556 0.13194444444444445 0.04861111111111111 0.059027777777777776 0.04861111111111111 
0.7771812080536913 0.028187919463087248 0.024161073825503355 0.15167785234899328 0.01879194630872483 
0.5333333333333333 0.1393939393939394 0.12727272727272726 0.11515151515151516 0.08484848484848485 
0.4903100775193798 0.23449612403100775 0.044573643410852716 0.18604651162790697 0.044573643410852716 
0.02771362586605081 0.046189376443418015 0.04157043879907621 0.8521939953810623 0.03233256351039261 
0.8280467445742905 0.05342237061769616 0.041736227045075125 0.05676126878130217 0.02003338898163606 
0.0498220640569395 0.4199288256227758 0.08540925266903915 0.03914590747330961 0.40569395017793597 
0.5364891518737672 0.16173570019723865 0.08284023668639054 0.16962524654832348 0.04930966469428008 
0.7448405253283302 0.12382739212007504 0.024390243902439025 0.07317073170731707 0.03377110694183865 
0.1078838174273859 0.6970954356846473 0.06639004149377593 0.06639004149377593 0.06224066390041494 
0.6733067729083665 0.1806108897742364 0.05179282868525897 0.07702523240371846 0.017264276228419653 
0.1765625 0.5125 0.1765625 0.09375 0.040625 
0.7743142144638404 0.026184538653366583 0.026184538653366583 0.1571072319201995 0.016209476309226933 
0.5511064278187566 0.06533192834562697 0.19915700737618547 0.1327713382507903 0.051633298208640675 
0.04111111111111111 0.04 0.8311111111111111 0.06 0.027777777777777776 
0.12030075187969924 0.6616541353383458 0.09273182957393483 0.06766917293233082 0.05764411027568922 
0.43130990415335463 0.4185303514376997 0.04153354632587859 0.07028753993610223 0.038338658146964855 
0.039473684210526314 0.8486842105263158 0.05592105263157895 0.03453947368421053 0.02138157894736842 
0.12846347607052896 0.30982367758186397 0.3879093198992443 0.12594458438287154 0.04785894206549118 
0.1808066759388039 0.6446453407510431 0.06675938803894298 0.08414464534075104 0.02364394993045897 
0.13553113553113552 0.4981684981684982 0.15018315018315018 0.16117216117216118 0.054945054945054944 
0.8857381150959133 0.040033361134278564 0.027522935779816515 0.03586321934945788 0.010842368640533779 
0.5708661417322834 0.06692913385826772 0.0688976377952756 0.22244094488188976 0.07086614173228346 
0.05517241379310345 0.05517241379310345 0.03793103448275862 0.1310344827586207 0.7206896551724138 
0.18881856540084388 0.043248945147679324 0.06645569620253164 0.6518987341772152 0.049578059071729956 
0.565410199556541 0.15964523281596452 0.10864745011086474 0.11751662971175167 0.04878048780487805 
0.07158351409978309 0.44468546637744033 0.1648590021691974 0.2928416485900217 0.026030368763557483 
0.20902612826603326 0.07125890736342043 0.25653206650831356 0.39667458432304037 0.0665083135391924 
0.15571776155717762 0.12408759124087591 0.12408759124087591 0.5304136253041363 0.06569343065693431 
0.06420233463035019 0.2704280155642023 0.4688715953307393 0.16342412451361868 0.033073929961089495 
0.09544159544159544 0.045584045584045586 0.05270655270655271 0.7621082621082621 0.04415954415954416 
0.08941176470588236 0.10352941176470588 0.14823529411764705 0.5670588235294117 0.09176470588235294 
0.3469079939668175 0.04072398190045249 0.04524886877828054 0.2368024132730015 0.33031674208144796 
0.1708185053380783 0.2099644128113879 0.3238434163701068 0.25622775800711745 0.03914590747330961 
0.1771995043370508 0.46406443618339527 0.13382899628252787 0.2100371747211896 0.01486988847583643 
0.0706713780918728 0.0706713780918728 0.05653710247349823 0.053003533568904596 0.7491166077738516 
0.059880239520958084 0.5748502994011976 0.19760479041916168 0.08383233532934131 0.08383233532934131 
0.2849740932642487 0.09326424870466321 0.4015544041450777 0.15025906735751296 0.06994818652849741 
0.12931034482758622 0.6637931034482759 0.07327586206896551 0.08189655172413793 0.05172413793103448 
0.11267605633802817 0.3286384976525822 0.37089201877934275 0.09859154929577464 0.0892018779342723 
0.07220216606498195 0.6823104693140795 0.10830324909747292 0.061371841155234655 0.07581227436823104 
0.06763285024154589 0.6618357487922706 0.1111111111111111 0.0966183574879227 0.06280193236714976 
0.631578947368421 0.0804953560371517 0.034055727554179564 0.21362229102167182 0.04024767801857585 
0.7437858508604207 0.12237093690248566 0.02676864244741874 0.07839388145315487 0.028680688336520075 
0.03978779840848806 0.8594164456233422 0.029177718832891247 0.034482758620689655 0.03713527851458886 
0.16470588235294117 0.2 0.2235294117647059 0.11764705882352941 0.29411764705882354 
0.6358208955223881 0.1044776119402985 0.05373134328358209 0.15223880597014924 0.05373134328358209 
0.1728395061728395 0.41975308641975306 0.14814814814814814 0.12345679012345678 0.13580246913580246 
0.12946428571428573 0.71875 0.05357142857142857 0.044642857142857144 0.05357142857142857 
0.15979381443298968 0.4742268041237113 0.09278350515463918 0.0979381443298969 0.17525773195876287 
0.8899159663865546 0.025210084033613446 0.031092436974789917 0.04201680672268908 0.011764705882352941 
0.15966386554621848 0.09243697478991597 0.15126050420168066 0.46218487394957986 0.13445378151260504 
0.6373134328358209 0.18955223880597014 0.04328358208955224 0.1044776119402985 0.025373134328358207 
0.07575757575757576 0.08333333333333333 0.045454545454545456 0.05303030303030303 0.7424242424242424 
0.040948275862068964 0.8426724137931034 0.036637931034482756 0.04525862068965517 0.034482758620689655 
0.5949367088607594 0.18565400843881857 0.04219409282700422 0.14345991561181434 0.03375527426160337 
0.28133704735376047 0.4456824512534819 0.0807799442896936 0.12256267409470752 0.06963788300835655 
0.6379310344827587 0.10344827586206896 0.04885057471264368 0.1724137931034483 0.03735632183908046 
0.3850574712643678 0.1781609195402299 0.11494252873563218 0.10919540229885058 0.21264367816091953 
0.12345679012345678 0.12962962962962962 0.23765432098765432 0.44135802469135804 0.06790123456790123 
0.04669260700389105 0.042801556420233464 0.10505836575875487 0.05058365758754864 0.754863813229572 
0.22077922077922077 0.10822510822510822 0.45454545454545453 0.15151515151515152 0.06493506493506493 
0.11627906976744186 0.05813953488372093 0.05813953488372093 0.7054263565891473 0.06201550387596899 
0.5178571428571429 0.14583333333333334 0.08333333333333333 0.0744047619047619 0.17857142857142858 
0.06504065040650407 0.6856368563685636 0.07046070460704607 0.13821138211382114 0.04065040650406504 
0.38181818181818183 0.11515151515151516 0.10303030303030303 0.3212121212121212 0.07878787878787878 
0.045300113250283124 0.021517553793884484 0.796149490373726 0.10305775764439411 0.03397508493771234 
0.15555555555555556 0.05925925925925926 0.11481481481481481 0.6185185185185185 0.05185185185185185 
0.09406952965235174 0.06134969325153374 0.5603271983640081 0.22903885480572597 0.05521472392638037 
0.10141987829614604 0.3752535496957404 0.31643002028397565 0.07302231237322515 0.13387423935091278 
0.03877551020408163 0.48367346938775513 0.053061224489795916 0.4 0.024489795918367346 
0.22236340533672172 0.2681067344345616 0.048284625158831 0.397712833545108 0.06353240152477764 
0.5161290322580645 0.1863799283154122 0.1917562724014337 0.07168458781362007 0.034050179211469536 
0.5595667870036101 0.09386281588447654 0.10830324909747292 0.19133574007220217 0.04693140794223827 
0.10717372515125324 0.808124459809853 0.04235090751944685 0.03111495246326707 0.011235955056179775 
0.5489690721649485 0.13917525773195877 0.061855670103092786 0.211340206185567 0.03865979381443299 
0.19187600213789419 0.37520042757883487 0.20203099946552647 0.2089791555318012 0.021913415285943347 
0.061224489795918366 0.7061224489795919 0.07755102040816327 0.12040816326530612 0.03469387755102041 
0.453125 0.08333333333333333 0.18489583333333334 0.23697916666666666 0.041666666666666664 
0.022900763358778626 0.04143947655398037 0.8298800436205016 0.08287895310796074 0.022900763358778626 
0.13043478260869565 0.7652173913043478 0.034782608695652174 0.050434782608695654 0.019130434782608695 
0.5864978902953587 0.17088607594936708 0.04852320675105485 0.14767932489451477 0.046413502109704644 
0.11764705882352941 0.5588235294117647 0.09803921568627451 0.11764705882352941 0.10784313725490197 
0.7706422018348624 0.04994903160040775 0.0254841997961264 0.12538226299694188 0.02854230377166157 
0.3402777777777778 0.2048611111111111 0.08333333333333333 0.11805555555555555 0.2534722222222222 
0.061514195583596214 0.04889589905362776 0.8107255520504731 0.03943217665615142 0.03943217665615142 
0.1111111111111111 0.6470588235294118 0.0784313725490196 0.09803921568627451 0.06535947712418301 
0.10377358490566038 0.5943396226415094 0.09433962264150944 0.09433962264150944 0.11320754716981132 
0.16382252559726962 0.13310580204778158 0.04778156996587031 0.040955631399317405 0.6143344709897611 
0.17142857142857143 0.4357142857142857 0.09285714285714286 0.17857142857142858 0.12142857142857143 
0.03260869565217391 0.9255852842809364 0.01254180602006689 0.01839464882943144 0.010869565217391304 
0.11806797853309481 0.5277280858676208 0.24686940966010734 0.07871198568872988 0.028622540250447227 
0.375 0.17045454545454544 0.11363636363636363 0.14772727272727273 0.19318181818181818 
0.09811320754716982 0.04905660377358491 0.06792452830188679 0.05660377358490566 0.7283018867924528 
0.1357142857142857 0.047619047619047616 0.18571428571428572 0.32857142857142857 0.30238095238095236 
0.6398467432950191 0.07662835249042145 0.08045977011494253 0.11877394636015326 0.0842911877394636 
0.11650485436893204 0.5631067961165048 0.10679611650485436 0.10679611650485436 0.10679611650485436 
0.07766990291262135 0.24029126213592233 0.4975728155339806 0.1383495145631068 0.04611650485436893 
0.12093023255813953 0.386046511627907 0.3209302325581395 0.08837209302325581 0.08372093023255814 
0.1299638989169675 0.05415162454873646 0.04332129963898917 0.061371841155234655 0.7111913357400722 
0.21888412017167383 0.47639484978540775 0.13948497854077252 0.11587982832618025 0.04935622317596566 
0.06181818181818182 0.05818181818181818 0.03636363636363636 0.12 0.7236363636363636 
0.3568181818181818 0.056818181818181816 0.2840909090909091 0.26136363636363635 0.04090909090909091 
0.03418803418803419 0.050061050061050064 0.045177045177045176 0.8388278388278388 0.031746031746031744 
0.6743589743589744 0.14871794871794872 0.046153846153846156 0.1 0.03076923076923077 
0.17083333333333334 0.0625 0.07916666666666666 0.6041666666666666 0.08333333333333333 
0.06521739130434782 0.7043478260869566 0.0782608695652174 0.07391304347826087 0.0782608695652174 
0.052132701421800945 0.7867298578199052 0.052132701421800945 0.061611374407582936 0.04739336492890995 
0.5779467680608364 0.09885931558935361 0.11787072243346007 0.13688212927756654 0.06844106463878327 
0.08666100254885302 0.33984706881903143 0.4511469838572642 0.10365335598980459 0.018691588785046728 
0.1277533039647577 0.09691629955947137 0.4713656387665198 0.14977973568281938 0.15418502202643172 
0.0951219512195122 0.4 0.04390243902439024 0.05121951219512195 0.4097560975609756 
0.5785997357992074 0.10171730515191546 0.17040951122853368 0.12549537648612946 0.023778071334214 
0.10752688172043011 0.06810035842293907 0.03942652329749104 0.05017921146953405 0.7347670250896058 
0.39461883408071746 0.452914798206278 0.03736920777279522 0.07772795216741404 0.03736920777279522 
0.28678839957035446 0.3501611170784103 0.050483351235230935 0.07089151450053706 0.24167561761546724 
0.1916342412451362 0.10311284046692606 0.07684824902723736 0.580739299610895 0.047665369649805445 
0.06640625 0.05078125 0.05078125 0.046875 0.78515625 
0.023121387283236993 0.02601156069364162 0.9060693641618497 0.02023121387283237 0.024566473988439308 
0.05891016200294551 0.4742268041237113 0.07658321060382917 0.3755522827687776 0.014727540500736377 
0.08870967741935484 0.6451612903225806 0.08064516129032258 0.08870967741935484 0.0967741935483871 
0.11420612813370473 0.532033426183844 0.0807799442896936 0.24233983286908078 0.03064066852367688 
0.6958456973293768 0.1572700296735905 0.04451038575667656 0.08456973293768547 0.017804154302670624 
0.03731343283582089 0.05223880597014925 0.15298507462686567 0.048507462686567165 0.7089552238805971 
0.28370786516853935 0.05898876404494382 0.08146067415730338 0.5140449438202247 0.06179775280898876 
0.6789667896678967 0.08118081180811808 0.07011070110701106 0.12177121771217712 0.04797047970479705 
0.04920767306088407 0.9057547956630525 0.01751459549624687 0.014178482068390326 0.013344453711426188 
0.08996212121212122 0.8134469696969697 0.04071969696969697 0.04450757575757576 0.011363636363636364 
0.034482758620689655 0.8201970443349754 0.0665024630541872 0.04433497536945813 0.034482758620689655 
0.05172413793103448 0.8103448275862069 0.041379310344827586 0.041379310344827586 0.05517241379310345 
0.03469387755102041 0.5040816326530613 0.06938775510204082 0.3693877551020408 0.022448979591836733 
0.675 0.1673076923076923 0.07307692307692308 0.04038461538461539 0.04423076923076923 
0.4767726161369193 0.07334963325183375 0.06356968215158924 0.15403422982885084 0.23227383863080683 
0.46794871794871795 0.16666666666666666 0.08333333333333333 0.16666666666666666 0.11538461538461539 
0.08728943338437979 0.04134762633996937 0.0903522205206738 0.7519142419601837 0.02909647779479326 
0.05185185185185185 0.28444444444444444 0.4562962962962963 0.1837037037037037 0.023703703703703703 
0.1837571780147662 0.14848236259228875 0.16078753076292043 0.4807219031993437 0.026251025430680888 
0.7927063339731286 0.053742802303262956 0.08061420345489444 0.044145873320537425 0.028790786948176585 
0.078125 0.7604166666666666 0.052083333333333336 0.057291666666666664 0.052083333333333336 
0.09541984732824428 0.07633587786259542 0.5763358778625954 0.1183206106870229 0.13358778625954199 
0.041237113402061855 0.054982817869415807 0.14776632302405499 0.048109965635738834 0.7079037800687286 
0.02951096121416526 0.9308600337268128 0.01517706576728499 0.01517706576728499 0.00927487352445194 
0.16382252559726962 0.1296928327645051 0.040955631399317405 0.05802047781569966 0.6075085324232082 
0.36007462686567165 0.40671641791044777 0.07182835820895522 0.13805970149253732 0.02332089552238806 
0.04830917874396135 0.7101449275362319 0.10869565217391304 0.0821256038647343 0.050724637681159424 
0.715625 0.1375 0.05625 0.04375 0.046875 
0.38461538461538464 0.047619047619047616 0.08791208791208792 0.2271062271062271 0.25274725274725274 
0.45072992700729925 0.05170316301703163 0.025547445255474453 0.11496350364963503 0.3570559610705596 
0.1388888888888889 0.13194444444444445 0.04513888888888889 0.059027777777777776 0.625 
0.1504424778761062 0.40707964601769914 0.1504424778761062 0.11504424778761062 0.17699115044247787 
0.7151248164464024 0.049926578560939794 0.041116005873715125 0.1395007342143906 0.05433186490455213 
0.045454545454545456 0.06818181818181818 0.10984848484848485 0.056818181818181816 0.7196969696969697 
0.1568627450980392 0.5882352941176471 0.0784313725490196 0.09803921568627451 0.0784313725490196 
0.3903345724907063 0.4052044609665427 0.055762081784386616 0.09665427509293681 0.05204460966542751 
0.0625 0.3721590909090909 0.2585227272727273 0.2585227272727273 0.048295454545454544 
0.15079365079365079 0.5476190476190477 0.06613756613756613 0.20105820105820105 0.03439153439153439 
0.7574626865671642 0.08395522388059702 0.09514925373134328 0.04291044776119403 0.020522388059701493 
0.2421875 0.08072916666666667 0.10677083333333333 0.18229166666666666 0.3880208333333333 
0.04693140794223827 0.8231046931407943 0.04332129963898917 0.04693140794223827 0.039711191335740074 
0.13773584905660377 0.7584905660377359 0.035849056603773584 0.04905660377358491 0.018867924528301886 
0.05106382978723404 0.7702127659574468 0.05531914893617021 0.05531914893617021 0.06808510638297872 
0.7130681818181818 0.04261363636363636 0.12357954545454546 0.08522727272727272 0.03551136363636364 
0.14225941422594143 0.6652719665271967 0.06694560669456066 0.0794979079497908 0.04602510460251046 
0.15137614678899083 0.1834862385321101 0.22935779816513763 0.21788990825688073 0.21788990825688073 
0.5154185022026432 0.12334801762114538 0.06607929515418502 0.19823788546255505 0.09691629955947137 
0.045112781954887216 0.041353383458646614 0.03759398496240601 0.13157894736842105 0.7443609022556391 
0.07175925925925926 0.7314814814814815 0.05787037037037037 0.1087962962962963 0.03009259259259259 
0.6628787878787878 0.13257575757575757 0.06439393939393939 0.07954545454545454 0.06060606060606061 
0.28651685393258425 0.4353932584269663 0.06741573033707865 0.1348314606741573 0.07584269662921349 
0.36 0.168 0.168 0.16 0.144 
0.18773946360153257 0.1111111111111111 0.4674329501915709 0.1417624521072797 0.09195402298850575 
0.09424083769633508 0.08900523560209424 0.13089005235602094 0.2670157068062827 0.418848167539267 
0.03773584905660377 0.05660377358490566 0.07924528301886792 0.04905660377358491 0.7773584905660378 
0.046703296703296704 0.8296703296703297 0.03571428571428571 0.0673076923076923 0.020604395604395604 
0.12630208333333334 0.54296875 0.21419270833333334 0.099609375 0.016927083333333332 
0.303475935828877 0.232620320855615 0.17780748663101603 0.22459893048128343 0.06149732620320856 
0.08771929824561403 0.2046783625730994 0.5263157894736842 0.11695906432748537 0.06432748538011696 
