0.12680115273775217 0.08069164265129683 0.6829971181556196 0.05763688760806916 0.05187319884726225 
0.11363636363636363 0.7024793388429752 0.047520661157024795 0.04338842975206612 0.09297520661157024 
0.12214166201896264 0.23368655883993308 0.34467373117679867 0.026770775237032907 0.2727272727272727 
0.03488372093023256 0.03488372093023256 0.05149501661129568 0.018272425249169437 0.8604651162790697 
0.13768115942028986 0.14130434782608695 0.42028985507246375 0.043478260869565216 0.2572463768115942 
0.047619047619047616 0.06746031746031746 0.05555555555555555 0.7738095238095238 0.05555555555555555 
0.08981001727115717 0.06217616580310881 0.7374784110535406 0.055267702936096716 0.055267702936096716 
0.1830238726790451 0.11140583554376658 0.5384615384615384 0.06896551724137931 0.09814323607427056 
0.06515151515151515 0.803030303030303 0.04090909090909091 0.019696969696969695 0.07121212121212121 
0.14835164835164835 0.14835164835164835 0.3131868131868132 0.07692307692307693 0.3131868131868132 
0.09195402298850575 0.07471264367816093 0.09770114942528736 0.05747126436781609 0.6781609195402298 
0.2094240837696335 0.4607329842931937 0.07329842931937172 0.08900523560209424 0.16753926701570682 
0.21766561514195584 0.05993690851735016 0.526813880126183 0.08201892744479496 0.11356466876971609 
0.07931034482758621 0.06206896551724138 0.10689655172413794 0.041379310344827586 0.7103448275862069 
0.09375 0.13541666666666666 0.3984375 0.026041666666666668 0.3463541666666667 
0.09433962264150944 0.1320754716981132 0.08176100628930817 0.06918238993710692 0.6226415094339622 
0.14810690423162584 0.15924276169265034 0.5579064587973274 0.03897550111358575 0.0957683741648107 
0.284789644012945 0.459546925566343 0.1423948220064725 0.06472491909385113 0.04854368932038835 
0.11646586345381527 0.05622489959839357 0.040160642570281124 0.7469879518072289 0.040160642570281124 
0.13138686131386862 0.43795620437956206 0.16058394160583941 0.12408759124087591 0.145985401459854 
0.452914798206278 0.2600896860986547 0.16442451420029897 0.03587443946188341 0.08669656203288491 
0.577634011090573 0.14972273567467653 0.08502772643253234 0.027726432532347505 0.1598890942698706 
0.050505050505050504 0.8333333333333334 0.04882154882154882 0.021885521885521887 0.045454545454545456 
0.04215456674473068 0.0351288056206089 0.03278688524590164 0.02810304449648712 0.8618266978922716 
0.15938303341902313 0.06426735218508997 0.4267352185089974 0.29048843187660667 0.05912596401028278 
0.12432432432432433 0.0972972972972973 0.2918918918918919 0.10810810810810811 0.3783783783783784 
0.5323308270676692 0.14586466165413534 0.17593984962406015 0.039097744360902256 0.10676691729323308 
0.2087912087912088 0.08241758241758242 0.46153846153846156 0.13186813186813187 0.11538461538461539 
0.15384615384615385 0.21678321678321677 0.44405594405594406 0.09090909090909091 0.0944055944055944 
0.11764705882352941 0.4988235294117647 0.23058823529411765 0.058823529411764705 0.09411764705882353 
0.16789396170839468 0.060382916053019146 0.1796759941089838 0.016200294550810016 0.5758468335787923 
0.05865921787709497 0.10335195530726257 0.44972067039106145 0.027932960893854747 0.36033519553072624 
0.07801418439716312 0.2730496453900709 0.06382978723404255 0.03900709219858156 0.5460992907801419 
0.12296983758700696 0.6380510440835266 0.07888631090487239 0.03944315545243619 0.12064965197215777 
0.1795774647887324 0.15845070422535212 0.43661971830985913 0.15140845070422534 0.07394366197183098 
0.1721132897603486 0.16775599128540306 0.22657952069716775 0.3681917211328976 0.06535947712418301 
0.1065891472868217 0.0562015503875969 0.7170542635658915 0.06395348837209303 0.0562015503875969 
0.039568345323741004 0.10251798561151079 0.039568345323741004 0.017985611510791366 0.8003597122302158 
0.5371775417298937 0.19575113808801214 0.13353566009104703 0.07738998482549317 0.05614567526555387 
0.1404494382022472 0.42696629213483145 0.07865168539325842 0.06179775280898876 0.29213483146067415 
0.14685314685314685 0.46503496503496505 0.13986013986013987 0.09090909090909091 0.15734265734265734 
0.5 0.23404255319148937 0.05851063829787234 0.0851063829787234 0.12234042553191489 
0.08936170212765958 0.7404255319148936 0.04680851063829787 0.029787234042553193 0.09361702127659574 
0.12213740458015267 0.1272264631043257 0.40966921119592875 0.03816793893129771 0.30279898218829515 
0.08823529411764706 0.08823529411764706 0.08235294117647059 0.06470588235294118 0.6764705882352942 
0.06983240223463687 0.12569832402234637 0.4329608938547486 0.0335195530726257 0.33798882681564246 
0.06504065040650407 0.052845528455284556 0.04065040650406504 0.7804878048780488 0.06097560975609756 
0.7635542168674698 0.13102409638554216 0.0286144578313253 0.045180722891566265 0.03162650602409638 
0.09259259259259259 0.10648148148148148 0.12037037037037036 0.3101851851851852 0.37037037037037035 
0.0821256038647343 0.15458937198067632 0.41304347826086957 0.026570048309178744 0.32367149758454106 
0.1493099121706399 0.6110414052697616 0.13174404015056462 0.03638644918444166 0.07151819322459223 
0.07386363636363637 0.14204545454545456 0.09090909090909091 0.1590909090909091 0.5340909090909091 
0.04285714285714286 0.07142857142857142 0.03571428571428571 0.039285714285714285 0.8107142857142857 
0.04871060171919771 0.10315186246418338 0.07736389684813753 0.05730659025787966 0.7134670487106017 
0.13703703703703704 0.6 0.1037037037037037 0.05185185185185185 0.10740740740740741 
0.10810810810810811 0.35135135135135137 0.16216216216216217 0.14189189189189189 0.23648648648648649 
0.8521046643913538 0.038680318543799774 0.040955631399317405 0.019340159271899887 0.048919226393629126 
0.6385542168674698 0.15060240963855423 0.07228915662650602 0.04216867469879518 0.0963855421686747 
0.05 0.06785714285714285 0.09642857142857143 0.7107142857142857 0.075 
0.0798004987531172 0.16458852867830423 0.1745635910224439 0.0399002493765586 0.5411471321695761 
0.05791505791505792 0.032175032175032175 0.02702702702702703 0.015444015444015444 0.8674388674388674 
0.12371134020618557 0.41237113402061853 0.1958762886597938 0.10309278350515463 0.16494845360824742 
0.11702127659574468 0.10638297872340426 0.14893617021276595 0.1276595744680851 0.5 
0.05019305019305019 0.05791505791505792 0.06563706563706563 0.7644787644787645 0.06177606177606178 
0.5796178343949044 0.1751592356687898 0.12101910828025478 0.05732484076433121 0.06687898089171974 
0.051470588235294115 0.0625 0.051470588235294115 0.7941176470588235 0.04044117647058824 
0.12141280353200883 0.05739514348785872 0.18984547461368653 0.052980132450331126 0.5783664459161147 
0.12884615384615383 0.6557692307692308 0.04230769230769231 0.051923076923076926 0.12115384615384615 
0.12761020881670534 0.14617169373549885 0.08120649651972157 0.07192575406032482 0.5730858468677494 
0.11155378486055777 0.21912350597609562 0.11155378486055777 0.05179282868525897 0.5059760956175299 
0.3837638376383764 0.17343173431734318 0.2177121771217712 0.06642066420664207 0.15867158671586715 
0.12658227848101267 0.06645569620253164 0.2626582278481013 0.43354430379746833 0.11075949367088607 
0.07142857142857142 0.2892857142857143 0.075 0.48214285714285715 0.08214285714285714 
0.09151785714285714 0.734375 0.03794642857142857 0.03571428571428571 0.10044642857142858 
0.046153846153846156 0.03333333333333333 0.038461538461538464 0.03333333333333333 0.8487179487179487 
0.10069444444444445 0.6736111111111112 0.059027777777777776 0.059027777777777776 0.1076388888888889 
0.13557046979865772 0.774496644295302 0.04563758389261745 0.01879194630872483 0.025503355704697986 
0.12121212121212122 0.5212121212121212 0.18181818181818182 0.07878787878787878 0.09696969696969697 
0.23255813953488372 0.4496124031007752 0.05426356589147287 0.029069767441860465 0.23449612403100775 
0.8614318706697459 0.04157043879907621 0.03926096997690531 0.025404157043879907 0.03233256351039261 
0.05843071786310518 0.8363939899833055 0.05342237061769616 0.02003338898163606 0.03171953255425709 
0.05338078291814947 0.046263345195729534 0.0498220640569395 0.4377224199288256 0.4128113879003559 
0.16568047337278108 0.5207100591715976 0.11637080867850098 0.03155818540433925 0.16568047337278108 
0.07879924953095685 0.7410881801125704 0.03564727954971857 0.0225140712945591 0.12195121951219512 
0.058091286307053944 0.12033195020746888 0.05394190871369295 0.07053941908713693 0.6970954356846473 
0.09561752988047809 0.6361221779548473 0.04648074369189907 0.025232403718459494 0.19654714475431606 
0.1046875 0.1734375 0.1609375 0.0453125 0.515625 
0.12344139650872818 0.7830423940149626 0.04987531172069826 0.0199501246882793 0.02369077306733167 
0.12961011591148577 0.5026343519494204 0.21707060063224448 0.08429926238145416 0.06638566912539515 
0.04555555555555556 0.08 0.7933333333333333 0.03111111111111111 0.05 
0.16040100250626566 0.07268170426065163 0.08521303258145363 0.03508771929824561 0.6466165413533834 
0.04792332268370607 0.4728434504792332 0.03035143769968051 0.020766773162939296 0.4281150159744409 
0.03618421052631579 0.04111842105263158 0.046052631578947366 0.02631578947368421 0.850328947368421 
0.14609571788413098 0.09571788413098237 0.40554156171284633 0.05289672544080604 0.29974811083123426 
0.17941585535465926 0.14673157162726008 0.061196105702364396 0.02920723226703755 0.5834492350486787 
0.1391941391941392 0.1282051282051282 0.13186813186813187 0.0695970695970696 0.5311355311355311 
0.061718098415346125 0.859883236030025 0.042535446205170975 0.010842368640533779 0.025020850708924104 
0.25984251968503935 0.5748031496062992 0.051181102362204724 0.0610236220472441 0.0531496062992126 
0.13793103448275862 0.05172413793103448 0.03793103448275862 0.7172413793103448 0.05517241379310345 
0.6265822784810127 0.1930379746835443 0.12025316455696203 0.028481012658227847 0.03164556962025317 
0.15077605321507762 0.5476718403547672 0.13303769401330376 0.031042128603104215 0.13747228381374724 
0.11062906724511931 0.0737527114967462 0.2299349240780911 0.04121475054229935 0.544468546637744 
0.45605700712589076 0.17339667458432304 0.21377672209026127 0.09501187648456057 0.06175771971496437 
0.36739659367396593 0.27007299270072993 0.13381995133819952 0.09002433090024331 0.1386861313868613 
0.15953307392996108 0.0622568093385214 0.4688715953307393 0.023346303501945526 0.28599221789883267 
0.7222222222222222 0.1111111111111111 0.0641025641025641 0.029914529914529916 0.07264957264957266 
0.5952941176470589 0.10588235294117647 0.10588235294117647 0.12705882352941175 0.06588235294117648 
0.248868778280543 0.416289592760181 0.05580693815987934 0.2277526395173454 0.05128205128205128 
0.12455516014234876 0.16725978647686832 0.398576512455516 0.046263345195729534 0.26334519572953735 
0.14869888475836432 0.1926889714993804 0.13073110285006195 0.026022304832713755 0.5018587360594795 
0.04946996466431095 0.10247349823321555 0.0636042402826855 0.734982332155477 0.04946996466431095 
0.0658682634730539 0.0658682634730539 0.1497005988023952 0.0718562874251497 0.6467065868263473 
0.11398963730569948 0.23834196891191708 0.41968911917098445 0.10362694300518134 0.12435233160621761 
0.04310344827586207 0.15948275862068967 0.04310344827586207 0.05172413793103448 0.7025862068965517 
0.09859154929577464 0.12206572769953052 0.3427230046948357 0.07511737089201878 0.3615023474178404 
0.07942238267148015 0.07220216606498195 0.08664259927797834 0.04693140794223827 0.7148014440433214 
0.07729468599033816 0.0821256038647343 0.0966183574879227 0.057971014492753624 0.6859903381642513 
0.16718266253869968 0.6470588235294118 0.058823529411764705 0.06191950464396285 0.06501547987616099 
0.09560229445506692 0.7533460803059273 0.032504780114722756 0.022944550669216062 0.09560229445506692 
0.042440318302387266 0.03978779840848806 0.04774535809018567 0.029177718832891247 0.8408488063660478 
0.17647058823529413 0.2 0.11764705882352941 0.2823529411764706 0.2235294117647059 
0.1701492537313433 0.6268656716417911 0.06865671641791045 0.06567164179104477 0.06865671641791045 
0.13580246913580246 0.1728395061728395 0.16049382716049382 0.12345679012345678 0.4074074074074074 
0.044642857142857144 0.12946428571428573 0.05357142857142857 0.049107142857142856 0.7232142857142857 
0.06701030927835051 0.1134020618556701 0.10309278350515463 0.14948453608247422 0.5670103092783505 
0.05630252100840336 0.8722689075630252 0.03529411764705882 0.011764705882352941 0.024369747899159664 
0.4369747899159664 0.13445378151260504 0.16806722689075632 0.1092436974789916 0.15126050420168066 
0.08059701492537313 0.6328358208955224 0.09104477611940298 0.023880597014925373 0.17164179104477612 
0.04924242424242424 0.09090909090909091 0.04924242424242424 0.7348484848484849 0.07575757575757576 
0.05603448275862069 0.032327586206896554 0.03017241379310345 0.03017241379310345 0.8512931034482759 
0.09282700421940929 0.5886075949367089 0.07805907172995781 0.0379746835443038 0.20253164556962025 
0.12534818941504178 0.25348189415041783 0.07799442896935933 0.055710306406685235 0.48746518105849584 
0.14942528735632185 0.6551724137931034 0.05747126436781609 0.04310344827586207 0.09482758620689655 
0.14942528735632185 0.3850574712643678 0.13218390804597702 0.16091954022988506 0.1724137931034483 
0.2839506172839506 0.1697530864197531 0.3395061728395062 0.09259259259259259 0.11419753086419752 
0.058365758754863814 0.038910505836575876 0.08560311284046693 0.77431906614786 0.042801556420233464 
0.12554112554112554 0.13852813852813853 0.4458874458874459 0.09523809523809523 0.19480519480519481 
0.6408268733850129 0.1511627906976744 0.07881136950904392 0.059431524547803614 0.06976744186046512 
0.09523809523809523 0.6458333333333334 0.09523809523809523 0.041666666666666664 0.12202380952380952 
0.07859078590785908 0.07859078590785908 0.04336043360433604 0.06775067750677506 0.7317073170731707 
0.23636363636363636 0.4 0.09090909090909091 0.14545454545454545 0.12727272727272726 
0.08154020385050963 0.03737259343148358 0.8131370328425821 0.03850509626274066 0.02944507361268403 
0.6777777777777778 0.1 0.08888888888888889 0.06666666666666667 0.06666666666666667 
0.25153374233128833 0.06339468302658487 0.5766871165644172 0.05725971370143149 0.05112474437627812 
0.07910750507099391 0.1744421906693712 0.29006085192697767 0.05476673427991886 0.40162271805273836 
0.1836734693877551 0.04897959183673469 0.11020408163265306 0.026530612244897958 0.6306122448979592 
0.2681067344345616 0.17153748411689962 0.062261753494282084 0.21982210927573062 0.2782719186785261 
0.12186379928315412 0.5394265232974911 0.13978494623655913 0.044802867383512544 0.15412186379928317 
0.16967509025270758 0.5703971119133574 0.07942238267148015 0.061371841155234655 0.11913357400722022 
0.03802938634399308 0.06395851339671564 0.037165082108902334 0.012100259291270527 0.8487467588591184 
0.25 0.4793814432989691 0.06958762886597938 0.02577319587628866 0.17525773195876287 
0.17530732228754678 0.21485836451095672 0.20096205237840728 0.022982362373062535 0.38588989845002675 
0.1653061224489796 0.07959183673469387 0.08163265306122448 0.05510204081632653 0.6183673469387755 
0.11197916666666667 0.484375 0.24479166666666666 0.06510416666666667 0.09375 
0.10141766630316248 0.030534351145038167 0.8026172300981461 0.028353326063249727 0.03707742639040349 
0.05217391304347826 0.0817391304347826 0.03130434782608696 0.020869565217391306 0.8139130434782609 
0.10337552742616034 0.5780590717299579 0.07805907172995781 0.027426160337552744 0.21308016877637131 
0.09803921568627451 0.11764705882352941 0.11764705882352941 0.10784313725490197 0.5588235294117647 
0.12028542303771661 0.7828746177370031 0.03873598369011213 0.024464831804281346 0.03363914373088685 
0.2013888888888889 0.3298611111111111 0.09375 0.2048611111111111 0.1701388888888889 
0.04258675078864353 0.050473186119873815 0.805993690851735 0.06466876971608833 0.03627760252365931 
0.10457516339869281 0.1568627450980392 0.0784313725490196 0.06535947712418301 0.5947712418300654 
0.09433962264150944 0.10377358490566038 0.10377358490566038 0.10377358490566038 0.5943396226415094 
0.04778156996587031 0.726962457337884 0.05460750853242321 0.034129692832764506 0.13651877133105803 
0.08571428571428572 0.17857142857142858 0.10714285714285714 0.12142857142857143 0.5071428571428571 
0.6028428093645485 0.01588628762541806 0.01588628762541806 0.011705685618729096 0.3536789297658863 
0.07334525939177101 0.11270125223613596 0.26475849731663686 0.026833631484794274 0.5223613595706619 
0.1875 0.2727272727272727 0.10795454545454546 0.2215909090909091 0.21022727272727273 
0.06037735849056604 0.1018867924528302 0.05660377358490566 0.7396226415094339 0.04150943396226415 
0.2571428571428571 0.1 0.25952380952380955 0.32857142857142857 0.05476190476190476 
0.13793103448275862 0.6628352490421456 0.06896551724137931 0.07279693486590039 0.05747126436781609 
0.0970873786407767 0.0970873786407767 0.0970873786407767 0.0970873786407767 0.6116504854368932 
0.12864077669902912 0.06796116504854369 0.5072815533980582 0.038834951456310676 0.25728155339805825 
0.11627906976744186 0.10232558139534884 0.3627906976744186 0.06976744186046512 0.3488372093023256 
0.04693140794223827 0.1444043321299639 0.04693140794223827 0.7184115523465704 0.04332129963898917 
0.09871244635193133 0.1630901287553648 0.22317596566523606 0.05793991416309013 0.4570815450643777 
0.12727272727272726 0.08 0.04 0.6909090909090909 0.06181818181818182 
0.17045454545454544 0.32954545454545453 0.3568181818181818 0.0659090909090909 0.07727272727272727 
0.8376068376068376 0.03785103785103785 0.06593406593406594 0.020757020757020756 0.03785103785103785 
0.06153846153846154 0.7051282051282052 0.0641025641025641 0.028205128205128206 0.14102564102564102 
0.4708333333333333 0.24583333333333332 0.09166666666666666 0.1 0.09166666666666666 
0.14782608695652175 0.05652173913043478 0.08260869565217391 0.043478260869565216 0.6695652173913044 
0.05687203791469194 0.05687203791469194 0.05687203791469194 0.05687203791469194 0.7725118483412322 
0.1482889733840304 0.5779467680608364 0.13688212927756654 0.057034220532319393 0.07984790874524715 
0.10365335598980459 0.06711979609175871 0.43755310110450296 0.026338147833474938 0.3653355989804588 
0.09691629955947137 0.0881057268722467 0.5903083700440529 0.1013215859030837 0.12334801762114538 
0.04390243902439024 0.3097560975609756 0.05121951219512195 0.03902439024390244 0.5560975609756098 
0.1571994715984148 0.5561426684280053 0.15323645970937913 0.031704095112285335 0.10171730515191546 
0.05734767025089606 0.0931899641577061 0.043010752688172046 0.7383512544802867 0.06810035842293907 
0.05829596412556054 0.4334828101644245 0.03139013452914798 0.03288490284005979 0.4439461883408072 
0.05907626208378088 0.3104189044038668 0.05692803437164339 0.2513426423200859 0.322234156820623 
0.193579766536965 0.20622568093385213 0.0933852140077821 0.37062256809338523 0.13618677042801555 
0.0625 0.06640625 0.046875 0.7734375 0.05078125 
0.033236994219653176 0.02601156069364162 0.8786127167630058 0.030346820809248554 0.031791907514450865 
0.17673048600883653 0.039764359351988215 0.187039764359352 0.016200294550810016 0.5802650957290133 
0.08870967741935484 0.14516129032258066 0.08064516129032258 0.08870967741935484 0.5967741935483871 
0.1392757660167131 0.15041782729805014 0.06963788300835655 0.06128133704735376 0.5793871866295265 
0.06973293768545995 0.6676557863501483 0.07418397626112759 0.025222551928783383 0.1632047477744807 
0.04477611940298507 0.03731343283582089 0.12686567164179105 0.7238805970149254 0.06716417910447761 
0.5393258426966292 0.24157303370786518 0.10393258426966293 0.0449438202247191 0.0702247191011236 
0.11070110701107011 0.6937269372693727 0.04797047970479705 0.06273062730627306 0.08487084870848709 
0.6055045871559633 0.0158465387823186 0.014178482068390326 0.010008340283569641 0.35446205170975814 
0.058712121212121215 0.06534090909090909 0.045454545454545456 0.016098484848484848 0.8143939393939394 
0.034482758620689655 0.034482758620689655 0.06403940886699508 0.03694581280788178 0.8300492610837439 
0.041379310344827586 0.05862068965517241 0.034482758620689655 0.03793103448275862 0.8275862068965517 
0.18775510204081633 0.06938775510204082 0.09795918367346938 0.024489795918367346 0.6204081632653061 
0.1 0.6519230769230769 0.05 0.03653846153846154 0.16153846153846155 
0.10757946210268948 0.6577017114914425 0.06356968215158924 0.10513447432762836 0.06601466992665037 
0.16666666666666666 0.5256410256410257 0.09615384615384616 0.08333333333333333 0.1282051282051282 
0.72052067381317 0.09418070444104135 0.12557427258805512 0.02986217457886677 0.02986217457886677 
0.15703703703703703 0.06074074074074074 0.46814814814814815 0.022222222222222223 0.29185185185185186 
0.2649712879409352 0.2018047579983593 0.3675143560295324 0.018867924528301886 0.1468416735028712 
0.0345489443378119 0.7715930902111324 0.10556621880998081 0.0345489443378119 0.053742802303262956 
0.057291666666666664 0.0625 0.0625 0.052083333333333336 0.765625 
0.16793893129770993 0.07251908396946564 0.5381679389312977 0.1297709923664122 0.0916030534351145 
0.05154639175257732 0.037800687285223365 0.14432989690721648 0.718213058419244 0.048109965635738834 
0.6070826306913997 0.021079258010118045 0.01517706576728499 0.008431703204047217 0.3482293423271501 
0.04778156996587031 0.7064846416382252 0.06484641638225255 0.03754266211604096 0.14334470989761092 
0.15111940298507462 0.3376865671641791 0.08861940298507463 0.026119402985074626 0.396455223880597 
0.10144927536231885 0.05555555555555555 0.08695652173913043 0.050724637681159424 0.7053140096618358 
0.08125 0.690625 0.053125 0.05625 0.11875 
0.22344322344322345 0.358974358974359 0.0989010989010989 0.2490842490842491 0.0695970695970696 
0.11313868613138686 0.7664233576642335 0.041970802919708027 0.023114355231143552 0.05535279805352798 
0.05555555555555555 0.71875 0.052083333333333336 0.03819444444444445 0.13541666666666666 
0.13274336283185842 0.18584070796460178 0.1504424778761062 0.1592920353982301 0.37168141592920356 
0.15418502202643172 0.7048458149779736 0.04552129221732746 0.0381791483113069 0.05726872246696035 
0.04924242424242424 0.041666666666666664 0.09090909090909091 0.7386363636363636 0.07954545454545454 
0.1111111111111111 0.10457516339869281 0.0784313725490196 0.06535947712418301 0.6405228758169934 
0.08178438661710037 0.3308550185873606 0.06319702602230483 0.055762081784386616 0.4684014869888476 
0.20454545454545456 0.06534090909090909 0.2159090909090909 0.04261363636363636 0.4715909090909091 
0.15343915343915343 0.1164021164021164 0.06878306878306878 0.05555555555555555 0.6058201058201058 
0.05037313432835821 0.7705223880597015 0.11567164179104478 0.024253731343283583 0.03917910447761194 
0.14583333333333334 0.203125 0.140625 0.4296875 0.08072916666666667 
0.05054151624548736 0.05776173285198556 0.04693140794223827 0.039711191335740074 0.8050541516245487 
0.03207547169811321 0.10754716981132076 0.026415094339622643 0.022641509433962263 0.8113207547169812 
0.04680851063829787 0.059574468085106386 0.04680851063829787 0.059574468085106386 0.7872340425531915 
0.07954545454545454 0.7301136363636364 0.10369318181818182 0.045454545454545456 0.041193181818181816 
0.0502092050209205 0.12552301255230125 0.04184100418410042 0.0502092050209205 0.7322175732217573 
0.286697247706422 0.19954128440366972 0.19495412844036697 0.19036697247706422 0.12844036697247707 
0.18061674008810572 0.5286343612334802 0.07048458149779736 0.0881057268722467 0.13215859030837004 
0.11278195488721804 0.05263157894736842 0.045112781954887216 0.7481203007518797 0.041353383458646614 
0.06481481481481481 0.06018518518518518 0.06712962962962964 0.041666666666666664 0.7662037037037037 
0.07196969696969698 0.696969696969697 0.07196969696969698 0.041666666666666664 0.11742424242424243 
0.11235955056179775 0.18820224719101122 0.11797752808988764 0.06460674157303371 0.5168539325842697 
0.208 0.336 0.192 0.104 0.16 
0.13026819923371646 0.15708812260536398 0.48659003831417624 0.08812260536398467 0.13793103448275862 
0.2670157068062827 0.16753926701570682 0.1099476439790576 0.39267015706806285 0.06282722513089005 
0.04150943396226415 0.04905660377358491 0.045283018867924525 0.7962264150943397 0.06792452830188679 
0.07005494505494506 0.03159340659340659 0.019230769230769232 0.013736263736263736 0.8653846153846154 
0.109375 0.11979166666666667 0.23372395833333334 0.012369791666666666 0.5247395833333334 
0.16042780748663102 0.32620320855614976 0.2286096256684492 0.07887700534759358 0.20588235294117646 
0.08187134502923976 0.13450292397660818 0.5321637426900585 0.0935672514619883 0.15789473684210525 
