0.5682451253481894 0.12813370473537605 0.07242339832869081 0.08913649025069638 0.14206128133704735 
0.035269709543568464 0.07883817427385892 0.31950207468879666 0.475103734439834 0.0912863070539419 
0.022900763358778626 0.3042529989094875 0.1406761177753544 0.1821155943293348 0.3500545256270447 
0.023178807947019868 0.8559602649006622 0.03642384105960265 0.052980132450331126 0.03145695364238411 
0.08487084870848709 0.1992619926199262 0.1992619926199262 0.12177121771217712 0.3948339483394834 
0.8050541516245487 0.04693140794223827 0.05054151624548736 0.05054151624548736 0.04693140794223827 
0.5627118644067797 0.06271186440677966 0.09661016949152543 0.07627118644067797 0.2016949152542373 
0.41025641025641024 0.14102564102564102 0.08461538461538462 0.08461538461538462 0.2794871794871795 
0.01859799713876967 0.045779685264663805 0.8540772532188842 0.04148783977110158 0.04005722460658083 
0.19298245614035087 0.2807017543859649 0.12280701754385964 0.1286549707602339 0.27485380116959063 
0.07647058823529412 0.6470588235294118 0.07058823529411765 0.1 0.10588235294117647 
0.06077348066298342 0.20441988950276244 0.1878453038674033 0.3425414364640884 0.20441988950276244 
0.2282958199356913 0.12540192926045016 0.12540192926045016 0.17041800643086816 0.3504823151125402 
0.075 0.6964285714285714 0.08928571428571429 0.06785714285714285 0.07142857142857142 
0.03875968992248062 0.3462532299741602 0.06976744186046512 0.13178294573643412 0.4134366925064599 
0.0759493670886076 0.6139240506329114 0.10759493670886076 0.12025316455696203 0.08227848101265822 
0.46381578947368424 0.08991228070175439 0.12390350877192982 0.21929824561403508 0.10307017543859649 
0.06687898089171974 0.07006369426751592 0.29936305732484075 0.3184713375796178 0.24522292993630573 
0.7781818181818182 0.04363636363636364 0.04363636363636364 0.06909090909090909 0.06545454545454546 
0.14074074074074075 0.1111111111111111 0.23703703703703705 0.362962962962963 0.14814814814814814 
0.02245508982035928 0.09730538922155689 0.06736526946107785 0.2410179640718563 0.5718562874251497 
0.028310502283105023 0.18447488584474886 0.07671232876712329 0.11963470319634703 0.5908675799086758 
0.018456375838926176 0.050335570469798654 0.837248322147651 0.053691275167785234 0.040268456375838924 
0.03132530120481928 0.8578313253012049 0.03132530120481928 0.043373493975903614 0.03614457831325301 
0.5162907268170426 0.06516290726817042 0.11027568922305764 0.07268170426065163 0.23558897243107768 
0.24598930481283424 0.35294117647058826 0.0962566844919786 0.1443850267379679 0.16042780748663102 
0.049062049062049064 0.09235209235209235 0.0735930735930736 0.1774891774891775 0.6075036075036075 
0.3604060913705584 0.1065989847715736 0.15228426395939088 0.17766497461928935 0.20304568527918782 
0.36395759717314485 0.14487632508833923 0.2508833922261484 0.13427561837455831 0.10600706713780919 
0.07511737089201878 0.1431924882629108 0.3004694835680751 0.2535211267605634 0.22769953051643194 
0.025714285714285714 0.6285714285714286 0.05 0.03571428571428571 0.26 
0.04632152588555858 0.44686648501362397 0.1771117166212534 0.08719346049046321 0.24250681198910082 
0.03900709219858156 0.5106382978723404 0.09929078014184398 0.2765957446808511 0.07446808510638298 
0.0334075723830735 0.16703786191536749 0.10022271714922049 0.5902004454342984 0.1091314031180401 
0.27835051546391754 0.09278350515463918 0.16494845360824742 0.19243986254295534 0.27147766323024053 
0.09052631578947369 0.06315789473684211 0.35789473684210527 0.1831578947368421 0.30526315789473685 
0.6380597014925373 0.10261194029850747 0.08768656716417911 0.055970149253731345 0.11567164179104478 
0.021897810218978103 0.7591240875912408 0.04562043795620438 0.12043795620437957 0.05291970802919708 
0.04524886877828054 0.058823529411764705 0.10708898944193061 0.19909502262443438 0.5897435897435898 
0.06432748538011696 0.1871345029239766 0.1111111111111111 0.5321637426900585 0.10526315789473684 
0.10877192982456141 0.14385964912280702 0.08421052631578947 0.5929824561403508 0.07017543859649122 
0.052083333333333336 0.08333333333333333 0.19270833333333334 0.2916666666666667 0.3802083333333333 
0.03549060542797495 0.08559498956158663 0.05219206680584551 0.7766179540709812 0.05010438413361169 
0.265 0.335 0.0875 0.13 0.1825 
0.08695652173913043 0.577639751552795 0.09316770186335403 0.10559006211180125 0.13664596273291926 
0.040983606557377046 0.4371584699453552 0.1830601092896175 0.08743169398907104 0.25136612021857924 
0.8037037037037037 0.05185185185185185 0.05185185185185185 0.05555555555555555 0.037037037037037035 
0.03156384505021521 0.03873744619799139 0.13199426111908177 0.12482065997130559 0.672883787661406 
0.3446808510638298 0.33617021276595743 0.09787234042553192 0.11063829787234042 0.11063829787234042 
0.03357314148681055 0.35731414868105515 0.09112709832134293 0.07913669064748201 0.43884892086330934 
0.048223350253807105 0.050761421319796954 0.41624365482233505 0.3870558375634518 0.09771573604060914 
0.09714285714285714 0.4685714285714286 0.08 0.25142857142857145 0.10285714285714286 
0.039568345323741004 0.7697841726618705 0.07913669064748201 0.05755395683453238 0.0539568345323741 
0.05621301775147929 0.7396449704142012 0.07396449704142012 0.09763313609467456 0.03254437869822485 
0.048507462686567165 0.11194029850746269 0.2537313432835821 0.45149253731343286 0.13432835820895522 
0.11486486486486487 0.12162162162162163 0.17567567567567569 0.4189189189189189 0.16891891891891891 
0.033482142857142856 0.029017857142857144 0.04799107142857143 0.036830357142857144 0.8526785714285714 
0.03793626707132018 0.042488619119878605 0.15781487101669195 0.13050075872534142 0.6312594840667678 
0.7828947368421053 0.05263157894736842 0.05592105263157895 0.05921052631578947 0.049342105263157895 
0.07323232323232323 0.5681818181818182 0.07828282828282829 0.10606060606060606 0.17424242424242425 
0.025348542458808618 0.8377693282636248 0.029150823827629912 0.058301647655259824 0.049429657794676805 
0.1836734693877551 0.16326530612244897 0.16326530612244897 0.35714285714285715 0.1326530612244898 
0.12222222222222222 0.5 0.1111111111111111 0.13333333333333333 0.13333333333333333 
0.7874564459930313 0.05574912891986063 0.05226480836236934 0.04878048780487805 0.05574912891986063 
0.09061488673139159 0.06796116504854369 0.15857605177993528 0.5663430420711975 0.11650485436893204 
0.7940199335548173 0.04318936877076412 0.059800664451827246 0.04318936877076412 0.059800664451827246 
0.0603448275862069 0.6293103448275862 0.07327586206896551 0.10775862068965517 0.12931034482758622 
0.03488372093023256 0.0755813953488372 0.4903100775193798 0.34108527131782945 0.05813953488372093 
0.047058823529411764 0.5294117647058824 0.11058823529411765 0.11529411764705882 0.1976470588235294 
0.068 0.536 0.096 0.236 0.064 
0.08487084870848709 0.14391143911439114 0.15129151291512916 0.11070110701107011 0.5092250922509225 
0.4528301886792453 0.09433962264150944 0.11949685534591195 0.14465408805031446 0.18867924528301888 
0.0695970695970696 0.05860805860805861 0.6373626373626373 0.15384615384615385 0.08058608058608059 
0.035398230088495575 0.048672566371681415 0.5730088495575221 0.23008849557522124 0.11283185840707964 
0.041025641025641026 0.823076923076923 0.035897435897435895 0.04871794871794872 0.05128205128205128 
0.047619047619047616 0.1292517006802721 0.08843537414965986 0.6700680272108843 0.06462585034013606 
0.020435967302452316 0.04087193460490463 0.6730245231607629 0.14986376021798364 0.11580381471389646 
0.0967741935483871 0.10967741935483871 0.2064516129032258 0.4258064516129032 0.16129032258064516 
0.026415094339622643 0.16792452830188678 0.0660377358490566 0.6094339622641509 0.13018867924528302 
0.024229074889867842 0.030837004405286344 0.046255506607929514 0.039647577092511016 0.8590308370044053 
0.02159468438538206 0.044850498338870434 0.8205980066445183 0.054817275747508304 0.05813953488372093 
0.4054982817869416 0.4329896907216495 0.058419243986254296 0.048109965635738834 0.054982817869415807 
0.03822937625754527 0.13279678068410464 0.17303822937625754 0.4969818913480885 0.158953722334004 
0.022944550669216062 0.0745697896749522 0.032504780114722756 0.8298279158699808 0.040152963671128104 
0.05220883534136546 0.6947791164658634 0.07228915662650602 0.13253012048192772 0.04819277108433735 
0.028871391076115485 0.14041994750656167 0.030183727034120734 0.7454068241469817 0.05511811023622047 
0.115625 0.46875 0.09375 0.196875 0.125 
0.015151515151515152 0.021464646464646464 0.7121212121212122 0.13762626262626262 0.11363636363636363 
0.09621289662231321 0.05629477993858751 0.27635619242579323 0.42988741044012285 0.14124872057318322 
0.6 0.08876404494382023 0.046067415730337076 0.07528089887640449 0.1898876404494382 
0.042440318302387266 0.5755968169761273 0.1962864721485411 0.11405835543766578 0.07161803713527852 
0.016051364365971106 0.38362760834670945 0.030497592295345103 0.5264847512038523 0.04333868378812199 
0.024509803921568627 0.8676470588235294 0.026143790849673203 0.049019607843137254 0.032679738562091505 
0.26884422110552764 0.33668341708542715 0.09045226130653267 0.1407035175879397 0.16331658291457288 
0.01098146877144818 0.5552505147563487 0.21413864104323954 0.12560054907343857 0.09402882635552505 
0.043010752688172046 0.5519713261648745 0.07885304659498207 0.11827956989247312 0.2078853046594982 
0.012437810945273632 0.028192371475953566 0.02570480928689884 0.9021558872305141 0.03150912106135987 
0.03777335984095427 0.039761431411530816 0.2624254473161034 0.46123260437375746 0.1988071570576541 
0.7147435897435898 0.04487179487179487 0.05128205128205128 0.057692307692307696 0.13141025641025642 
0.027513227513227514 0.02857142857142857 0.1291005291005291 0.18941798941798943 0.6253968253968254 
0.043668122270742356 0.14192139737991266 0.0982532751091703 0.5851528384279476 0.13100436681222707 
0.0405982905982906 0.5512820512820513 0.03632478632478633 0.0811965811965812 0.2905982905982906 
0.08571428571428572 0.0761904761904762 0.10476190476190476 0.1880952380952381 0.5452380952380952 
0.03349282296650718 0.08851674641148326 0.10287081339712918 0.3181818181818182 0.4569377990430622 
0.04669260700389105 0.2723735408560311 0.07782101167315175 0.05058365758754864 0.5525291828793775 
0.023578363384188627 0.023578363384188627 0.10263522884882108 0.09292649098474341 0.7572815533980582 
0.05707762557077625 0.0639269406392694 0.1278538812785388 0.0958904109589041 0.6552511415525114 
0.05333333333333334 0.025185185185185185 0.4444444444444444 0.30074074074074075 0.17629629629629628 
0.08633093525179857 0.1906474820143885 0.1510791366906475 0.15827338129496402 0.4136690647482014 
0.02168525402726146 0.4677819083023544 0.11152416356877323 0.14560099132589838 0.2534076827757125 
0.7682539682539683 0.03492063492063492 0.05396825396825397 0.09206349206349207 0.050793650793650794 
0.11875 0.59375 0.10625 0.08125 0.1 
0.07673267326732673 0.14108910891089108 0.12128712871287128 0.3589108910891089 0.30198019801980197 
0.05179282868525897 0.6414342629482072 0.0796812749003984 0.1752988047808765 0.05179282868525897 
0.09734513274336283 0.5 0.07964601769911504 0.13716814159292035 0.18584070796460178 
0.08550185873605948 0.6691449814126395 0.12639405204460966 0.048327137546468404 0.07063197026022305 
0.07179487179487179 0.6717948717948717 0.06153846153846154 0.10256410256410256 0.09230769230769231 
0.050156739811912224 0.07836990595611286 0.2225705329153605 0.4952978056426332 0.1536050156739812 
0.02529182879377432 0.08171206225680934 0.042801556420233464 0.811284046692607 0.038910505836575876 
0.030555555555555555 0.8444444444444444 0.041666666666666664 0.04722222222222222 0.03611111111111111 
0.24096385542168675 0.18072289156626506 0.24096385542168675 0.1566265060240964 0.18072289156626506 
0.045454545454545456 0.09090909090909091 0.3515151515151515 0.34545454545454546 0.16666666666666666 
0.13414634146341464 0.45121951219512196 0.13414634146341464 0.15853658536585366 0.12195121951219512 
0.04741379310344827 0.6767241379310345 0.08189655172413793 0.13793103448275862 0.05603448275862069 
0.08900523560209424 0.4293193717277487 0.10471204188481675 0.31413612565445026 0.06282722513089005 
0.009220452640402346 0.027661357921207042 0.028499580888516344 0.911986588432523 0.022632020117351215 
0.14035087719298245 0.13157894736842105 0.13157894736842105 0.12280701754385964 0.47368421052631576 
0.016417910447761194 0.04776119402985075 0.7164179104477612 0.15074626865671642 0.06865671641791045 
0.7310344827586207 0.08620689655172414 0.05517241379310345 0.08275862068965517 0.04482758620689655 
0.024943310657596373 0.8231292517006803 0.05895691609977324 0.047619047619047616 0.045351473922902494 
0.0273109243697479 0.12184873949579832 0.0273109243697479 0.7626050420168067 0.06092436974789916 
0.03278688524590164 0.5273224043715847 0.08469945355191257 0.2978142076502732 0.05737704918032787 
0.050746268656716415 0.09253731343283582 0.191044776119403 0.5850746268656717 0.08059701492537313 
0.12941176470588237 0.11176470588235295 0.1411764705882353 0.5 0.11764705882352941 
0.1355421686746988 0.10240963855421686 0.08433734939759036 0.17771084337349397 0.5 
0.8333333333333334 0.04609929078014184 0.0425531914893617 0.0425531914893617 0.03546099290780142 
0.25102880658436216 0.18106995884773663 0.1111111111111111 0.18930041152263374 0.2674897119341564 
0.025412960609911054 0.05717916137229987 0.096569250317662 0.11944091486658195 0.7013977128335451 
0.05232558139534884 0.13372093023255813 0.19767441860465115 0.5436046511627907 0.07267441860465117 
0.034666666666666665 0.6986666666666667 0.06133333333333333 0.10666666666666667 0.09866666666666667 
0.1111111111111111 0.09876543209876543 0.1728395061728395 0.4567901234567901 0.16049382716049382 
0.5850052798310454 0.06863780359028511 0.030623020063357972 0.07074973600844774 0.24498416050686378 
0.04659498207885305 0.07885304659498207 0.08960573476702509 0.1003584229390681 0.6845878136200717 
0.44377510040160645 0.07228915662650602 0.07028112449799197 0.10040160642570281 0.3132530120481928 
0.13253012048192772 0.36947791164658633 0.18072289156626506 0.10240963855421686 0.21485943775100402 
0.029644268774703556 0.6699604743083004 0.04940711462450593 0.041501976284584984 0.20948616600790515 
0.032663316582914576 0.21608040201005024 0.0829145728643216 0.4434673366834171 0.22487437185929648 
0.0711743772241993 0.099644128113879 0.11387900355871886 0.6423487544483986 0.07295373665480427 
0.05223880597014925 0.10074626865671642 0.15671641791044777 0.5335820895522388 0.15671641791044777 
0.009009009009009009 0.8296478296478297 0.0647010647010647 0.06797706797706797 0.028665028665028666 
0.034031413612565446 0.10732984293193717 0.09947643979057591 0.5942408376963351 0.1649214659685864 
0.08704663212435233 0.3746113989637306 0.15233160621761657 0.18238341968911917 0.20362694300518136 
0.04462474645030426 0.6166328600405679 0.16024340770791076 0.060851926977687626 0.11764705882352941 
0.0639386189258312 0.08439897698209718 0.5063938618925832 0.13810741687979539 0.2071611253196931 
0.7635983263598326 0.04707112970711297 0.038702928870292884 0.029288702928870293 0.12133891213389121 
0.022847100175746926 0.7803163444639719 0.03690685413005272 0.10193321616871705 0.05799648506151142 
0.03361344537815126 0.13025210084033614 0.037815126050420166 0.7373949579831933 0.06092436974789916 
0.11224489795918367 0.5 0.11224489795918367 0.14285714285714285 0.1326530612244898 
0.023185483870967742 0.028225806451612902 0.4254032258064516 0.4183467741935484 0.10483870967741936 
0.07553956834532374 0.11510791366906475 0.5683453237410072 0.11510791366906475 0.12589928057553956 
0.744945567651633 0.060653188180404355 0.06220839813374806 0.04665629860031104 0.08553654743390357 
0.0718954248366013 0.6339869281045751 0.08496732026143791 0.13725490196078433 0.0718954248366013 
0.11764705882352941 0.5686274509803921 0.09803921568627451 0.11764705882352941 0.09803921568627451 
0.03914590747330961 0.12099644128113879 0.6868327402135231 0.10676156583629894 0.046263345195729534 
0.07042253521126761 0.38028169014084506 0.09154929577464789 0.30985915492957744 0.14788732394366197 
0.009181969949916527 0.25041736227045075 0.7120200333889817 0.019198664440734557 0.009181969949916527 
0.030357142857142857 0.625 0.08571428571428572 0.09821428571428571 0.16071428571428573 
0.13333333333333333 0.1393939393939394 0.41818181818181815 0.1696969696969697 0.1393939393939394 
0.7719298245614035 0.042105263157894736 0.05964912280701754 0.07017543859649122 0.056140350877192984 
0.10930232558139535 0.08372093023255814 0.06279069767441861 0.14418604651162792 0.6 
0.048 0.084 0.228 0.492 0.148 
0.1 0.6 0.1 0.1 0.1 
0.2678132678132678 0.17444717444717445 0.07616707616707617 0.16707616707616707 0.3144963144963145 
0.10176991150442478 0.4823008849557522 0.0752212389380531 0.15486725663716813 0.18584070796460178 
0.693069306930693 0.04950495049504951 0.07920792079207921 0.1254125412541254 0.052805280528052806 
0.12446351931330472 0.39914163090128757 0.07081545064377683 0.24034334763948498 0.16523605150214593 
0.73 0.06666666666666667 0.05 0.06333333333333334 0.09 
0.08333333333333333 0.12612612612612611 0.25675675675675674 0.25900900900900903 0.2747747747747748 
0.017814726840855107 0.055819477434679333 0.052256532066508314 0.047505938242280284 0.8266033254156769 
0.03233830845771144 0.0845771144278607 0.04975124378109453 0.763681592039801 0.06965174129353234 
0.06837606837606838 0.04700854700854701 0.1752136752136752 0.15384615384615385 0.5555555555555556 
0.07142857142857142 0.6339285714285714 0.15178571428571427 0.06696428571428571 0.07589285714285714 
0.06 0.76 0.05 0.075 0.055 
0.04980842911877394 0.1111111111111111 0.23754789272030652 0.4904214559386973 0.1111111111111111 
0.2551610239471511 0.3815028901734104 0.05697770437654831 0.1147811725846408 0.1915772089182494 
0.4396551724137931 0.14655172413793102 0.09051724137931035 0.125 0.19827586206896552 
0.050239234449760764 0.38995215311004783 0.37559808612440193 0.14354066985645933 0.04066985645933014 
0.051347881899871634 0.11810012836970475 0.23876765083440307 0.49165596919127086 0.10012836970474968 
0.7441860465116279 0.04318936877076412 0.09634551495016612 0.06976744186046512 0.046511627906976744 
0.02346041055718475 0.39589442815249265 0.054252199413489736 0.49560117302052786 0.030791788856304986 
0.20718816067653276 0.29915433403805497 0.03276955602536998 0.4048625792811839 0.056025369978858354 
0.03609756097560975 0.0897560975609756 0.07512195121951219 0.5658536585365853 0.23317073170731709 
0.7907801418439716 0.04964539007092199 0.05673758865248227 0.06028368794326241 0.0425531914893617 
0.8618857901726428 0.033200531208499334 0.043824701195219126 0.025232403718459494 0.035856573705179286 
0.02 0.6457142857142857 0.032857142857142856 0.05714285714285714 0.24428571428571427 
0.08264462809917356 0.6115702479338843 0.09917355371900827 0.09917355371900827 0.10743801652892562 
0.04878048780487805 0.5447154471544715 0.056910569105691054 0.25203252032520324 0.0975609756097561 
0.017569546120058566 0.06149341142020498 0.698389458272328 0.1478770131771596 0.0746705710102489 
0.8361774744027304 0.04436860068259386 0.04436860068259386 0.040955631399317405 0.034129692832764506 
0.051771117166212535 0.05994550408719346 0.09264305177111716 0.3133514986376022 0.4822888283378747 
0.051094890510948905 0.09124087591240876 0.25547445255474455 0.5145985401459854 0.08759124087591241 
0.012573344509639563 0.2539815590947192 0.7091366303436715 0.01592623637887678 0.008382229673093043 
0.013927576601671309 0.7910863509749304 0.057567316620241414 0.09006499535747446 0.04735376044568245 
0.041025641025641026 0.8384615384615385 0.041025641025641026 0.04871794871794872 0.03076923076923077 
0.041666666666666664 0.7847222222222222 0.052083333333333336 0.06944444444444445 0.052083333333333336 
0.03155818540433925 0.6785009861932939 0.03944773175542406 0.07100591715976332 0.1794871794871795 
0.036053130929791274 0.1366223908918406 0.10056925996204934 0.681214421252372 0.04554079696394687 
0.0589622641509434 0.05660377358490566 0.4716981132075472 0.32547169811320753 0.08726415094339622 
0.07792207792207792 0.1038961038961039 0.14935064935064934 0.5064935064935064 0.16233766233766234 
0.02040816326530612 0.03476946334089191 0.10884353741496598 0.11035525321239607 0.7256235827664399 
0.034328358208955224 0.31343283582089554 0.058208955223880594 0.03582089552238806 0.5582089552238806 
0.03357903357903358 0.14823914823914824 0.15642915642915642 0.15315315315315314 0.5085995085995086 
0.026717557251908396 0.05343511450381679 0.12404580152671756 0.7442748091603053 0.05152671755725191 
0.05759162303664921 0.7225130890052356 0.06806282722513089 0.09424083769633508 0.05759162303664921 
0.4734982332155477 0.09540636042402827 0.13074204946996468 0.09187279151943463 0.20848056537102475 
0.803125 0.0625 0.034375 0.05625 0.04375 
0.01015228426395939 0.2656514382402707 0.6971235194585449 0.012690355329949238 0.014382402707275803 
0.05338078291814947 0.13523131672597866 0.6690391459074733 0.09252669039145907 0.0498220640569395 
0.02304147465437788 0.40368663594470044 0.055299539170506916 0.4165898617511521 0.10138248847926268 
0.0392156862745098 0.696078431372549 0.07352941176470588 0.0784313725490196 0.11274509803921569 
0.046296296296296294 0.10802469135802469 0.12037037037037036 0.6481481481481481 0.07716049382716049 
0.10989010989010989 0.07692307692307693 0.315018315018315 0.23076923076923078 0.2673992673992674 
0.012582384661473937 0.03714799281006591 0.536249251048532 0.3145596165368484 0.09946075494307968 
0.046762589928057555 0.11510791366906475 0.7086330935251799 0.07913669064748201 0.050359712230215826 
0.1388888888888889 0.3888888888888889 0.1574074074074074 0.19444444444444445 0.12037037037037036 
0.01867816091954023 0.040229885057471264 0.4396551724137931 0.3706896551724138 0.1307471264367816 
0.8153310104529616 0.059233449477351915 0.04878048780487805 0.03832752613240418 0.03832752613240418 
0.0718954248366013 0.6209150326797386 0.0784313725490196 0.12418300653594772 0.10457516339869281 
0.041044776119402986 0.5261194029850746 0.10820895522388059 0.26492537313432835 0.05970149253731343 
0.0700280112044818 0.4481792717086835 0.08123249299719888 0.11764705882352941 0.28291316526610644 
0.030379746835443037 0.5544303797468354 0.0759493670886076 0.22278481012658227 0.11645569620253164 
0.020446096654275093 0.03903345724907063 0.120817843866171 0.7676579925650557 0.05204460966542751 
0.06233766233766234 0.07012987012987013 0.5246753246753246 0.15324675324675324 0.18961038961038962 
0.036231884057971016 0.8115942028985508 0.04710144927536232 0.06521739130434782 0.03985507246376811 
0.023076923076923078 0.7865384615384615 0.03076923076923077 0.1326923076923077 0.026923076923076925 
0.05429864253393665 0.7601809954751131 0.07239819004524888 0.049773755656108594 0.06334841628959276 
0.028530670470756064 0.03281027104136947 0.275320970042796 0.5805991440798859 0.08273894436519258 
0.060240963855421686 0.678714859437751 0.060240963855421686 0.14859437751004015 0.05220883534136546 
0.2880184331797235 0.18202764976958524 0.15207373271889402 0.14055299539170507 0.23732718894009217 
0.06607929515418502 0.08370044052863436 0.2511013215859031 0.42290748898678415 0.1762114537444934 
0.759581881533101 0.041811846689895474 0.041811846689895474 0.06620209059233449 0.09059233449477352 
0.03464203233256351 0.7297921478060047 0.07159353348729793 0.10161662817551963 0.06235565819861432 
0.05166051660516605 0.11808118081180811 0.07380073800738007 0.7047970479704797 0.05166051660516605 
0.055248618784530384 0.5276243093922652 0.06906077348066299 0.281767955801105 0.06629834254143646 
0.16535433070866143 0.16535433070866143 0.1889763779527559 0.2992125984251969 0.18110236220472442 
0.29545454545454547 0.2537878787878788 0.17424242424242425 0.125 0.15151515151515152 
0.1188118811881188 0.07425742574257425 0.28217821782178215 0.08415841584158416 0.4405940594059406 
0.8241379310344827 0.05172413793103448 0.034482758620689655 0.041379310344827586 0.04827586206896552 
0.028846153846153848 0.8516483516483516 0.02197802197802198 0.04120879120879121 0.05631868131868132 
0.029132362254591513 0.6041798606713109 0.08613046231792273 0.10956301456618113 0.17099430018999368 
0.04798962386511025 0.20881971465629054 0.14656290531776914 0.38261997405966275 0.2140077821011673 
0.3780487804878049 0.2682926829268293 0.08536585365853659 0.1402439024390244 0.12804878048780488 
