0.1585014409221902 0.6167146974063401 0.08069164265129683 0.07780979827089338 0.06628242074927954 
0.0640495867768595 0.045454545454545456 0.10537190082644628 0.6962809917355371 0.08884297520661157 
0.1003904071388734 0.05967651979921919 0.2253206915783603 0.22643614054657 0.3881762409369771 
0.07973421926910298 0.023255813953488372 0.029900332225913623 0.02823920265780731 0.8388704318936877 
0.13043478260869565 0.08695652173913043 0.19202898550724637 0.18115942028985507 0.40942028985507245 
0.05555555555555555 0.7896825396825397 0.051587301587301584 0.05555555555555555 0.047619047619047616 
0.15025906735751296 0.5595854922279793 0.13471502590673576 0.07772020725388601 0.07772020725388601 
0.19363395225464192 0.3819628647214854 0.20954907161803712 0.08488063660477453 0.129973474801061 
0.05606060606060606 0.021212121212121213 0.05757575757575758 0.806060606060606 0.05909090909090909 
0.26373626373626374 0.16483516483516483 0.16483516483516483 0.1043956043956044 0.3021978021978022 
0.10344827586206896 0.06896551724137931 0.09770114942528736 0.06896551724137931 0.6609195402298851 
0.1518324607329843 0.07853403141361257 0.2617801047120419 0.36649214659685864 0.14136125654450263 
0.19242902208201892 0.20189274447949526 0.26813880126182965 0.1167192429022082 0.22082018927444794 
0.10689655172413794 0.03793103448275862 0.05172413793103448 0.05172413793103448 0.7517241379310344 
0.4140625 0.046875 0.11197916666666667 0.13541666666666666 0.2916666666666667 
0.08176100628930817 0.06289308176100629 0.09433962264150944 0.11320754716981132 0.6477987421383647 
0.6425389755011136 0.07238307349665925 0.06792873051224944 0.15701559020044542 0.060133630289532294 
0.13592233009708737 0.09061488673139159 0.30097087378640774 0.42718446601941745 0.045307443365695796 
0.040160642570281124 0.7670682730923695 0.08433734939759036 0.06827309236947791 0.040160642570281124 
0.16058394160583941 0.11678832116788321 0.10948905109489052 0.48905109489051096 0.12408759124087591 
0.14648729446935724 0.03587443946188341 0.4813153961136024 0.21375186846038863 0.12257100149476831 
0.19316081330868762 0.021256931608133085 0.5674676524953789 0.08687615526802218 0.13123844731977818 
0.05723905723905724 0.018518518518518517 0.04882154882154882 0.8198653198653199 0.05555555555555555 
0.07259953161592506 0.02576112412177986 0.0468384074941452 0.03044496487119438 0.8243559718969555 
0.15167095115681234 0.4910025706940874 0.21079691516709512 0.06683804627249357 0.07969151670951156 
0.1945945945945946 0.25405405405405407 0.0972972972972973 0.07567567567567568 0.3783783783783784 
0.13233082706766916 0.042105263157894736 0.5578947368421052 0.14135338345864662 0.12631578947368421 
0.25824175824175827 0.41208791208791207 0.12087912087912088 0.14285714285714285 0.06593406593406594 
0.1993006993006993 0.3811188811188811 0.12237762237762238 0.18181818181818182 0.11538461538461539 
0.21176470588235294 0.07764705882352942 0.10588235294117647 0.49176470588235294 0.11294117647058824 
0.045655375552282766 0.036818851251840944 0.203240058910162 0.041237113402061855 0.6730486008836525 
0.46368715083798884 0.04748603351955307 0.08100558659217877 0.1424581005586592 0.26536312849162014 
0.05673758865248227 0.03900709219858156 0.08865248226950355 0.2765957446808511 0.5390070921985816 
0.10672853828306264 0.04640371229698376 0.1740139211136891 0.5614849187935035 0.11136890951276102 
0.34507042253521125 0.2147887323943662 0.18309859154929578 0.1443661971830986 0.11267605633802817 
0.19825708061002179 0.16122004357298475 0.37254901960784315 0.1830065359477124 0.08496732026143791 
0.17054263565891473 0.6065891472868217 0.08914728682170543 0.060077519379844964 0.07364341085271318 
0.048561151079136694 0.03597122302158273 0.052158273381294966 0.10251798561151079 0.7607913669064749 
0.15326251896813353 0.0637329286798179 0.5311077389984825 0.18664643399089528 0.06525037936267071 
0.0898876404494382 0.06179775280898876 0.11235955056179775 0.43820224719101125 0.29775280898876405 
0.541958041958042 0.08041958041958042 0.08741258741258741 0.21678321678321677 0.07342657342657342 
0.12234042553191489 0.06382978723404255 0.4095744680851064 0.2712765957446808 0.13297872340425532 
0.0574468085106383 0.0425531914893617 0.10425531914893617 0.6936170212765957 0.10212765957446808 
0.47837150127226463 0.10941475826972011 0.08651399491094147 0.11450381679389313 0.21119592875318066 
0.12352941176470589 0.08235294117647059 0.10588235294117647 0.07058823529411765 0.6176470588235294 
0.4301675977653631 0.04189944134078212 0.09217877094972067 0.13128491620111732 0.30446927374301674 
0.056910569105691054 0.7723577235772358 0.06097560975609756 0.06097560975609756 0.04878048780487805 
0.046686746987951805 0.03614457831325301 0.7545180722891566 0.10090361445783133 0.061746987951807226 
0.1527777777777778 0.08796296296296297 0.06481481481481481 0.10185185185185185 0.5925925925925926 
0.3864734299516908 0.03864734299516908 0.09903381642512077 0.178743961352657 0.2971014492753623 
0.08782936010037641 0.06148055207026349 0.164366373902133 0.6135508155583438 0.07277289836888332 
0.09090909090909091 0.07386363636363637 0.08522727272727272 0.13636363636363635 0.6136363636363636 
0.06785714285714285 0.039285714285714285 0.05357142857142857 0.05 0.7892857142857143 
0.08595988538681948 0.045845272206303724 0.05157593123209169 0.12607449856733524 0.6905444126074498 
0.14074074074074075 0.07777777777777778 0.11851851851851852 0.5555555555555556 0.10740740740740741 
0.20945945945945946 0.0945945945945946 0.12837837837837837 0.3108108108108108 0.25675675675675674 
0.0875995449374289 0.023890784982935155 0.7849829351535836 0.034129692832764506 0.06939704209328783 
0.09789156626506024 0.05120481927710843 0.6069277108433735 0.13704819277108435 0.10692771084337349 
0.08928571428571429 0.7464285714285714 0.060714285714285714 0.04642857142857143 0.05714285714285714 
0.17955112219451372 0.06733167082294264 0.08478802992518704 0.16957605985037408 0.49875311720698257 
0.06177606177606178 0.02574002574002574 0.05148005148005148 0.028314028314028315 0.8326898326898327 
0.17525773195876287 0.14432989690721648 0.13402061855670103 0.36082474226804123 0.18556701030927836 
0.10638297872340426 0.14893617021276595 0.10638297872340426 0.14893617021276595 0.48936170212765956 
0.08108108108108109 0.7799227799227799 0.04247104247104247 0.04247104247104247 0.05405405405405406 
0.5127388535031847 0.06050955414012739 0.13694267515923567 0.22611464968152867 0.06369426751592357 
0.0625 0.7683823529411765 0.06985294117647059 0.051470588235294115 0.04779411764705882 
0.16997792494481237 0.0684326710816777 0.07947019867549669 0.0772626931567329 0.6048565121412803 
0.07692307692307693 0.04230769230769231 0.24615384615384617 0.5384615384615384 0.09615384615384616 
0.12529002320185614 0.060324825986078884 0.1554524361948956 0.11600928074245939 0.54292343387471 
0.11952191235059761 0.07171314741035857 0.11155378486055777 0.20717131474103587 0.4900398406374502 
0.25092250922509224 0.0959409594095941 0.3800738007380074 0.12177121771217712 0.15129151291512916 
0.17721518987341772 0.4588607594936709 0.14873417721518986 0.11075949367088607 0.10443037974683544 
0.09285714285714286 0.06428571428571428 0.5035714285714286 0.25357142857142856 0.08571428571428572 
0.06919642857142858 0.029017857142857144 0.28794642857142855 0.5066964285714286 0.10714285714285714 
0.035897435897435895 0.04871794871794872 0.038461538461538464 0.046153846153846156 0.8307692307692308 
0.3402777777777778 0.052083333333333336 0.08333333333333333 0.46875 0.05555555555555555 
0.049664429530201344 0.020134228187919462 0.14899328859060404 0.7597315436241611 0.021476510067114093 
0.08484848484848485 0.10303030303030303 0.15151515151515152 0.5575757575757576 0.10303030303030303 
0.06395348837209303 0.05426356589147287 0.17829457364341086 0.4437984496124031 0.2596899224806202 
0.08083140877598152 0.03464203233256351 0.8083140877598153 0.04157043879907621 0.03464203233256351 
0.07011686143572621 0.025041736227045076 0.06010016694490818 0.7863105175292153 0.05843071786310518 
0.09608540925266904 0.3487544483985765 0.0498220640569395 0.05693950177935943 0.4483985765124555 
0.3037475345167653 0.047337278106508875 0.14990138067061143 0.3727810650887574 0.126232741617357 
0.024390243902439025 0.020637898686679174 0.04878048780487805 0.7711069418386491 0.1350844277673546 
0.1078838174273859 0.06639004149377593 0.04564315352697095 0.0954356846473029 0.6846473029045643 
0.14475431606905712 0.035856573705179286 0.057104913678618856 0.6201859229747676 0.14209827357237717 
0.23125 0.103125 0.0828125 0.1015625 0.48125 
0.06359102244389027 0.01371571072319202 0.14713216957605985 0.7531172069825436 0.022443890274314215 
0.19599578503688092 0.07270811380400422 0.1422550052687039 0.505795574288725 0.08324552160168598 
0.09222222222222222 0.6455555555555555 0.09777777777777778 0.07 0.09444444444444444 
0.2807017543859649 0.03759398496240601 0.07268170426065163 0.07769423558897243 0.531328320802005 
0.0463258785942492 0.03354632587859425 0.07667731629392971 0.39456869009584666 0.4488817891373802 
0.06414473684210527 0.03453947368421053 0.02631578947368421 0.029605263157894735 0.8453947368421053 
0.473551637279597 0.0982367758186398 0.08564231738035265 0.0906801007556675 0.2518891687657431 
0.3240611961057024 0.014603616133518776 0.07301808066759388 0.12517385257301808 0.4631432545201669 
0.23443223443223443 0.054945054945054944 0.12454212454212454 0.09523809523809523 0.4908424908424908 
0.02585487906588824 0.013344453711426188 0.04420350291909925 0.8790658882402002 0.03753127606338615 
0.05905511811023622 0.027559055118110236 0.32677165354330706 0.531496062992126 0.05511811023622047 
0.04482758620689655 0.7068965517241379 0.13793103448275862 0.05517241379310345 0.05517241379310345 
0.05379746835443038 0.013713080168776372 0.6687763713080169 0.1940928270042194 0.06962025316455696 
0.1130820399113082 0.03991130820399113 0.13303769401330376 0.532150776053215 0.18181818181818182 
0.21908893709327548 0.0368763557483731 0.1301518438177874 0.06290672451193059 0.5509761388286334 
0.17577197149643706 0.1163895486935867 0.4323040380047506 0.2042755344418052 0.07125890736342043 
0.18491484184914841 0.0681265206812652 0.35766423357664234 0.22871046228710462 0.16058394160583941 
0.5817120622568094 0.0311284046692607 0.10894941634241245 0.06809338521400778 0.21011673151750973 
0.0868945868945869 0.03561253561253561 0.7364672364672364 0.09829059829059829 0.042735042735042736 
0.21411764705882352 0.07058823529411765 0.5858823529411765 0.047058823529411764 0.08235294117647059 
0.07541478129713423 0.042232277526395176 0.5731523378582202 0.28355957767722473 0.02564102564102564 
0.16370106761565836 0.08540925266903915 0.18505338078291814 0.15302491103202848 0.4128113879003559 
0.15985130111524162 0.026022304832713755 0.1691449814126394 0.16171003717472118 0.483271375464684 
0.0706713780918728 0.7420494699646644 0.053003533568904596 0.0989399293286219 0.0353356890459364 
0.10179640718562874 0.08982035928143713 0.07784431137724551 0.07784431137724551 0.6526946107784432 
0.45077720207253885 0.08549222797927461 0.19948186528497408 0.21502590673575128 0.04922279792746114 
0.10775862068965517 0.05172413793103448 0.05172413793103448 0.09482758620689655 0.6939655172413793 
0.3051643192488263 0.107981220657277 0.12206572769953052 0.09389671361502347 0.37089201877934275 
0.11913357400722022 0.05054151624548736 0.05776173285198556 0.05415162454873646 0.7184115523465704 
0.06763285024154589 0.07246376811594203 0.06280193236714976 0.0821256038647343 0.714975845410628 
0.05572755417956656 0.04643962848297214 0.21671826625386997 0.6160990712074303 0.06501547987616099 
0.03824091778202677 0.02676864244741874 0.06309751434034416 0.7437858508604207 0.12810707456978968 
0.05570291777188329 0.029177718832891247 0.03978779840848806 0.03713527851458886 0.8381962864721485 
0.15294117647058825 0.2 0.17647058823529413 0.2 0.27058823529411763 
0.10149253731343283 0.050746268656716415 0.16716417910447762 0.591044776119403 0.08955223880597014 
0.14814814814814814 0.14814814814814814 0.12345679012345678 0.13580246913580246 0.4444444444444444 
0.07142857142857142 0.05357142857142857 0.0625 0.13392857142857142 0.6785714285714286 
0.09278350515463918 0.07216494845360824 0.08247422680412371 0.07731958762886598 0.6752577319587629 
0.030252100840336135 0.015126050420168067 0.03865546218487395 0.880672268907563 0.03529411764705882 
0.14285714285714285 0.15966386554621848 0.42857142857142855 0.14285714285714285 0.12605042016806722 
0.12388059701492538 0.023880597014925373 0.056716417910447764 0.6358208955223881 0.15970149253731344 
0.08712121212121213 0.7159090909090909 0.045454545454545456 0.08712121212121213 0.06439393939393939 
0.04525862068965517 0.03879310344827586 0.04310344827586207 0.036637931034482756 0.8362068965517241 
0.05907172995780591 0.035864978902953586 0.10970464135021098 0.6054852320675106 0.189873417721519 
0.4818941504178273 0.036211699164345405 0.05013927576601671 0.116991643454039 0.3147632311977716 
0.14080459770114942 0.040229885057471264 0.10919540229885058 0.6005747126436781 0.10919540229885058 
0.12643678160919541 0.10919540229885058 0.10344827586206896 0.40804597701149425 0.25287356321839083 
0.13580246913580246 0.13271604938271606 0.4660493827160494 0.12962962962962962 0.13580246913580246 
0.05058365758754864 0.8054474708171206 0.05058365758754864 0.05058365758754864 0.042801556420233464 
0.3593073593073593 0.19047619047619047 0.18614718614718614 0.12554112554112554 0.13852813852813853 
0.07235142118863049 0.027131782945736434 0.7248062015503876 0.09560723514211886 0.08010335917312661 
0.14583333333333334 0.041666666666666664 0.11011904761904762 0.5892857142857143 0.1130952380952381 
0.10298102981029811 0.04607046070460705 0.1111111111111111 0.08943089430894309 0.6504065040650406 
0.11515151515151516 0.08484848484848485 0.26666666666666666 0.4484848484848485 0.08484848484848485 
0.11325028312570781 0.6579841449603624 0.1245753114382786 0.04190260475651189 0.0622876557191393 
0.1037037037037037 0.05555555555555555 0.6777777777777778 0.08148148148148149 0.08148148148148149 
0.147239263803681 0.4662576687116564 0.24130879345603273 0.08588957055214724 0.05930470347648262 
0.4279918864097363 0.04665314401622718 0.056795131845841784 0.11359026369168357 0.35496957403651114 
0.05918367346938776 0.04285714285714286 0.17755102040816326 0.04693877551020408 0.673469387755102 
0.06480304955527319 0.03176620076238882 0.40533672172808133 0.17026683608640406 0.3278271918678526 
0.589605734767025 0.035842293906810034 0.06810035842293907 0.25448028673835127 0.05197132616487455 
0.12274368231046931 0.06498194945848375 0.1624548736462094 0.5415162454873647 0.10830324909747292 
0.05790838375108038 0.01728608470181504 0.020743301642178046 0.07346585998271392 0.8305963699222126 
0.09020618556701031 0.03608247422680412 0.21649484536082475 0.5 0.15721649484536082 
0.17637626937466597 0.09139497594869055 0.17637626937466597 0.17797969000534475 0.3778727952966328 
0.2510204081632653 0.04081632653061224 0.07755102040816327 0.053061224489795916 0.5775510204081633 
0.2890625 0.059895833333333336 0.10677083333333333 0.4609375 0.08333333333333333 
0.0916030534351145 0.7306434023991276 0.09596510359869138 0.03489640130861505 0.04689203925845147 
0.03130434782608696 0.03304347826086956 0.05565217391304348 0.09043478260869565 0.7895652173913044 
0.07172995780590717 0.035864978902953586 0.10759493670886076 0.6118143459915611 0.1729957805907173 
0.12745098039215685 0.10784313725490197 0.09803921568627451 0.09803921568627451 0.5686274509803921 
0.05198776758409786 0.0163098878695209 0.16411824668705402 0.7288481141692151 0.03873598369011213 
0.2361111111111111 0.06944444444444445 0.1111111111111111 0.4305555555555556 0.1527777777777778 
0.11829652996845426 0.7034700315457413 0.0694006309148265 0.06466876971608833 0.04416403785488959 
0.10457516339869281 0.06535947712418301 0.10457516339869281 0.1111111111111111 0.6143790849673203 
0.11320754716981132 0.10377358490566038 0.09433962264150944 0.09433962264150944 0.5943396226415094 
0.06484641638225255 0.04436860068259386 0.515358361774744 0.21160409556313994 0.16382252559726962 
0.1357142857142857 0.08571428571428572 0.10714285714285714 0.1357142857142857 0.5357142857142857 
0.9046822742474916 0.008361204013377926 0.011705685618729096 0.013377926421404682 0.061872909698996656 
0.11091234347048301 0.03756708407871199 0.1001788908765653 0.10554561717352415 0.6457960644007156 
0.16477272727272727 0.10795454545454546 0.11931818181818182 0.4034090909090909 0.20454545454545456 
0.052830188679245285 0.720754716981132 0.09433962264150944 0.09056603773584905 0.04150943396226415 
0.18333333333333332 0.15 0.4976190476190476 0.08333333333333333 0.08571428571428572 
0.08812260536398467 0.06896551724137931 0.19923371647509577 0.5823754789272031 0.06130268199233716 
0.10679611650485436 0.0970873786407767 0.0970873786407767 0.14563106796116504 0.5533980582524272 
0.5 0.08009708737864078 0.1529126213592233 0.06553398058252427 0.20145631067961164 
0.3813953488372093 0.08837209302325581 0.09302325581395349 0.09767441860465116 0.3395348837209302 
0.04693140794223827 0.6895306859205776 0.061371841155234655 0.1407942238267148 0.061371841155234655 
0.34334763948497854 0.06437768240343347 0.07939914163090128 0.13733905579399142 0.37553648068669526 
0.05454545454545454 0.730909090909091 0.08727272727272728 0.06909090909090909 0.05818181818181818 
0.33636363636363636 0.09090909090909091 0.19318181818181818 0.3090909090909091 0.07045454545454545 
0.07203907203907203 0.02197802197802198 0.8266178266178266 0.03663003663003663 0.042735042735042736 
0.08974358974358974 0.02564102564102564 0.06666666666666667 0.7 0.11794871794871795 
0.06666666666666667 0.05416666666666667 0.6208333333333333 0.15833333333333333 0.1 
0.2782608695652174 0.06086956521739131 0.06956521739130435 0.06521739130434782 0.5260869565217391 
0.08056872037914692 0.04739336492890995 0.052132701421800945 0.061611374407582936 0.7582938388625592 
0.11026615969581749 0.06844106463878327 0.09885931558935361 0.6463878326996197 0.07604562737642585 
0.24044180118946473 0.2854715378079864 0.08071367884451996 0.06457094307561598 0.3288020390824129 
0.19823788546255505 0.3920704845814978 0.1762114537444934 0.07929515418502203 0.15418502202643172 
0.05609756097560976 0.046341463414634146 0.05609756097560976 0.3195121951219512 0.5219512195121951 
0.22324966974900926 0.05151915455746367 0.09379128137384413 0.5653896961690885 0.06605019815059446 
0.04659498207885305 0.7060931899641577 0.06093189964157706 0.13620071684587814 0.05017921146953405 
0.03587443946188341 0.02391629297458894 0.0687593423019432 0.3841554559043348 0.4872944693572496 
0.045112781954887216 0.2663802363050483 0.06659505907626208 0.29430719656283566 0.3276047261009667 
0.10603112840466926 0.032101167315175094 0.5525291828793775 0.1916342412451362 0.11770428015564202 
0.04296875 0.75 0.046875 0.08984375 0.0703125 
0.10260115606936417 0.7832369942196532 0.024566473988439308 0.05057803468208093 0.03901734104046243 
0.045655375552282766 0.03240058910162003 0.18262150220913106 0.06332842415316642 0.6759941089837997 
0.11290322580645161 0.0967741935483871 0.08064516129032258 0.11290322580645161 0.5967741935483871 
0.12534818941504178 0.06128133704735376 0.20334261838440112 0.1532033426183844 0.4568245125348189 
0.13056379821958458 0.020771513353115726 0.05637982195845697 0.6231454005934718 0.16913946587537093 
0.05970149253731343 0.8134328358208955 0.04477611940298507 0.04477611940298507 0.03731343283582089 
0.09269662921348315 0.047752808988764044 0.5814606741573034 0.21348314606741572 0.06460674157303371 
0.07011070110701106 0.03690036900369004 0.11808118081180811 0.6863468634686347 0.08856088560885608 
0.914095079232694 0.009174311926605505 0.011676396997497914 0.0158465387823186 0.04920767306088407 
0.06818181818181818 0.01893939393939394 0.022727272727272728 0.08143939393939394 0.8087121212121212 
0.0812807881773399 0.034482758620689655 0.03940886699507389 0.03694581280788178 0.8078817733990148 
0.07241379310344828 0.034482758620689655 0.041379310344827586 0.05172413793103448 0.8 
0.05714285714285714 0.030612244897959183 0.16326530612244897 0.04693877551020408 0.7020408163265306 
0.40576923076923077 0.021153846153846155 0.05961538461538462 0.4096153846153846 0.10384615384615385 
0.0488997555012225 0.04156479217603912 0.31784841075794623 0.5378973105134475 0.05378973105134474 
0.1346153846153846 0.08974358974358974 0.15384615384615385 0.44871794871794873 0.17307692307692307 
0.12480857580398162 0.04134762633996937 0.7297090352220521 0.07886676875957122 0.02526799387442573 
0.5896296296296296 0.02666666666666667 0.1037037037037037 0.06518518518518518 0.21481481481481482 
0.39622641509433965 0.031173092698933553 0.2534864643150123 0.17883511074651354 0.140278917145201 
0.05758157389635317 0.03262955854126679 0.044145873320537425 0.8234165067178503 0.04222648752399232 
0.052083333333333336 0.057291666666666664 0.057291666666666664 0.06770833333333333 0.765625 
0.16030534351145037 0.4580152671755725 0.1946564885496183 0.0916030534351145 0.09541984732824428 
0.05154639175257732 0.8281786941580757 0.037800687285223365 0.03436426116838488 0.048109965635738834 
0.9139966273187183 0.01011804384485666 0.013490725126475547 0.01517706576728499 0.047217537942664416 
0.06484641638225255 0.03754266211604096 0.5187713310580204 0.2354948805460751 0.14334470989761092 
0.12779850746268656 0.022388059701492536 0.14832089552238806 0.3087686567164179 0.3927238805970149 
0.20772946859903382 0.043478260869565216 0.06763285024154589 0.05555555555555555 0.6256038647342995 
0.33125 0.0375 0.065625 0.475 0.090625 
0.10622710622710622 0.12087912087912088 0.336996336996337 0.3553113553113553 0.08058608058608059 
0.03953771289537713 0.01824817518248175 0.11982968369829684 0.76338199513382 0.05900243309002433 
0.052083333333333336 0.03819444444444445 0.5520833333333334 0.19444444444444445 0.16319444444444445 
0.168141592920354 0.13274336283185842 0.1504424778761062 0.18584070796460178 0.36283185840707965 
0.07488986784140969 0.02643171806167401 0.15859030837004406 0.6828193832599119 0.05726872246696035 
0.08333333333333333 0.7727272727272727 0.045454545454545456 0.045454545454545456 0.05303030303030303 
0.10457516339869281 0.0784313725490196 0.1111111111111111 0.0915032679738562 0.6143790849673203 
0.08178438661710037 0.04460966542750929 0.08178438661710037 0.2788104089219331 0.5130111524163569 
0.15625 0.07386363636363637 0.1846590909090909 0.10227272727272728 0.48295454545454547 
0.10317460317460317 0.05291005291005291 0.1746031746031746 0.1111111111111111 0.5582010582010583 
0.06902985074626866 0.033582089552238806 0.05223880597014925 0.8003731343283582 0.04477611940298507 
0.09375 0.059895833333333336 0.5182291666666666 0.2604166666666667 0.06770833333333333 
0.09025270758122744 0.04332129963898917 0.039711191335740074 0.05415162454873646 0.7725631768953068 
0.04150943396226415 0.02830188679245283 0.035849056603773584 0.1 0.7943396226415095 
0.06382978723404255 0.05531914893617021 0.05531914893617021 0.06808510638297872 0.7574468085106383 
0.08806818181818182 0.028409090909090908 0.11505681818181818 0.71875 0.04971590909090909 
0.11297071129707113 0.05439330543933055 0.0502092050209205 0.11297071129707113 0.6694560669456067 
0.2545871559633027 0.22935779816513763 0.25 0.14908256880733944 0.11697247706422019 
0.07488986784140969 0.05286343612334802 0.17180616740088106 0.5418502202643172 0.15859030837004406 
0.045112781954887216 0.7105263157894737 0.13909774436090225 0.06390977443609022 0.041353383458646614 
0.04861111111111111 0.04398148148148148 0.05324074074074074 0.09490740740740741 0.7592592592592593 
0.17803030303030304 0.045454545454545456 0.08333333333333333 0.5871212121212122 0.10606060606060606 
0.49157303370786515 0.0449438202247191 0.056179775280898875 0.12078651685393259 0.28651685393258425 
0.152 0.128 0.144 0.392 0.184 
0.3218390804597701 0.24904214559386972 0.1417624521072797 0.1417624521072797 0.14559386973180077 
0.17277486910994763 0.13089005235602094 0.5235602094240838 0.1099476439790576 0.06282722513089005 
0.052830188679245285 0.8113207547169812 0.04905660377358491 0.04150943396226415 0.045283018867924525 
0.04807692307692308 0.019230769230769232 0.05631868131868132 0.038461538461538464 0.8379120879120879 
0.15559895833333334 0.03515625 0.109375 0.09505208333333333 0.6048177083333334 
0.29411764705882354 0.06818181818181818 0.17379679144385027 0.2767379679144385 0.18716577540106952 
0.6140350877192983 0.09941520467836257 0.08771929824561403 0.08771929824561403 0.1111111111111111 
