0.09271523178807947 0.10927152317880795 0.17549668874172186 0.5894039735099338 0.033112582781456956 
0.1111111111111111 0.08080808080808081 0.6616161616161617 0.09595959595959595 0.050505050505050504 
0.21568627450980393 0.19607843137254902 0.19607843137254902 0.19607843137254902 0.19607843137254902 
0.009871668311944718 0.01085883514313919 0.01085883514313919 0.009871668311944718 0.9585389930898321 
0.19230769230769232 0.21153846153846154 0.19230769230769232 0.21153846153846154 0.19230769230769232 
0.07272727272727272 0.07012987012987013 0.06493506493506493 0.7662337662337663 0.025974025974025976 
0.19298245614035087 0.22807017543859648 0.21052631578947367 0.17543859649122806 0.19298245614035087 
0.15263157894736842 0.10526315789473684 0.07368421052631578 0.6157894736842106 0.05263157894736842 
0.18666666666666668 0.2 0.3333333333333333 0.14666666666666667 0.13333333333333333 
0.8571428571428571 0.07352941176470588 0.02100840336134454 0.03676470588235294 0.011554621848739496 
0.06790123456790123 0.037037037037037035 0.8148148148148148 0.04938271604938271 0.030864197530864196 
0.09164420485175202 0.09164420485175202 0.07547169811320754 0.7115902964959568 0.029649595687331536 
0.008710801393728223 0.009581881533101045 0.009581881533101045 0.008710801393728223 0.9634146341463414 
0.06790123456790123 0.06790123456790123 0.691358024691358 0.1111111111111111 0.06172839506172839 
0.1509433962264151 0.14150943396226415 0.11320754716981132 0.49056603773584906 0.10377358490566038 
0.125 0.5869565217391305 0.16304347826086957 0.07065217391304347 0.05434782608695652 
0.08208955223880597 0.08208955223880597 0.664179104477612 0.12313432835820895 0.048507462686567165 
0.16030534351145037 0.29770992366412213 0.3511450381679389 0.15267175572519084 0.03816793893129771 
0.10434782608695652 0.10434782608695652 0.591304347826087 0.11304347826086956 0.08695652173913043 
0.18518518518518517 0.2037037037037037 0.2222222222222222 0.2037037037037037 0.18518518518518517 
0.1295843520782396 0.07090464547677261 0.7090464547677262 0.06601466992665037 0.02444987775061125 
0.22807017543859648 0.17543859649122806 0.24561403508771928 0.17543859649122806 0.17543859649122806 
0.08979591836734693 0.053061224489795916 0.763265306122449 0.053061224489795916 0.04081632653061224 
0.19642857142857142 0.17857142857142858 0.25 0.19642857142857142 0.17857142857142858 
0.05714285714285714 0.10285714285714286 0.6857142857142857 0.09714285714285714 0.05714285714285714 
0.0074794315632011965 0.0074794315632011965 0.008227374719521317 0.0074794315632011965 0.9693343305908751 
0.2 0.18181818181818182 0.23636363636363636 0.2 0.18181818181818182 
0.04477611940298507 0.041044776119402986 0.8097014925373134 0.06716417910447761 0.03731343283582089 
0.2 0.2 0.2 0.2 0.2 
0.3211009174311927 0.05045871559633028 0.1926605504587156 0.38990825688073394 0.045871559633027525 
0.1111111111111111 0.1388888888888889 0.0763888888888889 0.6041666666666666 0.06944444444444445 
0.515686274509804 0.12549019607843137 0.1450980392156863 0.19411764705882353 0.0196078431372549 
0.08579881656804733 0.7100591715976331 0.05325443786982249 0.12130177514792899 0.029585798816568046 
0.3877551020408163 0.14285714285714285 0.24489795918367346 0.1564625850340136 0.06802721088435375 
0.09239130434782608 0.07065217391304347 0.7228260869565217 0.059782608695652176 0.05434782608695652 
0.049586776859504134 0.6391184573002755 0.1790633608815427 0.10192837465564739 0.030303030303030304 
0.8098039215686275 0.058823529411764705 0.056862745098039215 0.054901960784313725 0.0196078431372549 
0.0521415270018622 0.061452513966480445 0.8361266294227188 0.0297951582867784 0.020484171322160148 
0.18315018315018314 0.45787545787545786 0.18315018315018314 0.13186813186813187 0.04395604395604396 
0.11042944785276074 0.10429447852760736 0.5644171779141104 0.15950920245398773 0.06134969325153374 
0.828665568369028 0.019769357495881382 0.10049423393739704 0.032948929159802305 0.018121911037891267 
0.2571428571428571 0.2571428571428571 0.14285714285714285 0.28 0.06285714285714286 
0.10126582278481013 0.052742616033755275 0.7763713080168776 0.04852320675105485 0.02109704641350211 
0.01765650080256822 0.01765650080256822 0.016051364365971106 0.016051364365971106 0.9325842696629213 
0.07149853085210578 0.22135161606268364 0.6101860920666013 0.08521057786483839 0.011753183153770812 
0.21153846153846154 0.21153846153846154 0.19230769230769232 0.19230769230769232 0.19230769230769232 
0.007575757575757576 0.007575757575757576 0.008333333333333333 0.007575757575757576 0.968939393939394 
0.1388888888888889 0.6180555555555556 0.1076388888888889 0.10069444444444445 0.034722222222222224 
0.0954356846473029 0.11203319502074689 0.14522821576763487 0.6058091286307054 0.04149377593360996 
0.10729253981559095 0.7267393126571668 0.12070410729253982 0.03520536462699078 0.010058675607711651 
0.8697788697788698 0.056511056511056514 0.02334152334152334 0.036855036855036855 0.013513513513513514 
0.06493506493506493 0.02857142857142857 0.8285714285714286 0.05194805194805195 0.025974025974025976 
0.0963302752293578 0.11467889908256881 0.07339449541284404 0.6697247706422018 0.045871559633027525 
0.09375 0.0875 0.675 0.109375 0.034375 
0.05555555555555555 0.08333333333333333 0.09567901234567901 0.7345679012345679 0.030864197530864196 
0.09090909090909091 0.5303030303030303 0.21212121212121213 0.09090909090909091 0.07575757575757576 
0.12179487179487179 0.08333333333333333 0.5833333333333334 0.14743589743589744 0.0641025641025641 
0.7584415584415585 0.04935064935064935 0.06493506493506493 0.1012987012987013 0.025974025974025976 
0.8249286393910561 0.08277830637488107 0.02759276879162702 0.05423406279733587 0.010466222645099905 
0.08505154639175258 0.07731958762886598 0.7448453608247423 0.06701030927835051 0.02577319587628866 
0.10625 0.0875 0.63125 0.10625 0.06875 
0.061274509803921566 0.03431372549019608 0.8088235294117647 0.07107843137254902 0.024509803921568627 
0.0949367088607595 0.0949367088607595 0.6075949367088608 0.13924050632911392 0.06329113924050633 
0.07692307692307693 0.04395604395604396 0.7985347985347986 0.040293040293040296 0.040293040293040296 
0.3844241922120961 0.3728251864125932 0.164043082021541 0.07042253521126761 0.008285004142502071 
0.04885057471264368 0.028735632183908046 0.8505747126436781 0.04310344827586207 0.028735632183908046 
0.008064516129032258 0.006823821339950372 0.006823821339950372 0.00620347394540943 0.9720843672456576 
0.007473841554559043 0.007473841554559043 0.007473841554559043 0.007473841554559043 0.9701046337817638 
0.11049723756906077 0.04143646408839779 0.7707182320441989 0.049723756906077346 0.027624309392265192 
0.2534246575342466 0.10273972602739725 0.2191780821917808 0.3561643835616438 0.0684931506849315 
0.9569174757281553 0.010922330097087379 0.020024271844660196 0.008798543689320388 0.003337378640776699 
0.09316770186335403 0.08695652173913043 0.6024844720496895 0.15527950310559005 0.062111801242236024 
0.061224489795918366 0.7755102040816326 0.04897959183673469 0.07346938775510205 0.04081632653061224 
0.23127753303964757 0.039647577092511016 0.07709251101321586 0.6277533039647577 0.024229074889867842 
0.11842105263157894 0.042105263157894736 0.6631578947368421 0.14736842105263157 0.02894736842105263 
0.10869565217391304 0.6304347826086957 0.09239130434782608 0.11413043478260869 0.05434782608695652 
0.06224066390041494 0.07053941908713693 0.7593360995850622 0.06639004149377593 0.04149377593360996 
0.10902255639097744 0.15789473684210525 0.5827067669172933 0.11278195488721804 0.03759398496240601 
0.3949579831932773 0.11764705882352941 0.23529411764705882 0.16806722689075632 0.08403361344537816 
0.10927152317880795 0.08278145695364239 0.6258278145695364 0.1456953642384106 0.03642384105960265 
0.3149171270718232 0.143646408839779 0.3259668508287293 0.16022099447513813 0.055248618784530384 
0.782991202346041 0.05278592375366569 0.10557184750733138 0.02932551319648094 0.02932551319648094 
0.04878048780487805 0.03523035230352303 0.8265582655826558 0.06233062330623306 0.02710027100271003 
0.028350515463917526 0.02577319587628866 0.028350515463917526 0.02577319587628866 0.8917525773195877 
0.25882352941176473 0.46176470588235297 0.19411764705882353 0.05588235294117647 0.029411764705882353 
0.1388888888888889 0.4166666666666667 0.1527777777777778 0.1527777777777778 0.1388888888888889 
0.008873114463176575 0.008873114463176575 0.008873114463176575 0.008873114463176575 0.9645075421472937 
0.20967741935483872 0.24193548387096775 0.20967741935483872 0.1774193548387097 0.16129032258064516 
0.09223300970873786 0.07766990291262135 0.1262135922330097 0.6456310679611651 0.05825242718446602 
0.15695067264573992 0.14573991031390135 0.6165919282511211 0.05829596412556054 0.02242152466367713 
0.22666666666666666 0.18666666666666668 0.30666666666666664 0.14666666666666667 0.13333333333333333 
0.876803551609323 0.05771365149833518 0.021087680355160933 0.03107658157602664 0.013318534961154272 
0.06810284920083391 0.7421820708825573 0.1369006254343294 0.04586518415566365 0.006949270326615705 
0.07425742574257425 0.0594059405940594 0.7326732673267327 0.08415841584158416 0.04950495049504951 
0.19607843137254902 0.19607843137254902 0.19607843137254902 0.21568627450980393 0.19607843137254902 
0.9555489260143198 0.008651551312649164 0.0220763723150358 0.00954653937947494 0.004176610978520286 
0.07352941176470588 0.5637254901960784 0.23039215686274508 0.08333333333333333 0.049019607843137254 
0.1095890410958904 0.13013698630136986 0.547945205479452 0.136986301369863 0.07534246575342465 
0.06463878326996197 0.7680608365019012 0.06844106463878327 0.060836501901140684 0.03802281368821293 
0.1348314606741573 0.16853932584269662 0.33707865168539325 0.23595505617977527 0.12359550561797752 
0.19642857142857142 0.19642857142857142 0.19642857142857142 0.23214285714285715 0.17857142857142858 
0.09523809523809523 0.03571428571428571 0.8194444444444444 0.02976190476190476 0.01984126984126984 
0.12745098039215685 0.049019607843137254 0.7205882352941176 0.07598039215686274 0.02696078431372549 
0.17846153846153845 0.5815384615384616 0.11384615384615385 0.09538461538461539 0.03076923076923077 
0.19298245614035087 0.16885964912280702 0.4473684210526316 0.16666666666666666 0.02412280701754386 
0.06565656565656566 0.06060606060606061 0.7575757575757576 0.06565656565656566 0.050505050505050504 
0.0044194455604660505 0.0044194455604660505 0.004017677782241864 0.004017677782241864 0.9831257533145842 
0.08823529411764706 0.0625 0.7996323529411765 0.03125 0.01838235294117647 
0.00510204081632653 0.00510204081632653 0.005612244897959183 0.00510204081632653 0.9790816326530613 
0.13043478260869565 0.07065217391304347 0.6793478260869565 0.059782608695652176 0.059782608695652176 
0.18518518518518517 0.18518518518518517 0.24074074074074073 0.2037037037037037 0.18518518518518517 
0.11258278145695365 0.11258278145695365 0.5364238410596026 0.17218543046357615 0.06622516556291391 
0.14054054054054055 0.10270270270270271 0.518918918918919 0.1837837837837838 0.05405405405405406 
0.3282051282051282 0.046153846153846156 0.5641025641025641 0.044444444444444446 0.017094017094017096 
0.09933774834437085 0.5629139072847682 0.09933774834437085 0.16556291390728478 0.0728476821192053 
0.04116222760290557 0.024213075060532687 0.8765133171912833 0.03389830508474576 0.024213075060532687 
0.17891373801916932 0.19488817891373802 0.49201277955271566 0.09584664536741214 0.038338658146964855 
0.21818181818181817 0.21818181818181817 0.18181818181818182 0.2 0.18181818181818182 
0.33507853403141363 0.041884816753926704 0.5462478184991274 0.05759162303664921 0.019197207678883072 
0.06430868167202572 0.05466237942122187 0.77491961414791 0.07395498392282958 0.03215434083601286 
0.21153846153846154 0.21153846153846154 0.19230769230769232 0.19230769230769232 0.19230769230769232 
0.09751434034416825 0.045889101338432124 0.8126195028680688 0.0248565965583174 0.019120458891013385 
0.009478672985781991 0.009478672985781991 0.01042654028436019 0.009478672985781991 0.9611374407582939 
0.0794392523364486 0.7542056074766356 0.13271028037383178 0.02336448598130841 0.010280373831775701 
0.2033898305084746 0.23728813559322035 0.2033898305084746 0.1864406779661017 0.1694915254237288 
0.014970059880239521 0.014970059880239521 0.016467065868263474 0.014970059880239521 0.938622754491018 
0.20689655172413793 0.12931034482758622 0.27586206896551724 0.28448275862068967 0.10344827586206896 
0.20754716981132076 0.18867924528301888 0.18867924528301888 0.22641509433962265 0.18867924528301888 
0.009671179883945842 0.009671179883945842 0.010638297872340425 0.012572533849129593 0.9574468085106383 
0.0632688927943761 0.0351493848857645 0.8260105448154658 0.056239015817223195 0.019332161687170474 
0.30297029702970296 0.4871287128712871 0.04950495049504951 0.13465346534653466 0.02574257425742574 
0.5256410256410257 0.13782051282051283 0.14102564102564102 0.15705128205128205 0.038461538461538464 
0.6390041493775933 0.11618257261410789 0.11203319502074689 0.08713692946058091 0.04564315352697095 
0.18309859154929578 0.2676056338028169 0.29577464788732394 0.18309859154929578 0.07042253521126761 
0.16666666666666666 0.15384615384615385 0.16666666666666666 0.38461538461538464 0.1282051282051282 
0.06666666666666667 0.5692307692307692 0.23076923076923078 0.07692307692307693 0.05641025641025641 
0.048672566371681415 0.03392330383480826 0.8672566371681416 0.03392330383480826 0.016224188790560472 
0.4451219512195122 0.08536585365853659 0.27439024390243905 0.13414634146341464 0.06097560975609756 
0.535175879396985 0.17336683417085427 0.12562814070351758 0.13316582914572864 0.032663316582914576 
0.06967213114754098 0.0860655737704918 0.7172131147540983 0.0860655737704918 0.040983606557377046 
0.48258706467661694 0.14427860696517414 0.1890547263681592 0.12437810945273632 0.05970149253731343 
0.11650485436893204 0.1262135922330097 0.5339805825242718 0.1262135922330097 0.0970873786407767 
0.07528957528957529 0.03088803088803089 0.833976833976834 0.04054054054054054 0.019305019305019305 
0.17739628040057226 0.2532188841201717 0.060085836909871244 0.4864091559370529 0.022889842632331903 
0.2 0.2 0.21818181818181817 0.2 0.18181818181818182 
0.09019607843137255 0.09803921568627451 0.596078431372549 0.16862745098039217 0.047058823529411764 
0.06832298136645963 0.040372670807453416 0.8074534161490683 0.052795031055900624 0.031055900621118012 
0.1206896551724138 0.06896551724137931 0.6666666666666666 0.08620689655172414 0.05747126436781609 
0.012106537530266344 0.012106537530266344 0.012106537530266344 0.013317191283292978 0.950363196125908 
0.0025303643724696357 0.002783400809716599 0.0025303643724696357 0.0025303643724696357 0.9896255060728745 
0.0030497102775236353 0.0030497102775236353 0.0030497102775236353 0.0030497102775236353 0.9878011588899055 
0.1111111111111111 0.0763888888888889 0.625 0.11805555555555555 0.06944444444444445 
0.08873720136518772 0.15017064846416384 0.6245733788395904 0.09897610921501707 0.03754266211604096 
0.20402298850574713 0.05459770114942529 0.6494252873563219 0.05747126436781609 0.034482758620689655 
0.10743801652892562 0.04132231404958678 0.699724517906336 0.12121212121212122 0.030303030303030304 
0.05647058823529412 0.03294117647058824 0.8447058823529412 0.042352941176470586 0.023529411764705882 
0.056818181818181816 0.06060606060606061 0.7689393939393939 0.07575757575757576 0.03787878787878788 
0.13513513513513514 0.05855855855855856 0.581081081081081 0.18018018018018017 0.04504504504504504 
0.1 0.07894736842105263 0.7 0.06842105263157895 0.05263157894736842 
0.11304347826086956 0.08695652173913043 0.5652173913043478 0.14782608695652175 0.08695652173913043 
0.21153846153846154 0.21153846153846154 0.19230769230769232 0.19230769230769232 0.19230769230769232 
0.06725146198830409 0.06432748538011696 0.716374269005848 0.12280701754385964 0.029239766081871343 
0.027548209366391185 0.027548209366391185 0.027548209366391185 0.027548209366391185 0.8898071625344353 
0.10317460317460317 0.5079365079365079 0.14285714285714285 0.16666666666666666 0.07936507936507936 
0.5758620689655173 0.13793103448275862 0.12758620689655173 0.12413793103448276 0.034482758620689655 
0.009157509157509158 0.009157509157509158 0.009157509157509158 0.010073260073260074 0.9624542124542125 
0.8834459459459459 0.028716216216216218 0.04054054054054054 0.030405405405405407 0.016891891891891893 
0.01838235294117647 0.02389705882352941 0.02022058823529412 0.01838235294117647 0.9191176470588235 
0.10460251046025104 0.15481171548117154 0.6192468619246861 0.07531380753138076 0.04602510460251046 
0.075 0.103125 0.05 0.7375 0.034375 
0.891271056661562 0.042879019908116385 0.027565084226646247 0.022970903522205207 0.015313935681470138 
0.17857142857142858 0.17857142857142858 0.26785714285714285 0.19642857142857142 0.17857142857142858 
0.08285714285714285 0.08285714285714285 0.09142857142857143 0.7142857142857143 0.02857142857142857 
0.1797520661157025 0.1859504132231405 0.1012396694214876 0.49793388429752067 0.03512396694214876 
0.06666666666666667 0.09230769230769231 0.11794871794871795 0.6666666666666666 0.05641025641025641 
0.17857142857142858 0.17857142857142858 0.23214285714285715 0.23214285714285715 0.17857142857142858 
0.1375 0.35625 0.23125 0.2125 0.0625 
0.072992700729927 0.15328467153284672 0.09854014598540146 0.6313868613138686 0.043795620437956206 
0.5677083333333334 0.21875 0.13020833333333334 0.0546875 0.028645833333333332 
0.07142857142857142 0.05102040816326531 0.7551020408163265 0.0663265306122449 0.05612244897959184 
0.17616580310880828 0.5181347150259067 0.06735751295336788 0.18134715025906736 0.05699481865284974 
0.06629834254143646 0.055248618784530384 0.7292817679558011 0.08287292817679558 0.06629834254143646 
0.0875 0.06875 0.70625 0.075 0.0625 
0.10396039603960396 0.15841584158415842 0.09405940594059406 0.5841584158415841 0.0594059405940594 
0.12631578947368421 0.056140350877192984 0.7333333333333333 0.04912280701754386 0.03508771929824561 
0.0625 0.036458333333333336 0.8229166666666666 0.052083333333333336 0.026041666666666668 
0.06761565836298933 0.046263345195729534 0.7402135231316725 0.08540925266903915 0.060498220640569395 
0.004321808510638298 0.0036569148936170214 0.003989361702127659 0.0036569148936170214 0.984375 
0.007668711656441718 0.00843558282208589 0.00843558282208589 0.00843558282208589 0.9670245398773006 
0.08184143222506395 0.10230179028132992 0.6317135549872123 0.15601023017902813 0.028132992327365727 
0.03546099290780142 0.03546099290780142 0.03546099290780142 0.03546099290780142 0.8581560283687943 
0.17857142857142858 0.19642857142857142 0.21428571428571427 0.23214285714285715 0.17857142857142858 
0.145 0.06 0.655 0.09 0.05 
0.13056379821958458 0.05341246290801187 0.26706231454005935 0.5192878338278932 0.02967359050445104 
0.3157894736842105 0.14473684210526316 0.2236842105263158 0.18421052631578946 0.13157894736842105 
0.06451612903225806 0.07917888563049853 0.7360703812316716 0.08797653958944282 0.03225806451612903 
0.7828571428571428 0.05142857142857143 0.10285714285714286 0.03428571428571429 0.02857142857142857 
0.1092436974789916 0.5462184873949579 0.12605042016806722 0.12605042016806722 0.09243697478991597 
0.08 0.06666666666666667 0.6888888888888889 0.12 0.044444444444444446 
0.006795608991113434 0.005227391531625719 0.005227391531625719 0.00575013068478829 0.9769994772608468 
0.07142857142857142 0.13636363636363635 0.5454545454545454 0.18181818181818182 0.06493506493506493 
0.19607843137254902 0.21568627450980393 0.19607843137254902 0.19607843137254902 0.19607843137254902 
0.009474590869939707 0.008613264427217916 0.008613264427217916 0.008613264427217916 0.9646856158484065 
0.31024930747922436 0.49584487534626037 0.0997229916897507 0.06371191135734072 0.030470914127423823 
0.14473684210526316 0.14473684210526316 0.21052631578947367 0.3684210526315789 0.13157894736842105 
0.008756567425569177 0.008756567425569177 0.008756567425569177 0.010507880910683012 0.9632224168126094 
0.7614533965244866 0.09794628751974724 0.08056872037914692 0.04107424960505529 0.018957345971563982 
0.6548672566371682 0.17699115044247787 0.06858407079646017 0.07300884955752213 0.02654867256637168 
0.016541353383458645 0.016541353383458645 0.015037593984962405 0.015037593984962405 0.9368421052631579 
0.9189003436426116 0.01168384879725086 0.01718213058419244 0.04536082474226804 0.006872852233676976 
0.06489675516224189 0.06784660766961652 0.12684365781710916 0.7079646017699115 0.032448377581120944 
0.1623931623931624 0.1623931623931624 0.1282051282051282 0.46153846153846156 0.08547008547008547 
0.19607843137254902 0.21568627450980393 0.19607843137254902 0.19607843137254902 0.19607843137254902 
0.21686746987951808 0.21686746987951808 0.19879518072289157 0.30120481927710846 0.06626506024096386 
0.15364583333333334 0.3268229166666667 0.1015625 0.3997395833333333 0.018229166666666668 
0.11809045226130653 0.5025125628140703 0.10804020100502512 0.24120603015075376 0.03015075376884422 
0.6216931216931217 0.13756613756613756 0.08994708994708994 0.12433862433862433 0.026455026455026454 
0.060109289617486336 0.060109289617486336 0.7377049180327869 0.08196721311475409 0.060109289617486336 
0.1218274111675127 0.06091370558375635 0.08121827411167512 0.6852791878172588 0.050761421319796954 
0.09230769230769231 0.6293706293706294 0.07692307692307693 0.1874125874125874 0.013986013986013986 
0.05405405405405406 0.04391891891891892 0.8040540540540541 0.06418918918918919 0.033783783783783786 
0.06770833333333333 0.07291666666666667 0.06770833333333333 0.734375 0.057291666666666664 
0.0033028455284552847 0.003048780487804878 0.01092479674796748 0.9799288617886179 0.0027947154471544716 
0.09022556390977443 0.21052631578947367 0.46616541353383456 0.15789473684210525 0.07518796992481203 
0.07851239669421488 0.10743801652892562 0.7169421487603306 0.0743801652892562 0.022727272727272728 
0.09019607843137255 0.054901960784313725 0.7529411764705882 0.06274509803921569 0.0392156862745098 
0.08849557522123894 0.0420353982300885 0.046460176991150445 0.8008849557522124 0.022123893805309734 
0.003672420124862284 0.004039662137348513 0.003672420124862284 0.003672420124862284 0.9849430774880646 
0.09146341463414634 0.07317073170731707 0.6463414634146342 0.12804878048780488 0.06097560975609756 
0.007446016381236039 0.007446016381236039 0.008190618019359643 0.008190618019359643 0.9687267311988086 
0.10638297872340426 0.12056737588652482 0.5886524822695035 0.11347517730496454 0.07092198581560284 
0.008984725965858042 0.008984725965858042 0.008984725965858042 0.008984725965858042 0.9640610961365679 
0.024509803921568627 0.02696078431372549 0.024509803921568627 0.024509803921568627 0.8995098039215687 
0.17391304347826086 0.10869565217391304 0.4057971014492754 0.21739130434782608 0.09420289855072464 
0.3582887700534759 0.034224598930481284 0.08021390374331551 0.5165775401069519 0.0106951871657754 
0.7642679900744417 0.08519437551695616 0.07196029776674938 0.07030603804797353 0.008271298593879239 
0.06779661016949153 0.06497175141242938 0.6864406779661016 0.15254237288135594 0.02824858757062147 
0.4618937644341801 0.13394919168591224 0.10854503464203233 0.2678983833718245 0.02771362586605081 
0.06358381502890173 0.057803468208092484 0.7572254335260116 0.06358381502890173 0.057803468208092484 
0.0055617352614015575 0.006117908787541713 0.006117908787541713 0.0055617352614015575 0.9766407119021134 
0.15267175572519084 0.25190839694656486 0.12213740458015267 0.3969465648854962 0.07633587786259542 
0.19607843137254902 0.19607843137254902 0.19607843137254902 0.19607843137254902 0.21568627450980393 
0.18181818181818182 0.2545454545454545 0.18181818181818182 0.2 0.18181818181818182 
0.004380201489268506 0.004380201489268506 0.004818221638195357 0.004380201489268506 0.9820411738939991 
0.6192052980132451 0.09271523178807947 0.16556291390728478 0.08278145695364239 0.039735099337748346 
0.07763975155279502 0.11490683229813664 0.7267080745341615 0.049689440993788817 0.031055900621118012 
0.0034106412005457027 0.004433833560709414 0.003751705320600273 0.0034106412005457027 0.984993178717599 
0.058114812189936214 0.7696669029057406 0.1339475549255847 0.028348688873139617 0.009922041105598866 
0.08536585365853659 0.07317073170731707 0.09349593495934959 0.725609756097561 0.022357723577235773 
0.1598360655737705 0.2581967213114754 0.3155737704918033 0.22131147540983606 0.045081967213114756 
0.007787151200519144 0.006489292667099286 0.008436080467229072 0.007138221933809215 0.9701492537313433 
0.22452504317789293 0.1692573402417962 0.08117443868739206 0.5060449050086355 0.018998272884283247 
0.05241935483870968 0.0846774193548387 0.09274193548387097 0.7298387096774194 0.04032258064516129 
0.1703056768558952 0.14847161572052403 0.056768558951965066 0.5676855895196506 0.056768558951965066 
0.09387755102040816 0.710204081632653 0.10204081632653061 0.053061224489795916 0.04081632653061224 
0.18867924528301888 0.18867924528301888 0.20754716981132076 0.22641509433962265 0.18867924528301888 
0.04526748971193416 0.07818930041152264 0.06584362139917696 0.7695473251028807 0.0411522633744856 
0.9080590238365494 0.03178206583427923 0.03064699205448354 0.018161180476730987 0.011350737797956867 
0.145 0.076 0.08 0.689 0.01 
0.07643312101910828 0.21019108280254778 0.09554140127388536 0.5222929936305732 0.09554140127388536 
0.07604562737642585 0.3574144486692015 0.43346007604562736 0.09125475285171103 0.04182509505703422 
0.09803921568627451 0.09019607843137255 0.12549019607843137 0.6392156862745098 0.047058823529411764 
0.10741687979539642 0.1329923273657289 0.0639386189258312 0.6624040920716112 0.03324808184143223 
0.17543859649122806 0.17543859649122806 0.22807017543859648 0.24561403508771928 0.17543859649122806 
0.07281553398058252 0.05825242718446602 0.7669902912621359 0.05339805825242718 0.04854368932038835 
0.19815195071868583 0.3521560574948665 0.3891170431211499 0.04620123203285421 0.014373716632443531 
0.06944444444444445 0.06018518518518518 0.08333333333333333 0.7638888888888888 0.023148148148148147 
0.003280644199224575 0.0029824038174768863 0.0029824038174768863 0.0038771249627199524 0.9868774232031017 
0.05588235294117647 0.052941176470588235 0.7441176470588236 0.11764705882352941 0.029411764705882353 
0.09722222222222222 0.08333333333333333 0.6388888888888888 0.1111111111111111 0.06944444444444445 
0.003980099502487562 0.003316749585406302 0.003316749585406302 0.003316749585406302 0.9860696517412936 
0.08860759493670886 0.0949367088607595 0.6518987341772152 0.10126582278481013 0.06329113924050633 
0.007323568575233023 0.006657789613848202 0.006657789613848202 0.006657789613848202 0.9727030625832224 
0.017064846416382253 0.017064846416382253 0.01877133105802048 0.01877133105802048 0.9283276450511946 
0.05181347150259067 0.04231433506044905 0.8756476683937824 0.019861830742659757 0.010362694300518135 
0.059907834101382486 0.7511520737327189 0.07373271889400922 0.06912442396313365 0.04608294930875576 
0.021015761821366025 0.024518388791593695 0.8931698774080561 0.03152364273204904 0.0297723292469352 
0.0273972602739726 0.0273972602739726 0.0273972602739726 0.0273972602739726 0.8904109589041096 
0.05975395430579965 0.8172231985940246 0.040421792618629174 0.06502636203866433 0.01757469244288225 
0.19230769230769232 0.21153846153846154 0.21153846153846154 0.19230769230769232 0.19230769230769232 
0.19230769230769232 0.21153846153846154 0.19230769230769232 0.21153846153846154 0.19230769230769232 
0.005055611729019211 0.005055611729019211 0.005055611729019211 0.005055611729019211 0.9797775530839231 
0.7285318559556787 0.11911357340720222 0.06371191135734072 0.060941828254847646 0.027700831024930747 
0.1694915254237288 0.2033898305084746 0.2033898305084746 0.2542372881355932 0.1694915254237288 
0.01020408163265306 0.01020408163265306 0.011224489795918367 0.01020408163265306 0.9581632653061225 
0.20161290322580644 0.07258064516129033 0.125 0.5786290322580645 0.02217741935483871 
0.2962962962962963 0.41414141414141414 0.0707070707070707 0.18518518518518517 0.03367003367003367 
0.02444987775061125 0.02444987775061125 0.02444987775061125 0.02689486552567237 0.8997555012224939 
0.16111111111111112 0.11666666666666667 0.2 0.4666666666666667 0.05555555555555555 
0.21153846153846154 0.21153846153846154 0.19230769230769232 0.19230769230769232 0.19230769230769232 
0.2037037037037037 0.2037037037037037 0.2037037037037037 0.2037037037037037 0.18518518518518517 
0.037037037037037035 0.05864197530864197 0.3425925925925926 0.5308641975308642 0.030864197530864196 
0.05634920634920635 0.8777777777777778 0.02857142857142857 0.029365079365079365 0.007936507936507936 
0.43884892086330934 0.1079136690647482 0.20863309352517986 0.17266187050359713 0.07194244604316546 
0.12162162162162163 0.11486486486486487 0.10810810810810811 0.5878378378378378 0.06756756756756757 
0.10299003322259136 0.0946843853820598 0.053156146179401995 0.729235880398671 0.019933554817275746 
0.30434782608695654 0.2028985507246377 0.17391304347826086 0.17391304347826086 0.14492753623188406 
0.08796296296296297 0.09259259259259259 0.12962962962962962 0.6435185185185185 0.046296296296296294 
0.06143344709897611 0.08191126279863481 0.07849829351535836 0.7406143344709898 0.03754266211604096 
0.09900990099009901 0.12871287128712872 0.5247524752475248 0.1485148514851485 0.09900990099009901 
0.13872832369942195 0.5664739884393064 0.16184971098265896 0.07514450867052024 0.057803468208092484 
0.2996941896024465 0.1559633027522936 0.19877675840978593 0.3058103975535168 0.039755351681957186 
0.06158357771260997 0.05865102639296188 0.7947214076246334 0.05571847507331378 0.02932551319648094 
0.051587301587301584 0.5238095238095238 0.2976190476190476 0.0873015873015873 0.03968253968253968 
0.06497175141242938 0.096045197740113 0.09887005649717515 0.7090395480225988 0.031073446327683617 
0.044596912521440824 0.022298456260720412 0.8456260720411664 0.051457975986277875 0.036020583190394515 
0.00919732441471572 0.00919732441471572 0.008361204013377926 0.00919732441471572 0.9640468227424749 
0.06363636363636363 0.1318181818181818 0.15 0.6090909090909091 0.045454545454545456 
0.0625 0.044642857142857144 0.8214285714285714 0.041666666666666664 0.02976190476190476 
0.007668711656441718 0.007668711656441718 0.009969325153374233 0.007668711656441718 0.9670245398773006 
0.006297229219143577 0.0069269521410579345 0.0069269521410579345 0.006297229219143577 0.9735516372795969 
0.08125 0.0875 0.575 0.19375 0.0625 
0.017241379310344827 0.01567398119122257 0.01567398119122257 0.01567398119122257 0.9357366771159875 
0.17543859649122806 0.19298245614035087 0.2631578947368421 0.19298245614035087 0.17543859649122806 
0.11956521739130435 0.13043478260869565 0.4782608695652174 0.16304347826086957 0.10869565217391304 
0.060836501901140684 0.07984790874524715 0.7376425855513308 0.07984790874524715 0.04182509505703422 
0.08520179372197309 0.053811659192825115 0.7488789237668162 0.05829596412556054 0.053811659192825115 
0.01088139281828074 0.011969532100108813 0.01088139281828074 0.011969532100108813 0.9542981501632208 
0.8715596330275229 0.03486238532110092 0.05137614678899083 0.023853211009174313 0.01834862385321101 
0.19607843137254902 0.19607843137254902 0.19607843137254902 0.19607843137254902 0.21568627450980393 
0.023310023310023312 0.023310023310023312 0.023310023310023312 0.023310023310023312 0.9067599067599068 
0.7383419689119171 0.11658031088082901 0.06476683937823834 0.054404145077720206 0.025906735751295335 
0.06342494714587738 0.8012684989429175 0.07399577167019028 0.040169133192389 0.021141649048625793 
0.2037037037037037 0.18518518518518517 0.24074074074074073 0.18518518518518517 0.18518518518518517 
0.0065832784726793945 0.0065832784726793945 0.0065832784726793945 0.007241606319947334 0.9730085582620145 
0.13245033112582782 0.2980132450331126 0.17880794701986755 0.31788079470198677 0.0728476821192053 
0.05913978494623656 0.12903225806451613 0.7446236559139785 0.04032258064516129 0.026881720430107527 
0.21522556390977443 0.625 0.07706766917293233 0.07330827067669173 0.009398496240601503 
0.017699115044247787 0.017699115044247787 0.017699115044247787 0.017699115044247787 0.9292035398230089 
0.22291021671826625 0.18885448916408668 0.15479876160990713 0.39628482972136225 0.03715170278637771 
0.21153846153846154 0.19230769230769232 0.19230769230769232 0.21153846153846154 0.19230769230769232 
0.2037037037037037 0.2037037037037037 0.18518518518518517 0.2222222222222222 0.18518518518518517 
0.1036036036036036 0.0945945945945946 0.5225225225225225 0.22972972972972974 0.04954954954954955 
0.11805555555555555 0.06944444444444445 0.10416666666666667 0.6666666666666666 0.041666666666666664 
0.3665893271461717 0.02320185614849188 0.06728538283062645 0.531322505800464 0.01160092807424594 
0.5172413793103449 0.25517241379310346 0.10689655172413794 0.08275862068965517 0.03793103448275862 
0.05333333333333334 0.12444444444444444 0.08 0.6933333333333334 0.04888888888888889 
0.08244680851063829 0.2526595744680851 0.5159574468085106 0.1196808510638298 0.02925531914893617 
0.20809248554913296 0.10404624277456648 0.20809248554913296 0.42196531791907516 0.057803468208092484 
0.10144927536231885 0.07608695652173914 0.10869565217391304 0.677536231884058 0.036231884057971016 
0.11297071129707113 0.15481171548117154 0.08786610878661087 0.602510460251046 0.04184100418410042 
0.07474226804123711 0.13917525773195877 0.06701030927835051 0.6932989690721649 0.02577319587628866 
0.05596107055961071 0.0535279805352798 0.09002433090024331 0.7761557177615572 0.024330900243309004 
0.22816901408450704 0.16901408450704225 0.4676056338028169 0.10422535211267606 0.030985915492957747 
0.09859154929577464 0.5492957746478874 0.176056338028169 0.09859154929577464 0.07746478873239436 
0.044850498338870434 0.0664451827242525 0.04318936877076412 0.8289036544850499 0.016611295681063124 
0.005070993914807302 0.005070993914807302 0.005578093306288032 0.005070993914807302 0.97920892494929 
0.10689655172413794 0.1103448275862069 0.4482758620689655 0.3 0.034482758620689655 
0.05930470347648262 0.07975460122699386 0.10633946830265849 0.7321063394683026 0.022494887525562373 
0.009212730318257957 0.008375209380234505 0.008375209380234505 0.008375209380234505 0.9656616415410385 
0.1111111111111111 0.13131313131313133 0.5555555555555556 0.10101010101010101 0.10101010101010101 
0.016778523489932886 0.020134228187919462 0.016778523489932886 0.016778523489932886 0.9295302013422819 
0.08496732026143791 0.0784313725490196 0.6470588235294118 0.1111111111111111 0.0784313725490196 
0.017921146953405017 0.017921146953405017 0.017921146953405017 0.017921146953405017 0.9283154121863799 
0.08241758241758242 0.07142857142857142 0.7362637362637363 0.054945054945054944 0.054945054945054944 
0.15315315315315314 0.1891891891891892 0.44144144144144143 0.12612612612612611 0.09009009009009009 
0.0855614973262032 0.058823529411764705 0.7272727272727273 0.0748663101604278 0.053475935828877004 
0.4755244755244755 0.1048951048951049 0.21678321678321677 0.0979020979020979 0.1048951048951049 
0.26666666666666666 0.16 0.2733333333333333 0.23333333333333334 0.06666666666666667 
0.025974025974025976 0.025974025974025976 0.025974025974025976 0.025974025974025976 0.8961038961038961 
0.1519756838905775 0.15501519756838905 0.12462006079027356 0.5319148936170213 0.0364741641337386 
0.19298245614035087 0.17543859649122806 0.21052631578947367 0.24561403508771928 0.17543859649122806 
0.34104046242774566 0.4277456647398844 0.06358381502890173 0.13583815028901733 0.031791907514450865 
0.15 0.1375 0.15 0.125 0.4375 
0.13043478260869565 0.10869565217391304 0.4673913043478261 0.18478260869565216 0.10869565217391304 
0.18032786885245902 0.18032786885245902 0.22950819672131148 0.21311475409836064 0.19672131147540983 
0.18181818181818182 0.2 0.23636363636363636 0.2 0.18181818181818182 
0.015015015015015015 0.016516516516516516 0.015015015015015015 0.015015015015015015 0.9384384384384384 
0.0797872340425532 0.06914893617021277 0.07446808510638298 0.723404255319149 0.05319148936170213 
0.2222222222222222 0.19047619047619047 0.23809523809523808 0.19047619047619047 0.15873015873015872 
0.03459637561779242 0.07248764415156507 0.054365733113673806 0.8220757825370676 0.016474464579901153 
0.84 0.022857142857142857 0.05333333333333334 0.06476190476190476 0.01904761904761905 
0.0695364238410596 0.0695364238410596 0.07947019867549669 0.7483443708609272 0.033112582781456956 
0.18867924528301888 0.18867924528301888 0.22641509433962265 0.20754716981132076 0.18867924528301888 
0.03435114503816794 0.06297709923664122 0.03625954198473282 0.8473282442748091 0.019083969465648856 
0.06984126984126984 0.0873015873015873 0.049206349206349205 0.773015873015873 0.020634920634920634 
0.10457516339869281 0.6405228758169934 0.0718954248366013 0.11764705882352941 0.06535947712418301 
0.12037037037037036 0.5370370370370371 0.12962962962962962 0.12037037037037036 0.09259259259259259 
0.16167664670658682 0.16167664670658682 0.10179640718562874 0.5029940119760479 0.0718562874251497 
0.09170305676855896 0.19213973799126638 0.06986899563318777 0.6026200873362445 0.043668122270742356 
0.13380281690140844 0.4507042253521127 0.1267605633802817 0.2112676056338028 0.07746478873239436 
0.15384615384615385 0.4911242603550296 0.15976331360946747 0.1301775147928994 0.0650887573964497 
0.04699738903394256 0.08093994778067885 0.06788511749347259 0.7780678851174935 0.02610966057441253 
0.08440366972477065 0.06605504587155964 0.8 0.031192660550458717 0.01834862385321101 
0.07407407407407407 0.13991769547325103 0.51440329218107 0.23045267489711935 0.0411522633744856 
0.07733333333333334 0.10133333333333333 0.06133333333333333 0.72 0.04 
0.058823529411764705 0.058823529411764705 0.7486631016042781 0.08021390374331551 0.053475935828877004 
0.18840579710144928 0.12318840579710146 0.16666666666666666 0.43478260869565216 0.08695652173913043 
0.004614093959731544 0.0041946308724832215 0.0041946308724832215 0.0050335570469798654 0.9819630872483222 
0.06896551724137931 0.603448275862069 0.23275862068965517 0.06321839080459771 0.031609195402298854 
0.13448275862068965 0.1482758620689655 0.07586206896551724 0.6068965517241379 0.034482758620689655 
0.11235955056179775 0.12359550561797752 0.5168539325842697 0.12359550561797752 0.12359550561797752 
0.00510204081632653 0.00510204081632653 0.005612244897959183 0.00510204081632653 0.9790816326530613 
0.10869565217391304 0.10869565217391304 0.532608695652174 0.14130434782608695 0.10869565217391304 
0.006811989100817439 0.006811989100817439 0.006811989100817439 0.006811989100817439 0.9727520435967303 
0.0684931506849315 0.0821917808219178 0.6301369863013698 0.1506849315068493 0.0684931506849315 
0.09900990099009901 0.13861386138613863 0.5247524752475248 0.13861386138613863 0.09900990099009901 
0.0891089108910891 0.0594059405940594 0.7326732673267327 0.06930693069306931 0.04950495049504951 
0.05473372781065089 0.8698224852071006 0.023668639053254437 0.03550295857988166 0.016272189349112426 
0.8220973782771536 0.03932584269662921 0.04119850187265917 0.07865168539325842 0.018726591760299626 
0.019120458891013385 0.021032504780114723 0.019120458891013385 0.019120458891013385 0.9216061185468452 
0.8029925187032418 0.04239401496259352 0.08478802992518704 0.04488778054862843 0.02493765586034913 
0.19230769230769232 0.21153846153846154 0.21153846153846154 0.19230769230769232 0.19230769230769232 
0.029023746701846966 0.026385224274406333 0.026385224274406333 0.026385224274406333 0.8918205804749341 
0.40784313725490196 0.1588235294117647 0.3352941176470588 0.07450980392156863 0.023529411764705882 
0.16129032258064516 0.1935483870967742 0.3225806451612903 0.16129032258064516 0.16129032258064516 
0.19607843137254902 0.19607843137254902 0.19607843137254902 0.21568627450980393 0.19607843137254902 
0.022172949002217297 0.022172949002217297 0.022172949002217297 0.022172949002217297 0.9113082039911308 
0.11578947368421053 0.05789473684210526 0.08421052631578947 0.6894736842105263 0.05263157894736842 
