0.06051873198847262 0.07492795389048991 0.6858789625360231 0.10951008645533142 0.069164265129683 
0.6652892561983471 0.10330578512396695 0.0640495867768595 0.11983471074380166 0.047520661157024795 
0.2297824874511991 0.3006134969325153 0.2738427216954824 0.17791411042944785 0.01784718349135527 
0.04318936877076412 0.8471760797342193 0.04983388704318937 0.03986710963455149 0.019933554817275746 
0.1956521739130435 0.2536231884057971 0.2971014492753623 0.20652173913043478 0.04710144927536232 
0.051587301587301584 0.05952380952380952 0.05555555555555555 0.05555555555555555 0.7777777777777778 
0.07253886010362694 0.03454231433506045 0.7495682210708118 0.10880829015544041 0.03454231433506045 
0.08488063660477453 0.11140583554376658 0.5862068965517241 0.14058355437665782 0.07692307692307693 
0.8484848484848485 0.04696969696969697 0.03636363636363636 0.048484848484848485 0.019696969696969695 
0.14285714285714285 0.31868131868131866 0.32967032967032966 0.11538461538461539 0.09340659340659341 
0.08045977011494253 0.6436781609195402 0.09195402298850575 0.1206896551724138 0.06321839080459771 
0.4607329842931937 0.18848167539267016 0.06806282722513089 0.17801047120418848 0.10471204188481675 
0.12618296529968454 0.1829652996845426 0.29337539432176657 0.305993690851735 0.0914826498422713 
0.07586206896551724 0.7034482758620689 0.1 0.04827586206896552 0.07241379310344828 
0.171875 0.3151041666666667 0.17447916666666666 0.3020833333333333 0.036458333333333336 
0.15723270440251572 0.5786163522012578 0.1069182389937107 0.0880503144654088 0.06918238993710692 
0.17037861915367483 0.12360801781737193 0.5913140311804009 0.0779510022271715 0.036748329621380846 
0.517799352750809 0.06796116504854369 0.10032362459546926 0.24271844660194175 0.07119741100323625 
0.040160642570281124 0.04417670682730924 0.04417670682730924 0.11646586345381527 0.7550200803212851 
0.4233576642335766 0.18248175182481752 0.18248175182481752 0.10948905109489052 0.10218978102189781 
0.23916292974588937 0.08520179372197309 0.09267563527653214 0.5560538116591929 0.026905829596412557 
0.09704251386321626 0.15711645101663585 0.06007393715341959 0.655268022181146 0.030499075785582256 
0.8232323232323232 0.045454545454545456 0.04377104377104377 0.0707070707070707 0.016835016835016835 
0.04215456674473068 0.8688524590163934 0.02576112412177986 0.02576112412177986 0.03747072599531616 
0.06940874035989718 0.05912596401028278 0.5809768637532133 0.17223650385604114 0.11825192802056556 
0.0918918918918919 0.32972972972972975 0.34594594594594597 0.12972972972972974 0.10270270270270271 
0.13233082706766916 0.08721804511278196 0.16691729323308271 0.5744360902255639 0.039097744360902256 
0.0989010989010989 0.12637362637362637 0.5164835164835165 0.13736263736263737 0.12087912087912088 
0.1958041958041958 0.13636363636363635 0.4160839160839161 0.12237762237762238 0.12937062937062938 
0.28705882352941176 0.12705882352941175 0.18823529411764706 0.15529411764705883 0.24235294117647058 
0.045655375552282766 0.4889543446244477 0.08541973490427099 0.3637702503681885 0.016200294550810016 
0.12290502793296089 0.3463687150837989 0.3407821229050279 0.15363128491620112 0.036312849162011177 
0.3049645390070922 0.5035460992907801 0.04964539007092199 0.09219858156028368 0.04964539007092199 
0.6241299303944315 0.0951276102088167 0.08584686774941995 0.14617169373549885 0.048723897911832945 
0.15845070422535212 0.08450704225352113 0.4119718309859155 0.2535211267605634 0.09154929577464789 
0.19389978213507625 0.05664488017429194 0.20915032679738563 0.16775599128540306 0.37254901960784315 
0.046511627906976744 0.05813953488372093 0.748062015503876 0.08527131782945736 0.06201550387596899 
0.12410071942446044 0.7715827338129496 0.03597122302158273 0.044964028776978415 0.023381294964028777 
0.19119878603945373 0.06069802731411229 0.15781487101669195 0.5493171471927162 0.0409711684370258 
0.42134831460674155 0.29775280898876405 0.09550561797752809 0.12359550561797752 0.06179775280898876 
0.5769230769230769 0.13986013986013987 0.14685314685314685 0.08391608391608392 0.05244755244755245 
0.2553191489361702 0.11170212765957446 0.0797872340425532 0.4574468085106383 0.09574468085106383 
0.6893617021276596 0.10851063829787234 0.03404255319148936 0.13617021276595745 0.031914893617021274 
0.10941475826972011 0.28498727735368956 0.46055979643765904 0.10432569974554708 0.04071246819338423 
0.09411764705882353 0.6352941176470588 0.07647058823529412 0.11176470588235295 0.08235294117647059 
0.14804469273743018 0.3268156424581006 0.33519553072625696 0.13966480446927373 0.05027932960893855 
0.06504065040650407 0.056910569105691054 0.044715447154471545 0.052845528455284556 0.7804878048780488 
0.09939759036144578 0.05421686746987952 0.04066265060240964 0.7650602409638554 0.04066265060240964 
0.08333333333333333 0.39814814814814814 0.08333333333333333 0.1111111111111111 0.32407407407407407 
0.16666666666666666 0.3115942028985507 0.178743961352657 0.2995169082125604 0.043478260869565216 
0.617314930991217 0.09284818067754078 0.10915934755332497 0.13048933500627352 0.050188205771643665 
0.1534090909090909 0.5227272727272727 0.09090909090909091 0.10795454545454546 0.125 
0.06785714285714285 0.7892857142857143 0.05 0.039285714285714285 0.05357142857142857 
0.10888252148997135 0.6934097421203438 0.07736389684813753 0.06876790830945559 0.05157593123209169 
0.6185185185185185 0.1111111111111111 0.1111111111111111 0.1 0.05925925925925926 
0.27702702702702703 0.24324324324324326 0.11486486486486487 0.17567567567567569 0.1891891891891892 
0.07281001137656427 0.04436860068259386 0.06598407281001138 0.800910125142207 0.015927189988623434 
0.1280120481927711 0.09036144578313253 0.06626506024096386 0.6686746987951807 0.046686746987951805 
0.060714285714285714 0.075 0.09642857142857143 0.039285714285714285 0.7285714285714285 
0.12718204488778054 0.5461346633416458 0.1371571072319202 0.11970074812967581 0.06982543640897755 
0.05148005148005148 0.8584298584298584 0.02445302445302445 0.05148005148005148 0.014157014157014158 
0.35051546391752575 0.12371134020618557 0.1958762886597938 0.18556701030927836 0.14432989690721648 
0.11702127659574468 0.48936170212765956 0.1595744680851064 0.1276595744680851 0.10638297872340426 
0.05405405405405406 0.07335907335907337 0.0694980694980695 0.04247104247104247 0.7606177606177607 
0.2515923566878981 0.08280254777070063 0.5254777070063694 0.06369426751592357 0.07643312101910828 
0.04779411764705882 0.058823529411764705 0.051470588235294115 0.058823529411764705 0.7830882352941176 
0.06181015452538632 0.5584988962472406 0.18101545253863136 0.16335540838852097 0.03532008830022075 
0.5788461538461539 0.10192307692307692 0.028846153846153848 0.12307692307692308 0.1673076923076923 
0.09976798143851508 0.5243619489559165 0.11832946635730858 0.20649651972157773 0.05104408352668213 
0.21912350597609562 0.5258964143426295 0.09163346613545817 0.07569721115537849 0.08764940239043825 
0.12177121771217712 0.14391143911439114 0.1881918819188192 0.47232472324723246 0.07380073800738007 
0.06962025316455696 0.08860759493670886 0.5379746835443038 0.2120253164556962 0.09177215189873418 
0.26785714285714285 0.060714285714285714 0.11428571428571428 0.08571428571428572 0.4714285714285714 
0.4888392857142857 0.08928571428571429 0.03794642857142857 0.12946428571428573 0.2544642857142857 
0.05384615384615385 0.8358974358974359 0.046153846153846156 0.038461538461538464 0.02564102564102564 
0.7013888888888888 0.1423611111111111 0.052083333333333336 0.06597222222222222 0.03819444444444445 
0.7463087248322148 0.03087248322147651 0.03087248322147651 0.17181208053691274 0.020134228187919462 
0.5454545454545454 0.13333333333333333 0.12727272727272726 0.09696969696969697 0.09696969696969697 
0.501937984496124 0.2054263565891473 0.05232558139534884 0.20930232558139536 0.031007751937984496 
0.03002309468822171 0.025404157043879907 0.03464203233256351 0.8752886836027713 0.03464203233256351 
0.8247078464106845 0.04340567612687813 0.045075125208681135 0.0667779632721202 0.02003338898163606 
0.042704626334519574 0.47330960854092524 0.060498220640569395 0.042704626334519574 0.3807829181494662 
0.52465483234714 0.1992110453648915 0.08678500986193294 0.15779092702169625 0.03155818540433925 
0.7636022514071295 0.1125703564727955 0.028142589118198873 0.0675422138836773 0.028142589118198873 
0.15352697095435686 0.6431535269709544 0.06639004149377593 0.08713692946058091 0.04979253112033195 
0.6613545816733067 0.16600265604249667 0.057104913678618856 0.09296148738379814 0.02257636122177955 
0.1328125 0.5203125 0.18125 0.13125 0.034375 
0.7556109725685786 0.0199501246882793 0.0399002493765586 0.16957605985037408 0.014962593516209476 
0.5247629083245522 0.06533192834562697 0.220231822971549 0.12223393045310854 0.06743940990516333 
0.06777777777777778 0.035555555555555556 0.8211111111111111 0.04555555555555556 0.03 
0.12030075187969924 0.6516290726817042 0.07769423558897243 0.10275689223057644 0.047619047619047616 
0.4281150159744409 0.4217252396166134 0.03354632587859425 0.08146964856230032 0.03514376996805112 
0.03782894736842105 0.8486842105263158 0.054276315789473686 0.03782894736842105 0.02138157894736842 
0.0982367758186398 0.3350125944584383 0.3979848866498741 0.11335012594458438 0.055415617128463476 
0.1780250347705146 0.627260083449235 0.06815020862308763 0.09457579972183588 0.031988873435326845 
0.15018315018315018 0.47985347985347987 0.1575091575091575 0.1684981684981685 0.04395604395604396 
0.8715596330275229 0.027522935779816515 0.03419516263552961 0.05337781484570475 0.013344453711426188 
0.5255905511811023 0.05511811023622047 0.06299212598425197 0.30708661417322836 0.04921259842519685 
0.04827586206896552 0.05862068965517241 0.05517241379310345 0.13448275862068965 0.7034482758620689 
0.1550632911392405 0.04219409282700422 0.06751054852320675 0.7067510548523207 0.028481012658227847 
0.5521064301552107 0.14412416851441243 0.09977827050997783 0.1574279379157428 0.04656319290465632 
0.0737527114967462 0.4316702819956616 0.18004338394793926 0.2885032537960954 0.026030368763557483 
0.15914489311163896 0.07838479809976247 0.24228028503562946 0.47030878859857483 0.0498812351543943 
0.2384428223844282 0.15328467153284672 0.11435523114355231 0.44282238442822386 0.051094890510948905 
0.0933852140077821 0.2198443579766537 0.5 0.1575875486381323 0.029182879377431907 
0.08547008547008547 0.0584045584045584 0.05413105413105413 0.7706552706552706 0.03133903133903134 
0.10823529411764705 0.06352941176470588 0.17411764705882352 0.548235294117647 0.10588235294117647 
0.34841628959276016 0.05279034690799397 0.05429864253393665 0.2398190045248869 0.3046757164404223 
0.1708185053380783 0.2775800711743772 0.2846975088967972 0.21708185053380782 0.0498220640569395 
0.18463444857496902 0.42874845105328374 0.1493184634448575 0.21561338289962825 0.02168525402726146 
0.09540636042402827 0.053003533568904596 0.0706713780918728 0.053003533568904596 0.7279151943462897 
0.09580838323353294 0.5568862275449101 0.17964071856287425 0.07784431137724551 0.08982035928143713 
0.2849740932642487 0.08808290155440414 0.45077720207253885 0.09585492227979274 0.08031088082901554 
0.09913793103448276 0.7068965517241379 0.06465517241379311 0.07758620689655173 0.05172413793103448 
0.107981220657277 0.38028169014084506 0.2863849765258216 0.15023474178403756 0.07511737089201878 
0.07942238267148015 0.6498194945848376 0.11913357400722022 0.07220216606498195 0.07942238267148015 
0.07246376811594203 0.6666666666666666 0.1111111111111111 0.07729468599033816 0.07246376811594203 
0.628482972136223 0.05263157894736842 0.04024767801857585 0.2260061919504644 0.05263157894736842 
0.7724665391969407 0.08986615678776291 0.04397705544933078 0.06692160611854685 0.02676864244741874 
0.026525198938992044 0.8673740053050398 0.03978779840848806 0.029177718832891247 0.03713527851458886 
0.2 0.21176470588235294 0.16470588235294117 0.15294117647058825 0.27058823529411763 
0.608955223880597 0.12238805970149254 0.05373134328358209 0.16119402985074627 0.05373134328358209 
0.13580246913580246 0.41975308641975306 0.1728395061728395 0.13580246913580246 0.13580246913580246 
0.13839285714285715 0.6428571428571429 0.08035714285714286 0.07142857142857142 0.06696428571428571 
0.17010309278350516 0.4742268041237113 0.10309278350515463 0.08247422680412371 0.17010309278350516 
0.892436974789916 0.02857142857142857 0.03277310924369748 0.03361344537815126 0.012605042016806723 
0.11764705882352941 0.09243697478991597 0.19327731092436976 0.40336134453781514 0.19327731092436976 
0.6701492537313433 0.14776119402985075 0.050746268656716415 0.11343283582089553 0.01791044776119403 
0.10227272727272728 0.08333333333333333 0.041666666666666664 0.041666666666666664 0.7310606060606061 
0.04525862068965517 0.8405172413793104 0.04310344827586207 0.04525862068965517 0.02586206896551724 
0.609704641350211 0.14978902953586498 0.07172995780590717 0.13291139240506328 0.035864978902953586 
0.2562674094707521 0.5682451253481894 0.055710306406685235 0.0807799442896936 0.03899721448467967 
0.6293103448275862 0.12931034482758622 0.06609195402298851 0.1235632183908046 0.05172413793103448 
0.3620689655172414 0.21264367816091953 0.1206896551724138 0.10919540229885058 0.19540229885057472 
0.16358024691358025 0.08950617283950617 0.2777777777777778 0.41975308641975306 0.04938271604938271 
0.042801556420233464 0.042801556420233464 0.10505836575875487 0.07003891050583658 0.7392996108949417 
0.15151515151515152 0.13852813852813853 0.44155844155844154 0.18181818181818182 0.08658008658008658 
0.12532299741602068 0.06718346253229975 0.07493540051679587 0.7028423772609819 0.029715762273901807 
0.5208333333333334 0.17261904761904762 0.07142857142857142 0.09523809523809523 0.13988095238095238 
0.056910569105691054 0.6802168021680217 0.08672086720867209 0.12466124661246612 0.051490514905149054 
0.4303030303030303 0.08484848484848485 0.09696969696969697 0.26666666666666666 0.12121212121212122 
0.044167610419026046 0.044167610419026046 0.8086070215175538 0.07814269535673839 0.02491506228765572 
0.13703703703703704 0.07777777777777778 0.07777777777777778 0.6666666666666666 0.040740740740740744 
0.09406952965235174 0.06134969325153374 0.5480572597137015 0.25971370143149286 0.03680981595092025 
0.13995943204868155 0.35699797160243407 0.3184584178498986 0.1075050709939148 0.07707910750507099 
0.03877551020408163 0.5142857142857142 0.04897959183673469 0.3673469387755102 0.030612244897959183 
0.22998729351969505 0.2388818297331639 0.04701397712833545 0.44599745870393903 0.03811944091486658 
0.589605734767025 0.17204301075268819 0.13620071684587814 0.08243727598566308 0.01971326164874552 
0.5884476534296029 0.1407942238267148 0.06859205776173286 0.1588447653429603 0.04332129963898917 
0.10198789974070872 0.8003457216940363 0.05099394987035436 0.03197925669835782 0.014693171996542784 
0.5309278350515464 0.15206185567010308 0.059278350515463915 0.21391752577319587 0.04381443298969072 
0.23997862105825762 0.3458043826830572 0.20416889363976484 0.19241047568145378 0.017637626937466594 
0.06326530612244897 0.6469387755102041 0.11632653061224489 0.13673469387755102 0.036734693877551024 
0.5078125 0.06770833333333333 0.19010416666666666 0.18229166666666666 0.052083333333333336 
0.03162486368593239 0.04471101417666303 0.8124318429661941 0.08505997818974918 0.026172300981461286 
0.11478260869565217 0.76 0.03130434782608696 0.07652173913043478 0.017391304347826087 
0.5843881856540084 0.189873417721519 0.056962025316455694 0.1350210970464135 0.03375527426160337 
0.11764705882352941 0.5588235294117647 0.11764705882352941 0.09803921568627451 0.10784313725490197 
0.7543323139653415 0.03567787971457696 0.02854230377166157 0.14780835881753313 0.03363914373088685 
0.3506944444444444 0.2013888888888889 0.0763888888888889 0.1111111111111111 0.2604166666666667 
0.04889589905362776 0.04258675078864353 0.7902208201892744 0.052050473186119876 0.06624605678233439 
0.1503267973856209 0.5751633986928104 0.0915032679738562 0.09803921568627451 0.08496732026143791 
0.10377358490566038 0.5943396226415094 0.09433962264150944 0.10377358490566038 0.10377358490566038 
0.10238907849829351 0.1296928327645051 0.06825938566552901 0.05802047781569966 0.6416382252559727 
0.17142857142857143 0.4642857142857143 0.1 0.15 0.11428571428571428 
0.051839464882943144 0.903010033444816 0.01588628762541806 0.020903010033444816 0.008361204013377926 
0.13595706618962433 0.4669051878354204 0.27906976744186046 0.09302325581395349 0.025044722719141325 
0.2840909090909091 0.1534090909090909 0.07954545454545454 0.1875 0.29545454545454547 
0.1018867924528302 0.06037735849056604 0.06037735849056604 0.06037735849056604 0.7169811320754716 
0.09047619047619047 0.06190476190476191 0.19285714285714287 0.36666666666666664 0.28809523809523807 
0.632183908045977 0.09578544061302682 0.05747126436781609 0.16091954022988506 0.05363984674329502 
0.10679611650485436 0.6019417475728155 0.0970873786407767 0.0970873786407767 0.0970873786407767 
0.08009708737864078 0.20388349514563106 0.5024271844660194 0.1407766990291262 0.07281553398058252 
0.12558139534883722 0.37209302325581395 0.26976744186046514 0.15813953488372093 0.07441860465116279 
0.10830324909747292 0.04332129963898917 0.04693140794223827 0.06859205776173286 0.7328519855595668 
0.2145922746781116 0.43991416309012876 0.16952789699570817 0.13733905579399142 0.03862660944206009 
0.08363636363636363 0.04727272727272727 0.04 0.12727272727272726 0.7018181818181818 
0.29545454545454547 0.05 0.33181818181818185 0.26136363636363635 0.06136363636363636 
0.040293040293040296 0.03907203907203907 0.045177045177045176 0.8583638583638583 0.017094017094017096 
0.658974358974359 0.12307692307692308 0.04871794871794872 0.14358974358974358 0.02564102564102564 
0.17916666666666667 0.058333333333333334 0.075 0.5791666666666667 0.10833333333333334 
0.08260869565217391 0.6739130434782609 0.06521739130434782 0.11739130434782609 0.06086956521739131 
0.04739336492890995 0.7630331753554502 0.08056872037914692 0.05687203791469194 0.052132701421800945 
0.6121673003802282 0.09505703422053231 0.11787072243346007 0.12927756653992395 0.045627376425855515 
0.0875106202209006 0.2982158028887001 0.46644010195412067 0.12234494477485132 0.025488530161427356 
0.08370044052863436 0.12334801762114538 0.4581497797356828 0.18061674008810572 0.15418502202643172 
0.13414634146341464 0.3926829268292683 0.06829268292682927 0.05365853658536585 0.35121951219512193 
0.6063408190224571 0.10700132100396301 0.14927344782034346 0.11096433289299867 0.026420079260237782 
0.10752688172043011 0.07168458781362007 0.03942652329749104 0.053763440860215055 0.7275985663082437 
0.40358744394618834 0.43796711509715996 0.04484304932735426 0.0687593423019432 0.04484304932735426 
0.2706766917293233 0.3372717508055854 0.06015037593984962 0.07733619763694952 0.2545649838882922 
0.2188715953307393 0.1254863813229572 0.08852140077821012 0.5398832684824902 0.027237354085603113 
0.07421875 0.0546875 0.046875 0.046875 0.77734375 
0.02601156069364162 0.031791907514450865 0.8757225433526011 0.03901734104046243 0.02745664739884393 
0.033873343151693665 0.48748159057437407 0.10014727540500737 0.35640648011782033 0.022091310751104567 
0.12096774193548387 0.5967741935483871 0.0967741935483871 0.0967741935483871 0.08870967741935484 
0.16434540389972144 0.47075208913649025 0.10584958217270195 0.21727019498607242 0.04178272980501393 
0.6913946587537092 0.16765578635014836 0.04451038575667656 0.08160237388724036 0.01483679525222552 
0.03731343283582089 0.055970149253731345 0.13432835820895522 0.04477611940298507 0.7276119402985075 
0.23876404494382023 0.06741573033707865 0.09269662921348315 0.5617977528089888 0.03932584269662921 
0.6789667896678967 0.11439114391143912 0.05904059040590406 0.1033210332103321 0.04428044280442804 
0.05504587155963303 0.8949124270225187 0.01751459549624687 0.021684737281067557 0.010842368640533779 
0.10606060606060606 0.7803030303030303 0.06912878787878787 0.03125 0.013257575757575758 
0.029556650246305417 0.8300492610837439 0.05665024630541872 0.04926108374384237 0.034482758620689655 
0.05862068965517241 0.7896551724137931 0.04482758620689655 0.05862068965517241 0.04827586206896552 
0.04285714285714286 0.5448979591836735 0.05714285714285714 0.3224489795918367 0.0326530612244898 
0.6596153846153846 0.1673076923076923 0.06538461538461539 0.06923076923076923 0.038461538461538464 
0.511002444987775 0.07334963325183375 0.05867970660146699 0.13202933985330073 0.22493887530562348 
0.47435897435897434 0.1858974358974359 0.08333333333333333 0.1794871794871795 0.07692307692307693 
0.09877488514548238 0.03828483920367534 0.0888208269525268 0.7549770290964778 0.01914241960183767 
0.06962962962962962 0.26666666666666666 0.4711111111111111 0.1688888888888889 0.023703703703703703 
0.20344544708777687 0.13699753896636588 0.18539786710418377 0.44872846595570137 0.02543068088597211 
0.8387715930902111 0.03838771593090211 0.0671785028790787 0.028790786948176585 0.026871401151631478 
0.07291666666666667 0.75 0.052083333333333336 0.0625 0.0625 
0.07251908396946564 0.05343511450381679 0.5343511450381679 0.21374045801526717 0.12595419847328243 
0.041237113402061855 0.05154639175257732 0.14432989690721648 0.054982817869415807 0.7079037800687286 
0.04468802698145025 0.9148397976391232 0.010961214165261383 0.02023608768971332 0.00927487352445194 
0.13310580204778158 0.14675767918088736 0.051194539249146756 0.05802047781569966 0.6109215017064846 
0.33115671641791045 0.41884328358208955 0.06996268656716417 0.15764925373134328 0.022388059701492536 
0.04106280193236715 0.6763285024154589 0.09420289855072464 0.14251207729468598 0.04589371980676329 
0.678125 0.140625 0.05625 0.075 0.05 
0.32967032967032966 0.05860805860805861 0.08058608058608059 0.326007326007326 0.20512820512820512 
0.49635036496350365 0.05656934306569343 0.024330900243309004 0.11496350364963503 0.3077858880778589 
0.1423611111111111 0.13541666666666666 0.041666666666666664 0.06944444444444445 0.6111111111111112 
0.19469026548672566 0.35398230088495575 0.1592920353982301 0.13274336283185842 0.1592920353982301 
0.71071953010279 0.05433186490455213 0.041116005873715125 0.12922173274596183 0.06461086637298091 
0.045454545454545456 0.06060606060606061 0.10984848484848485 0.04924242424242424 0.7348484848484849 
0.1503267973856209 0.5686274509803921 0.0915032679738562 0.1111111111111111 0.0784313725490196 
0.34572490706319703 0.4721189591078067 0.05947955390334572 0.08550185873605948 0.03717472118959108 
0.08238636363636363 0.4431818181818182 0.23863636363636365 0.20454545454545456 0.03125 
0.14285714285714285 0.5502645502645502 0.09259259259259259 0.1746031746031746 0.03968253968253968 
0.8097014925373134 0.04291044776119403 0.07462686567164178 0.03171641791044776 0.041044776119402986 
0.19270833333333334 0.10416666666666667 0.11197916666666667 0.1640625 0.4270833333333333 
0.05415162454873646 0.8158844765342961 0.04332129963898917 0.039711191335740074 0.04693140794223827 
0.13018867924528302 0.769811320754717 0.03773584905660377 0.04150943396226415 0.020754716981132074 
0.05106382978723404 0.7829787234042553 0.059574468085106386 0.059574468085106386 0.04680851063829787 
0.7272727272727273 0.052556818181818184 0.10511363636363637 0.07954545454545454 0.03551136363636364 
0.15481171548117154 0.6527196652719666 0.07112970711297072 0.07531380753138076 0.04602510460251046 
0.1834862385321101 0.16055045871559634 0.28211009174311924 0.2775229357798165 0.0963302752293578 
0.5154185022026432 0.1145374449339207 0.06167400881057269 0.22466960352422907 0.08370044052863436 
0.05263157894736842 0.04887218045112782 0.045112781954887216 0.12781954887218044 0.7255639097744361 
0.08796296296296297 0.7129629629629629 0.08333333333333333 0.08564814814814815 0.03009259259259259 
0.6856060606060606 0.10984848484848485 0.056818181818181816 0.10227272727272728 0.045454545454545456 
0.2443820224719101 0.5308988764044944 0.0702247191011236 0.11235955056179775 0.042134831460674156 
0.328 0.168 0.192 0.16 0.152 
0.15708812260536398 0.12260536398467432 0.4827586206896552 0.1685823754789272 0.06896551724137931 
0.09947643979057591 0.08376963350785341 0.13089005235602094 0.35602094240837695 0.3298429319371728 
0.04905660377358491 0.06415094339622641 0.06037735849056604 0.03773584905660377 0.7886792452830189 
0.04945054945054945 0.8379120879120879 0.03021978021978022 0.06318681318681318 0.019230769230769232 
0.11783854166666667 0.5240885416666666 0.236328125 0.107421875 0.014322916666666666 
0.3235294117647059 0.23128342245989306 0.2072192513368984 0.20588235294117646 0.03208556149732621 
0.1286549707602339 0.1695906432748538 0.49707602339181284 0.14035087719298245 0.06432748538011696 
