0.5264623955431755 0.11142061281337047 0.052924791086350974 0.11977715877437325 0.1894150417827298 
0.04149377593360996 0.08921161825726141 0.6016597510373444 0.1825726141078838 0.08506224066390042 
0.04416575790621592 0.35659760087241005 0.1613958560523446 0.14667393675027263 0.29116684841875684 
0.019867549668874173 0.8658940397350994 0.026490066225165563 0.048013245033112585 0.039735099337748346 
0.09225092250922509 0.25830258302583026 0.15129151291512916 0.12915129151291513 0.36900369003690037 
0.8194945848375451 0.04332129963898917 0.05415162454873646 0.04332129963898917 0.039711191335740074 
0.6508474576271186 0.059322033898305086 0.06610169491525424 0.07457627118644068 0.14915254237288136 
0.3974358974358974 0.19743589743589743 0.08717948717948718 0.09487179487179487 0.2230769230769231 
0.01859799713876967 0.04148783977110158 0.7167381974248928 0.18454935622317598 0.03862660944206009 
0.17543859649122806 0.3157894736842105 0.15204678362573099 0.11695906432748537 0.23976608187134502 
0.06470588235294118 0.6882352941176471 0.07058823529411765 0.11764705882352941 0.058823529411764705 
0.055248618784530384 0.11602209944751381 0.4585635359116022 0.16574585635359115 0.20441988950276244 
0.15755627009646303 0.19935691318327975 0.11254019292604502 0.1189710610932476 0.4115755627009646 
0.06428571428571428 0.6821428571428572 0.09642857142857143 0.10714285714285714 0.05 
0.041343669250646 0.35142118863049093 0.08785529715762273 0.06201550387596899 0.4573643410852713 
0.06962025316455696 0.5063291139240507 0.11392405063291139 0.22151898734177214 0.08860759493670886 
0.18530701754385964 0.0668859649122807 0.20614035087719298 0.20942982456140352 0.33223684210526316 
0.03821656050955414 0.08280254777070063 0.445859872611465 0.19745222929936307 0.2356687898089172 
0.7672727272727272 0.04 0.04727272727272727 0.04 0.10545454545454545 
0.13333333333333333 0.1259259259259259 0.45925925925925926 0.16296296296296298 0.11851851851851852 
0.03143712574850299 0.09880239520958084 0.15568862275449102 0.2410179640718563 0.47305389221556887 
0.015525114155251141 0.1735159817351598 0.07488584474885844 0.14885844748858448 0.5872146118721461 
0.025167785234899327 0.04865771812080537 0.8070469798657718 0.07046979865771812 0.04865771812080537 
0.02891566265060241 0.8650602409638555 0.02891566265060241 0.033734939759036145 0.043373493975903614 
0.48120300751879697 0.08020050125313283 0.11528822055137844 0.06516290726817042 0.2581453634085213 
0.17647058823529413 0.4385026737967914 0.10695187165775401 0.0962566844919786 0.18181818181818182 
0.049062049062049064 0.08802308802308802 0.09956709956709957 0.1341991341991342 0.6291486291486291 
0.45685279187817257 0.15228426395939088 0.09644670050761421 0.08629441624365482 0.20812182741116753 
0.4416961130742049 0.10600706713780919 0.19081272084805653 0.14487632508833923 0.1166077738515901 
0.06807511737089202 0.13849765258215962 0.2934272300469484 0.3075117370892019 0.19248826291079812 
0.02 0.6571428571428571 0.045714285714285714 0.06142857142857143 0.21571428571428572 
0.02997275204359673 0.5177111716621253 0.14168937329700274 0.1226158038147139 0.1880108991825613 
0.03900709219858156 0.5070921985815603 0.17375886524822695 0.18439716312056736 0.09574468085106383 
0.0556792873051225 0.08240534521158129 0.10244988864142539 0.6302895322939867 0.1291759465478842 
0.21993127147766323 0.140893470790378 0.15807560137457044 0.14776632302405499 0.3333333333333333 
0.1031578947368421 0.08 0.4063157894736842 0.14526315789473684 0.26526315789473687 
0.6361940298507462 0.054104477611940295 0.09701492537313433 0.07276119402985075 0.13992537313432835 
0.032846715328467155 0.7445255474452555 0.05291970802919708 0.10401459854014598 0.06569343065693431 
0.03469079939668175 0.058823529411764705 0.138763197586727 0.1975867269984917 0.5701357466063348 
0.05847953216374269 0.15204678362573099 0.05847953216374269 0.6432748538011696 0.08771929824561403 
0.0912280701754386 0.07719298245614035 0.15789473684210525 0.6070175438596491 0.06666666666666667 
0.07291666666666667 0.09895833333333333 0.265625 0.15625 0.40625 
0.027139874739039668 0.05845511482254697 0.08977035490605428 0.7682672233820459 0.05636743215031315 
0.155 0.3475 0.1075 0.1175 0.2725 
0.08695652173913043 0.5900621118012422 0.08695652173913043 0.13664596273291926 0.09937888198757763 
0.03551912568306011 0.5245901639344263 0.15027322404371585 0.10655737704918032 0.1830601092896175 
0.8074074074074075 0.04814814814814815 0.044444444444444446 0.05555555555555555 0.044444444444444446 
0.024390243902439025 0.028694404591104734 0.11764705882352941 0.05595408895265423 0.7733142037302726 
0.2297872340425532 0.4723404255319149 0.06808510638297872 0.11914893617021277 0.11063829787234042 
0.03117505995203837 0.34292565947242204 0.08872901678657075 0.08393285371702638 0.45323741007194246 
0.05710659898477157 0.050761421319796954 0.5291878172588832 0.19416243654822335 0.16878172588832488 
0.08 0.4342857142857143 0.08571428571428572 0.29714285714285715 0.10285714285714286 
0.03597122302158273 0.7877697841726619 0.06115107913669065 0.07553956834532374 0.039568345323741004 
0.05029585798816568 0.6775147928994083 0.08284023668639054 0.14792899408284024 0.04142011834319527 
0.06343283582089553 0.1044776119402985 0.3694029850746269 0.3283582089552239 0.13432835820895522 
0.10810810810810811 0.1554054054054054 0.16216216216216217 0.4527027027027027 0.12162162162162163 
0.033482142857142856 0.0390625 0.044642857142857144 0.04241071428571429 0.8404017857142857 
0.036418816388467376 0.051593323216995446 0.1669195751138088 0.09104704097116843 0.65402124430956 
0.7730263157894737 0.049342105263157895 0.0625 0.05921052631578947 0.05592105263157895 
0.06565656565656566 0.5858585858585859 0.09848484848484848 0.13383838383838384 0.11616161616161616 
0.021546261089987327 0.7946768060836502 0.022813688212927757 0.08111533586818757 0.07984790874524715 
0.1836734693877551 0.15306122448979592 0.2857142857142857 0.24489795918367346 0.1326530612244898 
0.15555555555555556 0.4666666666666667 0.12222222222222222 0.13333333333333333 0.12222222222222222 
0.7770034843205574 0.04878048780487805 0.04878048780487805 0.08013937282229965 0.04529616724738676 
0.09061488673139159 0.06472491909385113 0.1423948220064725 0.6310679611650486 0.07119741100323625 
0.7873754152823921 0.053156146179401995 0.053156146179401995 0.03986710963455149 0.0664451827242525 
0.06465517241379311 0.6616379310344828 0.06465517241379311 0.09267241379310345 0.11637931034482758 
0.044573643410852716 0.08914728682170543 0.6957364341085271 0.08914728682170543 0.08139534883720931 
0.047058823529411764 0.5011764705882353 0.14352941176470588 0.1388235294117647 0.16941176470588235 
0.076 0.496 0.192 0.144 0.092 
0.11439114391143912 0.13653136531365315 0.15498154981549817 0.13653136531365315 0.4575645756457565 
0.41509433962264153 0.12578616352201258 0.05345911949685535 0.22327044025157233 0.18238993710691823 
0.06227106227106227 0.08058608058608059 0.6373626373626373 0.10622710622710622 0.11355311355311355 
0.035398230088495575 0.07743362831858407 0.6858407079646017 0.11504424778761062 0.08628318584070796 
0.03076923076923077 0.8128205128205128 0.05897435897435897 0.04871794871794872 0.04871794871794872 
0.047619047619047616 0.0782312925170068 0.3299319727891156 0.48299319727891155 0.061224489795918366 
0.014986376021798364 0.01634877384196185 0.7574931880108992 0.1008174386920981 0.11035422343324251 
0.11612903225806452 0.14193548387096774 0.32903225806451614 0.2838709677419355 0.12903225806451613 
0.033962264150943396 0.1471698113207547 0.0830188679245283 0.620754716981132 0.11509433962264151 
0.024229074889867842 0.03524229074889868 0.039647577092511016 0.03524229074889868 0.8656387665198237 
0.026578073089700997 0.04983388704318937 0.813953488372093 0.07142857142857142 0.03820598006644518 
0.5120274914089347 0.3436426116838488 0.054982817869415807 0.041237113402061855 0.048109965635738834 
0.030181086519114688 0.11468812877263582 0.289738430583501 0.44668008048289737 0.11871227364185111 
0.019120458891013385 0.0497131931166348 0.05927342256214149 0.8355640535372849 0.036328871892925434 
0.05622489959839357 0.6144578313253012 0.08835341365461848 0.18875502008032127 0.05220883534136546 
0.023622047244094488 0.08398950131233596 0.051181102362204724 0.7900262467191601 0.051181102362204724 
0.121875 0.4578125 0.103125 0.2453125 0.071875 
0.013888888888888888 0.02904040404040404 0.7512626262626263 0.08585858585858586 0.11994949494949494 
0.08904810644831115 0.057318321392016376 0.5056294779938587 0.24872057318321392 0.0992835209825998 
0.6258426966292134 0.11910112359550562 0.046067415730337076 0.08764044943820225 0.12134831460674157 
0.05570291777188329 0.5543766578249337 0.20424403183023873 0.10610079575596817 0.07957559681697612 
0.02086677367576244 0.22792937399678972 0.05778491171749599 0.651685393258427 0.04173354735152488 
0.0196078431372549 0.8464052287581699 0.04084967320261438 0.05392156862745098 0.0392156862745098 
0.14824120603015076 0.3442211055276382 0.09547738693467336 0.15829145728643215 0.2537688442211055 
0.015099519560741249 0.5531914893617021 0.2175703500343171 0.12010981468771448 0.09402882635552505 
0.03942652329749104 0.5627240143369175 0.06810035842293907 0.1863799283154122 0.14336917562724014 
0.013266998341625208 0.028192371475953566 0.2802653399668325 0.6384742951907131 0.03980099502487562 
0.027833001988071572 0.04572564612326044 0.4433399602385686 0.2504970178926441 0.23260437375745527 
0.7339743589743589 0.04487179487179487 0.057692307692307696 0.041666666666666664 0.12179487179487179 
0.03492063492063492 0.04867724867724868 0.17883597883597885 0.10052910052910052 0.6370370370370371 
0.056768558951965066 0.10698689956331878 0.10262008733624454 0.5960698689956332 0.13755458515283842 
0.029914529914529916 0.5534188034188035 0.05555555555555555 0.08333333333333333 0.2777777777777778 
0.09285714285714286 0.0880952380952381 0.1595238095238095 0.16428571428571428 0.49523809523809526 
0.03349282296650718 0.09808612440191387 0.09808612440191387 0.34210526315789475 0.42822966507177035 
0.027237354085603113 0.33852140077821014 0.04669260700389105 0.07587548638132295 0.5116731517509727 
0.02912621359223301 0.04160887656033287 0.1276005547850208 0.07489597780859916 0.7267683772538142 
0.0730593607305936 0.0730593607305936 0.11187214611872145 0.11643835616438356 0.6255707762557078 
0.05925925925925926 0.02666666666666667 0.5259259259259259 0.20592592592592593 0.18222222222222223 
0.11151079136690648 0.20863309352517986 0.1474820143884892 0.1223021582733813 0.41007194244604317 
0.021065675340768277 0.4739776951672863 0.1251548946716233 0.1493184634448575 0.23048327137546468 
0.7682539682539683 0.03492063492063492 0.050793650793650794 0.08888888888888889 0.05714285714285714 
0.1 0.65 0.075 0.10625 0.06875 
0.07178217821782178 0.10891089108910891 0.12871287128712872 0.4975247524752475 0.19306930693069307 
0.0398406374501992 0.5936254980079682 0.09163346613545817 0.21115537848605578 0.06374501992031872 
0.10176991150442478 0.4557522123893805 0.06637168141592921 0.24778761061946902 0.12831858407079647 
0.05947955390334572 0.6505576208178439 0.12267657992565056 0.08178438661710037 0.08550185873605948 
0.06666666666666667 0.6666666666666666 0.11282051282051282 0.08205128205128205 0.07179487179487179 
0.034482758620689655 0.08463949843260188 0.47962382445141066 0.23197492163009403 0.16927899686520376 
0.023346303501945526 0.05642023346303502 0.05642023346303502 0.8171206225680934 0.04669260700389105 
0.03333333333333333 0.8638888888888889 0.030555555555555555 0.03333333333333333 0.03888888888888889 
0.24096385542168675 0.1927710843373494 0.20481927710843373 0.18072289156626506 0.18072289156626506 
0.048484848484848485 0.07272727272727272 0.5303030303030303 0.1606060606060606 0.18787878787878787 
0.13414634146341464 0.3902439024390244 0.15853658536585366 0.1951219512195122 0.12195121951219512 
0.05172413793103448 0.5905172413793104 0.05603448275862069 0.23275862068965517 0.06896551724137931 
0.06806282722513089 0.4397905759162304 0.10471204188481675 0.3089005235602094 0.07853403141361257 
0.012573344509639563 0.02179379715004191 0.26320201173512153 0.663872590108969 0.038558256496227995 
0.10526315789473684 0.14035087719298245 0.13157894736842105 0.16666666666666666 0.45614035087719296 
0.025373134328358207 0.06417910447761194 0.7701492537313432 0.07164179104477612 0.06865671641791045 
0.7379310344827587 0.05862068965517241 0.06896551724137931 0.09655172413793103 0.03793103448275862 
0.027210884353741496 0.8344671201814059 0.034013605442176874 0.06349206349206349 0.04081632653061224 
0.03361344537815126 0.09453781512605042 0.052521008403361345 0.7752100840336135 0.04411764705882353 
0.03551912568306011 0.5081967213114754 0.10382513661202186 0.28688524590163933 0.06557377049180328 
0.04477611940298507 0.1044776119402985 0.5373134328358209 0.208955223880597 0.1044776119402985 
0.10588235294117647 0.13529411764705881 0.2411764705882353 0.4176470588235294 0.1 
0.11144578313253012 0.11144578313253012 0.12951807228915663 0.12048192771084337 0.5271084337349398 
0.8404255319148937 0.04609929078014184 0.03900709219858156 0.03900709219858156 0.03546099290780142 
0.21810699588477367 0.1440329218106996 0.10699588477366255 0.2551440329218107 0.2757201646090535 
0.03430749682337993 0.044472681067344345 0.11944091486658195 0.10165184243964422 0.7001270648030495 
0.0436046511627907 0.15406976744186046 0.32558139534883723 0.4069767441860465 0.06976744186046512 
0.05333333333333334 0.6693333333333333 0.11466666666666667 0.072 0.09066666666666667 
0.08024691358024691 0.13580246913580246 0.20987654320987653 0.43209876543209874 0.1419753086419753 
0.665258711721225 0.0454065469904963 0.03907074973600845 0.05174234424498416 0.19852164730728616 
0.07526881720430108 0.1111111111111111 0.08243727598566308 0.08960573476702509 0.6415770609318996 
0.43373493975903615 0.07228915662650602 0.07630522088353414 0.09236947791164658 0.3253012048192771 
0.07228915662650602 0.42369477911646586 0.178714859437751 0.13253012048192772 0.1927710843373494 
0.039525691699604744 0.6897233201581028 0.045454545454545456 0.05138339920948617 0.17391304347826086 
0.020100502512562814 0.1972361809045226 0.052763819095477386 0.5376884422110553 0.1922110552763819 
0.04092526690391459 0.07829181494661921 0.24555160142348753 0.5551601423487544 0.0800711743772242 
0.048507462686567165 0.10074626865671642 0.291044776119403 0.35074626865671643 0.208955223880597 
0.009009009009009009 0.46764946764946763 0.04013104013104013 0.46601146601146604 0.0171990171990172 
0.04712041884816754 0.10209424083769633 0.11780104712041885 0.5759162303664922 0.15706806282722513 
0.07046632124352331 0.24922279792746113 0.11761658031088083 0.35544041450777203 0.20725388601036268 
0.0486815415821501 0.6997971602434077 0.0973630831643002 0.060851926977687626 0.09330628803245436 
0.05115089514066496 0.1483375959079284 0.46035805626598464 0.14578005115089515 0.19437340153452684 
0.7792887029288703 0.027196652719665274 0.034518828451882845 0.04707112970711297 0.11192468619246862 
0.028119507908611598 0.7557117750439367 0.054481546572934976 0.11423550087873462 0.04745166959578207 
0.029411764705882353 0.0861344537815126 0.06512605042016807 0.7710084033613446 0.04831932773109244 
0.11224489795918367 0.5510204081632653 0.10204081632653061 0.12244897959183673 0.11224489795918367 
0.018145161290322582 0.03528225806451613 0.719758064516129 0.12298387096774194 0.10383064516129033 
0.1223021582733813 0.1366906474820144 0.539568345323741 0.1079136690647482 0.09352517985611511 
0.744945567651633 0.04665629860031104 0.08242612752721618 0.04510108864696734 0.08087091757387248 
0.08496732026143791 0.5424836601307189 0.10457516339869281 0.16993464052287582 0.09803921568627451 
0.12745098039215685 0.5588235294117647 0.09803921568627451 0.11764705882352941 0.09803921568627451 
0.042704626334519574 0.11387900355871886 0.701067615658363 0.07829181494661921 0.06405693950177936 
0.08450704225352113 0.4154929577464789 0.1056338028169014 0.2887323943661972 0.1056338028169014 
0.01001669449081803 0.29716193656093487 0.6652754590984975 0.01669449081803005 0.010851419031719533 
0.026785714285714284 0.6660714285714285 0.08214285714285714 0.10178571428571428 0.12321428571428572 
0.16363636363636364 0.11515151515151516 0.46060606060606063 0.12727272727272726 0.13333333333333333 
0.7719298245614035 0.042105263157894736 0.05964912280701754 0.056140350877192984 0.07017543859649122 
0.1186046511627907 0.06976744186046512 0.16744186046511628 0.07209302325581396 0.5720930232558139 
0.052 0.06 0.476 0.296 0.116 
0.1 0.59 0.1 0.11 0.1 
0.2457002457002457 0.29238329238329236 0.07371007371007371 0.10565110565110565 0.28255528255528256 
0.08849557522123894 0.4911504424778761 0.05752212389380531 0.2345132743362832 0.12831858407079647 
0.7260726072607261 0.066006600660066 0.0891089108910891 0.056105610561056105 0.0627062706270627 
0.09871244635193133 0.4270386266094421 0.13090128755364808 0.21888412017167383 0.12446351931330472 
0.7266666666666667 0.04666666666666667 0.056666666666666664 0.05333333333333334 0.11666666666666667 
0.12612612612612611 0.12387387387387387 0.32882882882882886 0.19144144144144143 0.22972972972972974 
0.019002375296912115 0.052256532066508314 0.05463182897862233 0.052256532066508314 0.8218527315914489 
0.03980099502487562 0.07711442786069651 0.05970149253731343 0.763681592039801 0.05970149253731343 
0.07692307692307693 0.05982905982905983 0.2264957264957265 0.11965811965811966 0.5170940170940171 
0.08482142857142858 0.6696428571428571 0.06696428571428571 0.08928571428571429 0.08928571428571429 
0.055 0.755 0.055 0.07 0.065 
0.06130268199233716 0.08812260536398467 0.47509578544061304 0.24521072796934865 0.13026819923371646 
0.25598678777869527 0.3856317093311313 0.037985136251032205 0.14616019818331957 0.17423616845582163 
0.47413793103448276 0.16379310344827586 0.09482758620689655 0.10344827586206896 0.16379310344827586 
0.03110047846889952 0.4784688995215311 0.3684210526315789 0.08133971291866028 0.04066985645933014 
0.037227214377406934 0.10654685494223363 0.4467265725288832 0.3170731707317073 0.09242618741976893 
0.7541528239202658 0.04983388704318937 0.08637873754152824 0.059800664451827246 0.04983388704318937 
0.020527859237536656 0.20234604105571846 0.051319648093841645 0.6935483870967742 0.03225806451612903 
0.1839323467230444 0.19133192389006343 0.02854122621564482 0.5602536997885835 0.035940803382663845 
0.026341463414634145 0.07121951219512195 0.09658536585365854 0.6214634146341463 0.18439024390243902 
0.7872340425531915 0.04964539007092199 0.06382978723404255 0.06028368794326241 0.03900709219858156 
0.849933598937583 0.034528552456839307 0.043824701195219126 0.025232403718459494 0.04648074369189907 
0.027142857142857142 0.6514285714285715 0.041428571428571426 0.06428571428571428 0.21571428571428572 
0.09090909090909091 0.6198347107438017 0.08264462809917356 0.12396694214876033 0.08264462809917356 
0.04878048780487805 0.5230352303523035 0.08672086720867209 0.23035230352303523 0.1111111111111111 
0.021961932650073207 0.05710102489019034 0.7818448023426061 0.07027818448023426 0.06881405563689605 
0.8430034129692833 0.04436860068259386 0.034129692832764506 0.040955631399317405 0.03754266211604096 
0.05722070844686648 0.07356948228882834 0.17983651226158037 0.21798365122615804 0.4713896457765668 
0.051094890510948905 0.058394160583941604 0.6204379562043796 0.15693430656934307 0.11313868613138686 
0.009220452640402346 0.32858340318524726 0.6378876781223806 0.012573344509639563 0.01173512154233026 
0.011142061281337047 0.5273909006499535 0.027855153203342618 0.403899721448468 0.029712163416898793 
0.028205128205128206 0.8205128205128205 0.038461538461538464 0.07435897435897436 0.038461538461538464 
0.03819444444444445 0.7986111111111112 0.06597222222222222 0.04861111111111111 0.04861111111111111 
0.03155818540433925 0.7021696252465484 0.04930966469428008 0.04339250493096647 0.17357001972386588 
0.026565464895635674 0.09487666034155598 0.33396584440227706 0.48956356736242884 0.05502846299810247 
0.04716981132075472 0.04716981132075472 0.6108490566037735 0.18867924528301888 0.10613207547169812 
0.07142857142857142 0.11038961038961038 0.4155844155844156 0.22077922077922077 0.18181818181818182 
0.02040816326530612 0.03779289493575208 0.14965986394557823 0.07634164777021919 0.7157974300831443 
0.029850746268656716 0.3522388059701492 0.056716417910447764 0.04776119402985075 0.5134328358208955 
0.03849303849303849 0.15561015561015562 0.18673218673218672 0.11875511875511875 0.5004095004095004 
0.02099236641221374 0.04198473282442748 0.5820610687022901 0.29961832061068705 0.05534351145038168 
0.05235602094240838 0.7329842931937173 0.06806282722513089 0.08376963350785341 0.06282722513089005 
0.4204946996466431 0.11307420494699646 0.10600706713780919 0.11307420494699646 0.24734982332155478 
0.834375 0.040625 0.040625 0.034375 0.05 
0.011844331641285956 0.31810490693739424 0.6412859560067682 0.017766497461928935 0.010998307952622674 
0.0498220640569395 0.10676156583629894 0.7153024911032029 0.08540925266903915 0.042704626334519574 
0.027649769585253458 0.35944700460829493 0.09585253456221199 0.42857142857142855 0.08847926267281106 
0.06372549019607843 0.6838235294117647 0.05392156862745098 0.10294117647058823 0.09558823529411764 
0.033950617283950615 0.08024691358024691 0.32098765432098764 0.5092592592592593 0.05555555555555555 
0.08424908424908426 0.06227106227106227 0.37362637362637363 0.1794871794871795 0.30036630036630035 
0.014979029358897543 0.052726183343319355 0.683043738765728 0.140203714799281 0.10904733373277412 
0.046762589928057555 0.14388489208633093 0.6942446043165468 0.07553956834532374 0.039568345323741004 
0.12962962962962962 0.37962962962962965 0.17592592592592593 0.18518518518518517 0.12962962962962962 
0.027298850574712645 0.04597701149425287 0.6451149425287356 0.14942528735632185 0.13218390804597702 
0.8118466898954704 0.041811846689895474 0.04529616724738676 0.05226480836236934 0.04878048780487805 
0.0718954248366013 0.5816993464052288 0.09803921568627451 0.16993464052287582 0.0784313725490196 
0.04477611940298507 0.44776119402985076 0.15671641791044777 0.2574626865671642 0.09328358208955224 
0.056022408963585436 0.5210084033613446 0.05322128851540616 0.13165266106442577 0.23809523809523808 
0.043037974683544304 0.5139240506329114 0.08354430379746836 0.24050632911392406 0.1189873417721519 
0.022304832713754646 0.06319702602230483 0.5929368029739777 0.2825278810408922 0.03903345724907063 
0.06493506493506493 0.04415584415584416 0.535064935064935 0.1038961038961039 0.2519480519480519 
0.036231884057971016 0.8152173913043478 0.05434782608695652 0.050724637681159424 0.043478260869565216 
0.026923076923076925 0.7596153846153846 0.057692307692307696 0.12307692307692308 0.032692307692307694 
0.058823529411764705 0.7647058823529411 0.06787330316742081 0.05429864253393665 0.05429864253393665 
0.03566333808844508 0.04992867332382311 0.5449358059914408 0.29529243937232524 0.07417974322396577 
0.04417670682730924 0.5983935742971888 0.08032128514056225 0.20883534136546184 0.06827309236947791 
0.34101382488479265 0.11981566820276497 0.12442396313364056 0.14285714285714285 0.271889400921659 
0.05286343612334802 0.12334801762114538 0.4581497797356828 0.1894273127753304 0.1762114537444934 
0.7491289198606271 0.03832752613240418 0.04878048780487805 0.05226480836236934 0.11149825783972125 
0.03233256351039261 0.7344110854503464 0.06928406466512702 0.09468822170900693 0.06928406466512702 
0.04797047970479705 0.07380073800738007 0.07380073800738007 0.7416974169741697 0.06273062730627306 
0.03867403314917127 0.4696132596685083 0.09392265193370165 0.3314917127071823 0.06629834254143646 
0.11811023622047244 0.12598425196850394 0.2440944881889764 0.29133858267716534 0.2204724409448819 
0.3106060606060606 0.12878787878787878 0.13636363636363635 0.20833333333333334 0.2159090909090909 
0.13366336633663367 0.0594059405940594 0.20297029702970298 0.13366336633663367 0.47029702970297027 
0.8448275862068966 0.041379310344827586 0.041379310344827586 0.034482758620689655 0.03793103448275862 
0.02197802197802198 0.8173076923076923 0.019230769230769232 0.08516483516483517 0.05631868131868132 
0.029765674477517417 0.6200126662444585 0.08993033565547814 0.08296390120329322 0.1773274224192527 
0.08041504539559015 0.19714656290531776 0.17898832684824903 0.33722438391699094 0.20622568093385213 
0.08536585365853659 0.5365853658536586 0.06097560975609756 0.18902439024390244 0.12804878048780488 
