0.5710306406685237 0.07520891364902507 0.06685236768802229 0.10027855153203342 0.18662952646239556 
0.03319502074688797 0.1078838174273859 0.27593360995850624 0.4979253112033195 0.08506224066390042 
0.04034896401308615 0.2960741548527808 0.1406761177753544 0.17993456924754633 0.3429661941112323 
0.026490066225165563 0.8642384105960265 0.0380794701986755 0.048013245033112585 0.023178807947019868 
0.13653136531365315 0.2693726937269373 0.0996309963099631 0.18450184501845018 0.30996309963099633 
0.8086642599277978 0.04332129963898917 0.05776173285198556 0.04332129963898917 0.04693140794223827 
0.5966101694915255 0.06779661016949153 0.07457627118644068 0.08135593220338982 0.17966101694915254 
0.3974358974358974 0.17435897435897435 0.12307692307692308 0.05384615384615385 0.2512820512820513 
0.017167381974248927 0.05293276108726753 0.8512160228898427 0.05293276108726753 0.02575107296137339 
0.15204678362573099 0.29239766081871343 0.1111111111111111 0.1286549707602339 0.3157894736842105 
0.09411764705882353 0.6294117647058823 0.08823529411764706 0.10588235294117647 0.08235294117647059 
0.0718232044198895 0.15469613259668508 0.3149171270718232 0.24861878453038674 0.20994475138121546 
0.20257234726688103 0.1864951768488746 0.08360128617363344 0.12540192926045016 0.40192926045016075 
0.06428571428571428 0.6892857142857143 0.1 0.07142857142857142 0.075 
0.031007751937984496 0.31007751937984496 0.09560723514211886 0.12144702842377261 0.4418604651162791 
0.06329113924050633 0.620253164556962 0.0759493670886076 0.15822784810126583 0.08227848101265822 
0.45285087719298245 0.0756578947368421 0.15789473684210525 0.21600877192982457 0.09758771929824561 
0.05732484076433121 0.050955414012738856 0.2802547770700637 0.4012738853503185 0.21019108280254778 
0.7709090909090909 0.03636363636363636 0.05090909090909091 0.06181818181818182 0.08 
0.15555555555555556 0.0962962962962963 0.22962962962962963 0.3925925925925926 0.1259259259259259 
0.023952095808383235 0.09580838323353294 0.0748502994011976 0.28592814371257486 0.5194610778443114 
0.030136986301369864 0.16073059360730593 0.06118721461187215 0.1689497716894977 0.5789954337899543 
0.02181208053691275 0.040268456375838924 0.8322147651006712 0.06711409395973154 0.03859060402684564 
0.02650602409638554 0.8506024096385543 0.03614457831325301 0.05783132530120482 0.02891566265060241 
0.518796992481203 0.08771929824561403 0.11528822055137844 0.09022556390977443 0.18796992481203006 
0.17647058823529413 0.42780748663101603 0.11229946524064172 0.10160427807486631 0.18181818181818182 
0.04184704184704185 0.1341991341991342 0.08225108225108226 0.12265512265512266 0.6190476190476191 
0.4213197969543147 0.08121827411167512 0.16243654822335024 0.116751269035533 0.2182741116751269 
0.38869257950530034 0.1696113074204947 0.19081272084805653 0.12014134275618374 0.13074204946996468 
0.04460093896713615 0.13145539906103287 0.3075117370892019 0.2652582159624413 0.2511737089201878 
0.022857142857142857 0.6528571428571428 0.04285714285714286 0.05714285714285714 0.22428571428571428 
0.04632152588555858 0.4087193460490463 0.07629427792915532 0.1553133514986376 0.3133514986376022 
0.0425531914893617 0.5141843971631206 0.10283687943262411 0.2765957446808511 0.06382978723404255 
0.044543429844097995 0.111358574610245 0.09799554565701558 0.6547884187082406 0.09131403118040089 
0.27491408934707906 0.07560137457044673 0.12714776632302405 0.22336769759450173 0.29896907216494845 
0.1031578947368421 0.09894736842105263 0.33052631578947367 0.19157894736842104 0.27578947368421053 
0.6735074626865671 0.08582089552238806 0.09701492537313433 0.05223880597014925 0.0914179104477612 
0.029197080291970802 0.7427007299270073 0.04562043795620438 0.12043795620437957 0.06204379562043796 
0.03619909502262444 0.07541478129713423 0.09803921568627451 0.23378582202111614 0.5565610859728507 
0.06432748538011696 0.2046783625730994 0.08771929824561403 0.5614035087719298 0.08187134502923976 
0.0912280701754386 0.0912280701754386 0.07719298245614035 0.6736842105263158 0.06666666666666667 
0.0625 0.11979166666666667 0.16666666666666666 0.24479166666666666 0.40625 
0.029227557411273485 0.06471816283924843 0.054279749478079335 0.8016701461377871 0.05010438413361169 
0.2725 0.3425 0.0975 0.11 0.1775 
0.08695652173913043 0.5900621118012422 0.08074534161490683 0.14285714285714285 0.09937888198757763 
0.04644808743169399 0.43989071038251365 0.08196721311475409 0.1092896174863388 0.3224043715846995 
0.8 0.04814814814814815 0.04814814814814815 0.05555555555555555 0.04814814814814815 
0.027259684361549498 0.02582496413199426 0.06599713055954089 0.15494978479196556 0.7259684361549498 
0.3446808510638298 0.3829787234042553 0.07659574468085106 0.0851063829787234 0.11063829787234042 
0.03357314148681055 0.3237410071942446 0.06954436450839328 0.11750599520383694 0.4556354916067146 
0.05964467005076142 0.05964467005076142 0.3401015228426396 0.4251269035532995 0.11548223350253807 
0.07428571428571429 0.46285714285714286 0.10285714285714286 0.26857142857142857 0.09142857142857143 
0.046762589928057555 0.8129496402877698 0.046762589928057555 0.0539568345323741 0.039568345323741004 
0.05325443786982249 0.7307692307692307 0.05621301775147929 0.11242603550295859 0.047337278106508875 
0.048507462686567165 0.11194029850746269 0.31716417910447764 0.40298507462686567 0.11940298507462686 
0.10810810810810811 0.18243243243243243 0.12162162162162163 0.4391891891891892 0.14864864864864866 
0.025669642857142856 0.027901785714285716 0.056919642857142856 0.0390625 0.8504464285714286 
0.03338391502276176 0.054628224582701064 0.13050075872534142 0.1274658573596358 0.65402124430956 
0.7927631578947368 0.05921052631578947 0.046052631578947366 0.05921052631578947 0.04276315789473684 
0.08080808080808081 0.5176767676767676 0.12373737373737374 0.14646464646464646 0.13131313131313133 
0.021546261089987327 0.8301647655259823 0.034220532319391636 0.043092522179974654 0.07097591888466413 
0.16326530612244897 0.16326530612244897 0.21428571428571427 0.29591836734693877 0.16326530612244897 
0.14444444444444443 0.4777777777777778 0.12222222222222222 0.13333333333333333 0.12222222222222222 
0.7979094076655052 0.059233449477351915 0.04529616724738676 0.059233449477351915 0.03832752613240418 
0.13268608414239483 0.05501618122977346 0.11326860841423948 0.6245954692556634 0.0744336569579288 
0.813953488372093 0.03986710963455149 0.046511627906976744 0.046511627906976744 0.053156146179401995 
0.05818965517241379 0.6443965517241379 0.07974137931034483 0.09482758620689655 0.12284482758620689 
0.03682170542635659 0.07170542635658915 0.45155038759689925 0.3682170542635659 0.07170542635658915 
0.03529411764705882 0.5529411764705883 0.1223529411764706 0.12 0.16941176470588235 
0.072 0.508 0.124 0.196 0.1 
0.08487084870848709 0.15498154981549817 0.15867158671586715 0.15129151291512916 0.45018450184501846 
0.4119496855345912 0.12264150943396226 0.0880503144654088 0.18867924528301888 0.18867924528301888 
0.054945054945054944 0.10256410256410256 0.6117216117216118 0.11721611721611722 0.11355311355311355 
0.035398230088495575 0.06858407079646017 0.5597345132743363 0.26548672566371684 0.07079646017699115 
0.028205128205128206 0.8384615384615385 0.038461538461538464 0.05641025641025641 0.038461538461538464 
0.05442176870748299 0.07482993197278912 0.1054421768707483 0.717687074829932 0.047619047619047616 
0.01634877384196185 0.027247956403269755 0.7138964577656676 0.15940054495912806 0.08310626702997276 
0.10967741935483871 0.12903225806451613 0.2064516129032258 0.44516129032258067 0.10967741935483871 
0.035849056603773584 0.15283018867924528 0.04716981132075472 0.6490566037735849 0.11509433962264151 
0.024229074889867842 0.030837004405286344 0.04185022026431718 0.030837004405286344 0.8722466960352423 
0.02159468438538206 0.04983388704318937 0.813953488372093 0.0664451827242525 0.04817275747508306 
0.4261168384879725 0.41580756013745707 0.048109965635738834 0.061855670103092786 0.048109965635738834 
0.04426559356136821 0.13480885311871227 0.2152917505030181 0.49899396378269617 0.10663983903420524 
0.022944550669216062 0.08221797323135756 0.032504780114722756 0.8221797323135756 0.040152963671128104 
0.05220883534136546 0.6746987951807228 0.07630522088353414 0.14457831325301204 0.05220883534136546 
0.031496062992125984 0.08661417322834646 0.03674540682414698 0.7939632545931758 0.051181102362204724 
0.0984375 0.5 0.0703125 0.2171875 0.1140625 
0.01893939393939394 0.030303030303030304 0.696969696969697 0.1717171717171717 0.08207070707070707 
0.06960081883316274 0.07164790174002048 0.31218014329580346 0.4452405322415558 0.10133060388945753 
0.5943820224719101 0.07977528089887641 0.03932584269662921 0.10674157303370786 0.1797752808988764 
0.04774535809018567 0.5782493368700266 0.1989389920424403 0.10079575596816977 0.07427055702917772 
0.02086677367576244 0.38362760834670945 0.019261637239165328 0.5313001605136437 0.0449438202247191 
0.021241830065359478 0.8741830065359477 0.03594771241830065 0.0457516339869281 0.02287581699346405 
0.27889447236180903 0.3592964824120603 0.09547738693467336 0.10050251256281408 0.1658291457286432 
0.017158544955387784 0.577213452299245 0.2312971859986273 0.10226492793411118 0.0720658888126287 
0.05017921146953405 0.5627240143369175 0.08243727598566308 0.12544802867383512 0.17921146953405018 
0.012437810945273632 0.02404643449419569 0.0472636815920398 0.8905472636815921 0.02570480928689884 
0.04771371769383698 0.0536779324055666 0.268389662027833 0.47713717693836977 0.15308151093439365 
0.7307692307692307 0.04487179487179487 0.04487179487179487 0.05448717948717949 0.125 
0.025396825396825397 0.02857142857142857 0.13333333333333333 0.19470899470899472 0.617989417989418 
0.034934497816593885 0.16375545851528384 0.06986899563318777 0.6091703056768559 0.1222707423580786 
0.04487179487179487 0.6025641025641025 0.05982905982905983 0.06623931623931624 0.2264957264957265 
0.07380952380952381 0.0761904761904762 0.13095238095238096 0.17142857142857143 0.5476190476190477 
0.03349282296650718 0.16507177033492823 0.09090909090909091 0.2966507177033493 0.4138755980861244 
0.03501945525291829 0.30544747081712065 0.058365758754863814 0.05642023346303502 0.5447470817120622 
0.020804438280166437 0.04022191400832178 0.10679611650485436 0.10402219140083217 0.7281553398058253 
0.07077625570776255 0.0776255707762557 0.1095890410958904 0.13470319634703196 0.6073059360730594 
0.045925925925925926 0.03851851851851852 0.37777777777777777 0.35703703703703704 0.18074074074074073 
0.14028776978417265 0.27697841726618705 0.10071942446043165 0.1510791366906475 0.33093525179856115 
0.031598513011152414 0.4838909541511772 0.11400247831474597 0.14807930607187111 0.2224287484510533 
0.7714285714285715 0.05396825396825397 0.047619047619047616 0.07936507936507936 0.047619047619047616 
0.11875 0.6125 0.075 0.1 0.09375 
0.14356435643564355 0.10891089108910891 0.11633663366336634 0.35148514851485146 0.27970297029702973 
0.05976095617529881 0.6733067729083665 0.04780876494023904 0.16334661354581673 0.055776892430278883 
0.084070796460177 0.4690265486725664 0.09292035398230089 0.1504424778761062 0.20353982300884957 
0.06691449814126393 0.6951672862453532 0.07434944237918216 0.06691449814126393 0.09665427509293681 
0.05641025641025641 0.6820512820512821 0.07692307692307693 0.1076923076923077 0.07692307692307693 
0.03761755485893417 0.0438871473354232 0.2727272727272727 0.48589341692789967 0.15987460815047022 
0.019455252918287938 0.07003891050583658 0.038910505836575876 0.8365758754863813 0.03501945525291829 
0.030555555555555555 0.8666666666666667 0.03333333333333333 0.041666666666666664 0.027777777777777776 
0.24096385542168675 0.21686746987951808 0.20481927710843373 0.18072289156626506 0.1566265060240964 
0.05454545454545454 0.05757575757575758 0.3575757575757576 0.403030303030303 0.12727272727272726 
0.14634146341463414 0.4024390243902439 0.13414634146341464 0.1951219512195122 0.12195121951219512 
0.04741379310344827 0.6637931034482759 0.07758620689655173 0.14224137931034483 0.06896551724137931 
0.07853403141361257 0.47643979057591623 0.1099476439790576 0.27225130890052357 0.06282722513089005 
0.015088013411567477 0.01592623637887678 0.04861693210393965 0.8960603520536463 0.024308466051969825 
0.12280701754385964 0.12280701754385964 0.15789473684210525 0.14035087719298245 0.45614035087719296 
0.022388059701492536 0.03731343283582089 0.7059701492537314 0.17313432835820897 0.06119402985074627 
0.7551724137931034 0.07241379310344828 0.04827586206896552 0.08620689655172414 0.03793103448275862 
0.036281179138321996 0.8208616780045351 0.05442176870748299 0.04308390022675737 0.045351473922902494 
0.0273109243697479 0.12815126050420167 0.04831932773109244 0.7521008403361344 0.04411764705882353 
0.04371584699453552 0.5 0.09289617486338798 0.31420765027322406 0.04918032786885246 
0.03283582089552239 0.1044776119402985 0.208955223880597 0.5671641791044776 0.08656716417910448 
0.11764705882352941 0.11764705882352941 0.20588235294117646 0.4470588235294118 0.11176470588235295 
0.0963855421686747 0.12650602409638553 0.0963855421686747 0.12650602409638553 0.5542168674698795 
0.8404255319148937 0.03900709219858156 0.0425531914893617 0.03546099290780142 0.0425531914893617 
0.2839506172839506 0.13991769547325103 0.13168724279835392 0.18106995884773663 0.26337448559670784 
0.02795425667090216 0.05082592121982211 0.09529860228716645 0.12325285895806862 0.7026683608640406 
0.0377906976744186 0.15406976744186046 0.26744186046511625 0.46511627906976744 0.0755813953488372 
0.056 0.656 0.08266666666666667 0.12266666666666666 0.08266666666666667 
0.09259259259259259 0.09876543209876543 0.15432098765432098 0.4691358024691358 0.18518518518518517 
0.6135163674762407 0.07708553326293559 0.029567053854276663 0.06019007391763464 0.21964097148891235 
0.05017921146953405 0.08243727598566308 0.05734767025089606 0.13620071684587814 0.6738351254480287 
0.40562248995983935 0.0783132530120482 0.08032128514056225 0.13855421686746988 0.2971887550200803 
0.10642570281124498 0.41566265060240964 0.178714859437751 0.10240963855421686 0.19678714859437751 
0.02766798418972332 0.7015810276679841 0.043478260869565216 0.07509881422924901 0.15217391304347827 
0.02763819095477387 0.23618090452261306 0.1092964824120603 0.4886934673366834 0.13819095477386933 
0.0800711743772242 0.06227758007117438 0.12277580071174377 0.6565836298932385 0.07829181494661921 
0.05223880597014925 0.11940298507462686 0.19776119402985073 0.4701492537313433 0.16044776119402984 
0.015561015561015561 0.8173628173628174 0.056511056511056514 0.07616707616707617 0.0343980343980344 
0.04450261780104712 0.09162303664921466 0.07329842931937172 0.6413612565445026 0.14921465968586387 
0.07409326424870466 0.35751295336787564 0.1766839378238342 0.17772020725388601 0.21398963730569948 
0.036511156186612576 0.6551724137931034 0.11967545638945233 0.07099391480730223 0.11764705882352941 
0.04092071611253197 0.09974424552429667 0.5294117647058824 0.1278772378516624 0.2020460358056266 
0.7594142259414226 0.027196652719665274 0.0596234309623431 0.028242677824267783 0.12552301255230125 
0.022847100175746926 0.7644991212653779 0.03690685413005272 0.1195079086115993 0.056239015817223195 
0.0273109243697479 0.12815126050420167 0.04831932773109244 0.7605042016806722 0.03571428571428571 
0.10204081632653061 0.5204081632653061 0.16326530612244897 0.11224489795918367 0.10204081632653061 
0.016129032258064516 0.03125 0.44556451612903225 0.4254032258064516 0.08165322580645161 
0.07913669064748201 0.08633093525179857 0.5071942446043165 0.20863309352517986 0.11870503597122302 
0.6687402799377916 0.05132192846034215 0.07153965785381027 0.06687402799377916 0.14152410575427682 
0.0718954248366013 0.6013071895424836 0.0915032679738562 0.1503267973856209 0.08496732026143791 
0.10784313725490197 0.5784313725490197 0.10784313725490197 0.10784313725490197 0.09803921568627451 
0.03558718861209965 0.09608540925266904 0.6797153024911032 0.13167259786476868 0.05693950177935943 
0.07042253521126761 0.5070422535211268 0.09859154929577464 0.2112676056338028 0.11267605633802817 
0.008347245409015025 0.24624373956594323 0.7178631051752922 0.01669449081803005 0.010851419031719533 
0.02857142857142857 0.5553571428571429 0.08214285714285714 0.12142857142857143 0.2125 
0.1393939393939394 0.12121212121212122 0.44242424242424244 0.12727272727272726 0.1696969696969697 
0.7719298245614035 0.0456140350877193 0.07368421052631578 0.05964912280701754 0.04912280701754386 
0.1511627906976744 0.06046511627906977 0.15813953488372093 0.1186046511627907 0.5116279069767442 
0.056 0.084 0.308 0.464 0.088 
0.11 0.59 0.1 0.1 0.1 
0.28255528255528256 0.25552825552825553 0.08108108108108109 0.10319410319410319 0.27764127764127766 
0.09292035398230089 0.49557522123893805 0.07079646017699115 0.11946902654867257 0.22123893805309736 
0.7194719471947195 0.052805280528052806 0.07590759075907591 0.09570957095709572 0.056105610561056105 
0.14163090128755365 0.4012875536480687 0.0815450643776824 0.27682403433476394 0.09871244635193133 
0.7466666666666667 0.06 0.043333333333333335 0.08 0.07 
0.08783783783783784 0.10585585585585586 0.25225225225225223 0.21171171171171171 0.34234234234234234 
0.020190023752969122 0.043942992874109264 0.0498812351543943 0.05819477434679335 0.827790973871734 
0.029850746268656716 0.10945273631840796 0.03731343283582089 0.7661691542288557 0.05721393034825871 
0.0641025641025641 0.05128205128205128 0.19658119658119658 0.18803418803418803 0.5 
0.07142857142857142 0.6785714285714286 0.11607142857142858 0.049107142857142856 0.08482142857142858 
0.055 0.76 0.055 0.065 0.065 
0.0421455938697318 0.09578544061302682 0.26436781609195403 0.48659003831417624 0.1111111111111111 
0.2477291494632535 0.4004954582989265 0.07184145334434351 0.10652353426919901 0.17341040462427745 
0.38362068965517243 0.1724137931034483 0.14224137931034483 0.11637931034482758 0.1853448275862069 
0.03827751196172249 0.39712918660287083 0.39712918660287083 0.12200956937799043 0.045454545454545456 
0.04878048780487805 0.07317073170731707 0.27599486521181 0.5186136071887034 0.0834403080872914 
0.7408637873754153 0.059800664451827246 0.08305647840531562 0.07308970099667775 0.04318936877076412 
0.021994134897360705 0.4178885630498534 0.03225806451612903 0.4809384164222874 0.0469208211143695 
0.23784355179704017 0.2758985200845666 0.026427061310782242 0.4143763213530655 0.045454545454545456 
0.03414634146341464 0.11121951219512195 0.06048780487804878 0.6117073170731707 0.1824390243902439 
0.7695035460992907 0.0425531914893617 0.07801418439716312 0.0673758865248227 0.0425531914893617 
0.8472775564409031 0.049136786188579015 0.05312084993359894 0.027888446215139442 0.02257636122177955 
0.03 0.6642857142857143 0.04 0.07142857142857142 0.19428571428571428 
0.09090909090909091 0.6033057851239669 0.10743801652892562 0.09917355371900827 0.09917355371900827 
0.051490514905149054 0.5636856368563685 0.07317073170731707 0.2032520325203252 0.10840108401084012 
0.01903367496339678 0.05856515373352855 0.6954612005856515 0.16398243045387995 0.0629575402635432 
0.8395904436860068 0.051194539249146756 0.03754266211604096 0.034129692832764506 0.03754266211604096 
0.05722070844686648 0.05449591280653951 0.14168937329700274 0.2615803814713896 0.48501362397820164 
0.04744525547445255 0.08759124087591241 0.24817518248175183 0.5364963503649635 0.08029197080291971 
0.009220452640402346 0.250628667225482 0.7141659681475272 0.012573344509639563 0.013411567476948869 
0.012070566388115135 0.8031569173630455 0.0510677808727948 0.09935004642525534 0.034354688950789226 
0.03333333333333333 0.8641025641025641 0.035897435897435895 0.03333333333333333 0.03333333333333333 
0.04513888888888889 0.8159722222222222 0.04861111111111111 0.04861111111111111 0.041666666666666664 
0.02564102564102564 0.727810650887574 0.03550295857988166 0.05917159763313609 0.15187376725838264 
0.036053130929791274 0.127134724857685 0.18216318785578747 0.6129032258064516 0.04174573055028463 
0.04009433962264151 0.049528301886792456 0.4268867924528302 0.3466981132075472 0.13679245283018868 
0.07792207792207792 0.12337662337662338 0.18831168831168832 0.474025974025974 0.13636363636363635 
0.022675736961451247 0.03325774754346183 0.11715797430083144 0.10128495842781557 0.7256235827664399 
0.034328358208955224 0.3208955223880597 0.0626865671641791 0.050746268656716415 0.5313432835820896 
0.02620802620802621 0.12203112203112203 0.1457821457821458 0.15561015561015562 0.5503685503685504 
0.030534351145038167 0.05343511450381679 0.11450381679389313 0.7690839694656488 0.03244274809160305 
0.05759162303664921 0.7225130890052356 0.05759162303664921 0.08376963350785341 0.07853403141361257 
0.40636042402826855 0.09540636042402827 0.0989399293286219 0.0812720848056537 0.31802120141342755 
0.83125 0.040625 0.05 0.0375 0.040625 
0.010998307952622674 0.25380710659898476 0.7115059221658206 0.01353637901861252 0.01015228426395939 
0.046263345195729534 0.11387900355871886 0.6548042704626335 0.13167259786476868 0.05338078291814947 
0.041474654377880185 0.3953917050691244 0.07096774193548387 0.41013824884792627 0.08202764976958525 
0.041666666666666664 0.6813725490196079 0.0661764705882353 0.1053921568627451 0.1053921568627451 
0.040123456790123455 0.08024691358024691 0.10493827160493827 0.7160493827160493 0.05864197530864197 
0.10622710622710622 0.09157509157509157 0.30036630036630035 0.31135531135531136 0.19047619047619047 
0.011983223487118035 0.046135410425404436 0.5254643499101258 0.3343319352905932 0.08208508088675853 
0.04316546762589928 0.1474820143884892 0.6402877697841727 0.10431654676258993 0.06474820143884892 
0.14814814814814814 0.3425925925925926 0.19444444444444445 0.17592592592592593 0.1388888888888889 
0.034482758620689655 0.04597701149425287 0.44971264367816094 0.375 0.09482758620689655 
0.818815331010453 0.059233449477351915 0.041811846689895474 0.041811846689895474 0.03832752613240418 
0.0784313725490196 0.5816993464052288 0.09803921568627451 0.1568627450980392 0.08496732026143791 
0.041044776119402986 0.5 0.13059701492537312 0.25 0.07835820895522388 
0.07282913165266107 0.44537815126050423 0.0700280112044818 0.10084033613445378 0.31092436974789917 
0.043037974683544304 0.5645569620253165 0.08607594936708861 0.20506329113924052 0.10126582278481013 
0.026022304832713755 0.03345724907063197 0.08921933085501858 0.7992565055762082 0.05204460966542751 
0.06493506493506493 0.06493506493506493 0.4987012987012987 0.16883116883116883 0.2025974025974026 
0.043478260869565216 0.8043478260869565 0.05434782608695652 0.05434782608695652 0.043478260869565216 
0.028846153846153848 0.7480769230769231 0.05961538461538462 0.12884615384615383 0.03461538461538462 
0.06334841628959276 0.7601809954751131 0.05429864253393665 0.06787330316742081 0.05429864253393665 
0.047075606276747506 0.042796005706134094 0.25677603423680456 0.5834522111269614 0.06990014265335236 
0.040160642570281124 0.6465863453815262 0.07228915662650602 0.1686746987951807 0.07228915662650602 
0.3087557603686636 0.16820276497695852 0.15668202764976957 0.12442396313364056 0.24193548387096775 
0.05726872246696035 0.11013215859030837 0.28634361233480177 0.3832599118942731 0.16299559471365638 
0.7386759581881533 0.03832752613240418 0.05226480836236934 0.06620209059233449 0.10452961672473868 
0.03002309468822171 0.74364896073903 0.06466512702078522 0.07852193995381063 0.08314087759815242 
0.04428044280442804 0.0959409594095941 0.06273062730627306 0.7416974169741697 0.055350553505535055 
0.04143646408839779 0.5414364640883977 0.06353591160220995 0.27071823204419887 0.08287292817679558 
0.12598425196850394 0.13385826771653545 0.25196850393700787 0.2677165354330709 0.2204724409448819 
0.29924242424242425 0.11363636363636363 0.1553030303030303 0.20833333333333334 0.22348484848484848 
0.12871287128712872 0.06435643564356436 0.23267326732673269 0.11386138613861387 0.4603960396039604 
0.8275862068965517 0.041379310344827586 0.05517241379310345 0.034482758620689655 0.041379310344827586 
0.019230769230769232 0.8392857142857143 0.03021978021978022 0.050824175824175824 0.06043956043956044 
0.03483217226092464 0.5832805573147561 0.08866371120962635 0.10512982900569981 0.18809373020899303 
0.04798962386511025 0.16731517509727625 0.19974059662775617 0.36186770428015563 0.2230869001297017 
0.36585365853658536 0.2865853658536585 0.06097560975609756 0.15853658536585366 0.12804878048780488 
