0.14697406340057637 0.5850144092219021 0.08645533141210375 0.07780979827089338 0.1037463976945245 
0.09504132231404959 0.028925619834710745 0.14256198347107438 0.6487603305785123 0.08471074380165289 
0.10206358059118795 0.0619074177356386 0.20803123257110986 0.24930284439486894 0.3786949247071946 
0.09966777408637874 0.019933554817275746 0.019933554817275746 0.03488372093023256 0.8255813953488372 
0.17753623188405798 0.11594202898550725 0.15942028985507245 0.15217391304347827 0.39492753623188404 
0.05555555555555555 0.7817460317460317 0.047619047619047616 0.07539682539682539 0.03968253968253968 
0.14507772020725387 0.5993091537132987 0.11398963730569948 0.10189982728842832 0.039723661485319514 
0.18037135278514588 0.38461538461538464 0.16180371352785147 0.09549071618037135 0.17771883289124668 
0.04242424242424243 0.025757575757575757 0.04393939393939394 0.8 0.08787878787878788 
0.24175824175824176 0.16483516483516483 0.15934065934065933 0.12637362637362637 0.3076923076923077 
0.07471264367816093 0.07471264367816093 0.09770114942528736 0.06896551724137931 0.6839080459770115 
0.11518324607329843 0.07853403141361257 0.21465968586387435 0.4031413612565445 0.18848167539267016 
0.13249211356466878 0.2082018927444795 0.31545741324921134 0.138801261829653 0.20504731861198738 
0.1482758620689655 0.034482758620689655 0.05862068965517241 0.04827586206896552 0.7103448275862069 
0.3645833333333333 0.059895833333333336 0.11458333333333333 0.1484375 0.3125 
0.08176100628930817 0.07547169811320754 0.0880503144654088 0.11320754716981132 0.6415094339622641 
0.6514476614699332 0.05456570155902005 0.09688195991091314 0.13474387527839643 0.062360801781737196 
0.16181229773462782 0.07119741100323625 0.30097087378640774 0.40129449838187703 0.06472491909385113 
0.040160642570281124 0.751004016064257 0.11244979919678715 0.05220883534136546 0.04417670682730924 
0.13138686131386862 0.16058394160583941 0.1386861313868613 0.44525547445255476 0.12408759124087591 
0.14050822122571002 0.03587443946188341 0.5097159940209267 0.19431988041853512 0.11958146487294469 
0.12014787430683918 0.026802218114602587 0.5905730129390019 0.09704251386321626 0.16543438077634012 
0.06060606060606061 0.030303030303030304 0.05218855218855219 0.82996632996633 0.026936026936026935 
0.03981264637002342 0.03044496487119438 0.03747072599531616 0.02576112412177986 0.8665105386416861 
0.15681233933161953 0.5269922879177378 0.13881748071979436 0.08997429305912596 0.08740359897172237 
0.25405405405405407 0.14594594594594595 0.10810810810810811 0.10270270270270271 0.3891891891891892 
0.1774436090225564 0.039097744360902256 0.5157894736842106 0.13082706766917293 0.1368421052631579 
0.19230769230769232 0.33516483516483514 0.18681318681318682 0.17032967032967034 0.11538461538461539 
0.2727272727272727 0.34265734265734266 0.1048951048951049 0.16783216783216784 0.11188811188811189 
0.2 0.08235294117647059 0.12941176470588237 0.45176470588235296 0.13647058823529412 
0.042709867452135494 0.03829160530191458 0.15905743740795286 0.053019145802650956 0.7069219440353461 
0.4134078212290503 0.0446927374301676 0.10335195530726257 0.09217877094972067 0.3463687150837989 
0.0673758865248227 0.03900709219858156 0.0673758865248227 0.30851063829787234 0.5177304964539007 
0.10904872389791183 0.03480278422273782 0.1554524361948956 0.5754060324825986 0.12529002320185614 
0.2535211267605634 0.2605633802816901 0.24295774647887325 0.16549295774647887 0.07746478873239436 
0.20043572984749455 0.13507625272331156 0.42919389978213507 0.12636165577342048 0.10893246187363835 
0.1744186046511628 0.6124031007751938 0.09689922480620156 0.040697674418604654 0.0755813953488372 
0.05755395683453238 0.025179856115107913 0.0539568345323741 0.08812949640287769 0.7751798561151079 
0.23520485584218512 0.03793626707132018 0.48406676783004554 0.17602427921092564 0.06676783004552352 
0.07303370786516854 0.06179775280898876 0.12359550561797752 0.43820224719101125 0.30337078651685395 
0.5244755244755245 0.06993006993006994 0.06993006993006994 0.22727272727272727 0.10839160839160839 
0.11702127659574468 0.06914893617021277 0.425531914893617 0.25 0.13829787234042554 
0.06170212765957447 0.04468085106382979 0.1127659574468085 0.674468085106383 0.10638297872340426 
0.44529262086513993 0.10178117048346055 0.11704834605597965 0.07888040712468193 0.25699745547073793 
0.14705882352941177 0.07058823529411765 0.09411764705882353 0.1 0.5882352941176471 
0.4301675977653631 0.03910614525139665 0.12290502793296089 0.08100558659217877 0.3268156424581006 
0.06910569105691057 0.7520325203252033 0.07317073170731707 0.06097560975609756 0.044715447154471545 
0.058734939759036146 0.02710843373493976 0.7801204819277109 0.08734939759036145 0.046686746987951805 
0.13425925925925927 0.2916666666666667 0.08333333333333333 0.07407407407407407 0.4166666666666667 
0.3961352657004831 0.03864734299516908 0.13768115942028986 0.12077294685990338 0.30676328502415456 
0.08155583437892096 0.06148055207026349 0.18820577164366373 0.5683814303638645 0.10037641154328733 
0.10795454545454546 0.07954545454545454 0.09090909090909091 0.13636363636363635 0.5852272727272727 
0.05 0.04285714285714286 0.039285714285714285 0.06428571428571428 0.8035714285714286 
0.09455587392550144 0.04297994269340974 0.054441260744985676 0.11174785100286533 0.6962750716332379 
0.13333333333333333 0.08148148148148149 0.06296296296296296 0.6259259259259259 0.0962962962962963 
0.18243243243243243 0.11486486486486487 0.20270270270270271 0.2905405405405405 0.20945945945945946 
0.09215017064846416 0.02502844141069397 0.7610921501706485 0.05802047781569966 0.06370875995449374 
0.08433734939759036 0.043674698795180725 0.6551204819277109 0.10542168674698796 0.11144578313253012 
0.09642857142857143 0.7357142857142858 0.05 0.05357142857142857 0.06428571428571428 
0.18204488778054864 0.059850374064837904 0.0773067331670823 0.10972568578553615 0.571072319201995 
0.05019305019305019 0.028314028314028315 0.059202059202059204 0.03088803088803089 0.8314028314028314 
0.17525773195876287 0.13402061855670103 0.15463917525773196 0.3402061855670103 0.1958762886597938 
0.14893617021276595 0.13829787234042554 0.11702127659574468 0.1276595744680851 0.46808510638297873 
0.07722007722007722 0.7644787644787645 0.04247104247104247 0.05019305019305019 0.06563706563706563 
0.5477707006369427 0.04777070063694268 0.1178343949044586 0.2197452229299363 0.06687898089171974 
0.04411764705882353 0.7794117647058824 0.0661764705882353 0.0625 0.04779411764705882 
0.16556291390728478 0.05077262693156733 0.07505518763796909 0.07947019867549669 0.6291390728476821 
0.05 0.04423076923076923 0.26346153846153847 0.5346153846153846 0.1076923076923077 
0.15081206496519722 0.048723897911832945 0.18097447795823665 0.09280742459396751 0.5266821345707656 
0.10358565737051793 0.0796812749003984 0.07569721115537849 0.1952191235059761 0.545816733067729 
0.2140221402214022 0.07380073800738007 0.36900369003690037 0.12177121771217712 0.22140221402214022 
0.11392405063291139 0.47151898734177217 0.1962025316455696 0.0981012658227848 0.12025316455696203 
0.06785714285714285 0.06428571428571428 0.49642857142857144 0.3 0.07142857142857142 
0.060267857142857144 0.026785714285714284 0.23214285714285715 0.5691964285714286 0.11160714285714286 
0.035897435897435895 0.03076923076923077 0.035897435897435895 0.038461538461538464 0.8589743589743589 
0.2673611111111111 0.04513888888888889 0.06944444444444445 0.5208333333333334 0.09722222222222222 
0.05100671140939597 0.021476510067114093 0.138255033557047 0.7557046979865771 0.03355704697986577 
0.08484848484848485 0.13333333333333333 0.12727272727272726 0.5333333333333333 0.12121212121212122 
0.06976744186046512 0.03294573643410853 0.1996124031007752 0.4883720930232558 0.20930232558139536 
0.04157043879907621 0.03233256351039261 0.8637413394919169 0.03233256351039261 0.03002309468822171 
0.06343906510851419 0.021702838063439065 0.04340567612687813 0.8230383973288815 0.048414023372287146 
0.08896797153024912 0.39501779359430605 0.05338078291814947 0.060498220640569395 0.40213523131672596 
0.2938856015779093 0.03944773175542406 0.13806706114398423 0.3747534516765286 0.15384615384615385 
0.028142589118198873 0.01876172607879925 0.08442776735459662 0.7166979362101313 0.15196998123827393 
0.1078838174273859 0.04979253112033195 0.07053941908713693 0.0995850622406639 0.6721991701244814 
0.11553784860557768 0.025232403718459494 0.09296148738379814 0.6122177954847278 0.15405046480743692 
0.1765625 0.090625 0.075 0.1515625 0.50625 
0.0399002493765586 0.02743142144638404 0.14962593516209477 0.7693266832917706 0.01371571072319202 
0.18651211801896733 0.07692307692307693 0.1517386722866175 0.5131717597471022 0.07165437302423604 
0.08777777777777777 0.65 0.08777777777777777 0.07222222222222222 0.10222222222222223 
0.24812030075187969 0.05263157894736842 0.07017543859649122 0.09022556390977443 0.5388471177944862 
0.05750798722044728 0.02875399361022364 0.06070287539936102 0.38817891373801916 0.46485623003194887 
0.05592105263157895 0.023026315789473683 0.02631578947368421 0.029605263157894735 0.8651315789473685 
0.4181360201511335 0.0982367758186398 0.12342569269521411 0.10075566750629723 0.2594458438287154 
0.3574408901251738 0.014603616133518776 0.05910987482614743 0.13630041724617525 0.4325452016689847 
0.14652014652014653 0.047619047619047616 0.1575091575091575 0.13553113553113552 0.5128205128205128 
0.03419516263552961 0.016680567139282735 0.05004170141784821 0.8698915763135947 0.029190992493744787 
0.07283464566929133 0.047244094488188976 0.29133858267716534 0.5452755905511811 0.04330708661417323 
0.034482758620689655 0.7103448275862069 0.13448275862068965 0.07931034482758621 0.041379310344827586 
0.0580168776371308 0.0189873417721519 0.6761603375527426 0.19514767932489452 0.05168776371308017 
0.13082039911308205 0.03991130820399113 0.1352549889135255 0.5210643015521065 0.1729490022172949 
0.20607375271149675 0.04121475054229935 0.11713665943600868 0.06941431670281996 0.5661605206073753 
0.19239904988123516 0.0997624703087886 0.4156769596199525 0.14726840855106887 0.14489311163895488 
0.19464720194647203 0.04866180048661801 0.3746958637469586 0.24330900243309003 0.1386861313868613 
0.5914396887159533 0.0311284046692607 0.10894941634241245 0.06420233463035019 0.20428015564202334 
0.07264957264957266 0.04131054131054131 0.7592592592592593 0.0811965811965812 0.045584045584045586 
0.19058823529411764 0.08705882352941176 0.5929411764705882 0.07764705882352942 0.05176470588235294 
0.05731523378582202 0.0392156862745098 0.5067873303167421 0.37104072398190047 0.02564102564102564 
0.11387900355871886 0.1103202846975089 0.19572953736654805 0.18861209964412812 0.3914590747330961 
0.1493184634448575 0.02292441140024783 0.18339529120198264 0.1524163568773234 0.4919454770755886 
0.05653710247349823 0.7420494699646644 0.0636042402826855 0.09187279151943463 0.045936395759717315 
0.10778443113772455 0.1317365269461078 0.08383233532934131 0.0718562874251497 0.6047904191616766 
0.41968911917098445 0.11658031088082901 0.16062176165803108 0.20466321243523317 0.09844559585492228 
0.08620689655172414 0.04741379310344827 0.06465517241379311 0.10775862068965517 0.6939655172413793 
0.2676056338028169 0.16901408450704225 0.10328638497652583 0.07981220657276995 0.38028169014084506 
0.1407942238267148 0.04332129963898917 0.06859205776173286 0.06859205776173286 0.6787003610108303 
0.11594202898550725 0.09178743961352658 0.07246376811594203 0.057971014492753624 0.6618357487922706 
0.043343653250773995 0.05263157894736842 0.26006191950464397 0.5820433436532507 0.06191950464396285 
0.030592734225621414 0.021032504780114723 0.0745697896749522 0.7476099426386233 0.12619502868068833 
0.06896551724137931 0.029177718832891247 0.029177718832891247 0.026525198938992044 0.8461538461538461 
0.15294117647058825 0.23529411764705882 0.17647058823529413 0.18823529411764706 0.24705882352941178 
0.08059701492537313 0.050746268656716415 0.2 0.5402985074626866 0.12835820895522387 
0.14814814814814814 0.13580246913580246 0.13580246913580246 0.16049382716049382 0.41975308641975306 
0.08482142857142858 0.044642857142857144 0.08928571428571429 0.08482142857142858 0.6964285714285714 
0.0979381443298969 0.07731958762886598 0.06701030927835051 0.12886597938144329 0.6288659793814433 
0.040336134453781515 0.019327731092436976 0.04285714285714286 0.865546218487395 0.031932773109243695 
0.10084033613445378 0.14285714285714285 0.5126050420168067 0.11764705882352941 0.12605042016806722 
0.08507462686567165 0.026865671641791045 0.09104477611940298 0.6582089552238806 0.13880597014925372 
0.05303030303030303 0.7424242424242424 0.041666666666666664 0.09090909090909091 0.07196969696969698 
0.04525862068965517 0.034482758620689655 0.034482758620689655 0.03017241379310345 0.8556034482758621 
0.07172995780590717 0.029535864978902954 0.10759493670886076 0.6075949367088608 0.18354430379746836 
0.4568245125348189 0.04456824512534819 0.05013927576601671 0.16434540389972144 0.2841225626740947 
0.1206896551724138 0.05172413793103448 0.10057471264367816 0.6235632183908046 0.10344827586206896 
0.1724137931034483 0.13218390804597702 0.08620689655172414 0.39655172413793105 0.21264367816091953 
0.26851851851851855 0.06790123456790123 0.38271604938271603 0.14814814814814814 0.13271604938271606 
0.04669260700389105 0.8132295719844358 0.038910505836575876 0.054474708171206226 0.04669260700389105 
0.4069264069264069 0.12987012987012986 0.21212121212121213 0.09956709956709957 0.15151515151515152 
0.05426356589147287 0.041343669250646 0.6937984496124031 0.10335917312661498 0.10723514211886305 
0.13690476190476192 0.041666666666666664 0.10416666666666667 0.5744047619047619 0.14285714285714285 
0.08672086720867209 0.04878048780487805 0.11382113821138211 0.07859078590785908 0.6720867208672087 
0.15151515151515152 0.09696969696969697 0.2727272727272727 0.37575757575757573 0.10303030303030303 
0.10645526613816535 0.6930917327293318 0.07021517553793885 0.06681766704416761 0.06342015855039637 
0.1 0.07777777777777778 0.6259259259259259 0.09259259259259259 0.1037037037037037 
0.13496932515337423 0.4662576687116564 0.2474437627811861 0.08384458077709611 0.06748466257668712 
0.41379310344827586 0.07302231237322515 0.056795131845841784 0.13793103448275862 0.3184584178498986 
0.07142857142857142 0.04897959183673469 0.13673469387755102 0.061224489795918366 0.6816326530612244 
0.03939008894536213 0.03176620076238882 0.4320203303684879 0.19949174078780177 0.29733163913595934 
0.5645161290322581 0.03225806451612903 0.07526881720430108 0.25985663082437277 0.06810035842293907 
0.07581227436823104 0.06859205776173286 0.19855595667870035 0.5342960288808665 0.12274368231046931 
0.052722558340535866 0.016421780466724288 0.024200518582541054 0.08210890233362143 0.8245462402765773 
0.059278350515463915 0.03608247422680412 0.21391752577319587 0.5231958762886598 0.16752577319587628 
0.17851416354890434 0.07536076964190272 0.18760021378941744 0.18546231961517906 0.3730625334045965 
0.23469387755102042 0.03877551020408163 0.10612244897959183 0.061224489795918366 0.5591836734693878 
0.2838541666666667 0.07291666666666667 0.13541666666666666 0.4244791666666667 0.08333333333333333 
0.08287895310796074 0.737186477644493 0.09378407851690294 0.03598691384950927 0.05016357688113413 
0.04869565217391304 0.03130434782608696 0.04869565217391304 0.10608695652173913 0.7652173913043478 
0.06329113924050633 0.03164556962025317 0.13291139240506328 0.5738396624472574 0.19831223628691982 
0.10784313725490197 0.10784313725490197 0.09803921568627451 0.10784313725490197 0.5784313725490197 
0.039755351681957186 0.017329255861365953 0.1580020387359837 0.7482161060142711 0.03669724770642202 
0.24305555555555555 0.09375 0.09722222222222222 0.3958333333333333 0.1701388888888889 
0.08675078864353312 0.7129337539432177 0.07886435331230283 0.07097791798107256 0.050473186119873815 
0.1111111111111111 0.0718954248366013 0.0718954248366013 0.11764705882352941 0.6274509803921569 
0.10377358490566038 0.12264150943396226 0.09433962264150944 0.11320754716981132 0.5660377358490566 
0.05460750853242321 0.040955631399317405 0.5358361774744027 0.22184300341296928 0.14675767918088736 
0.12857142857142856 0.09285714285714286 0.1357142857142857 0.15714285714285714 0.4857142857142857 
0.9096989966555183 0.011705685618729096 0.011705685618729096 0.025919732441471572 0.04096989966555184 
0.08765652951699464 0.03220035778175313 0.09481216457960644 0.14311270125223613 0.6422182468694096 
0.22727272727272727 0.11931818181818182 0.13636363636363635 0.3409090909090909 0.17613636363636365 
0.07169811320754717 0.7433962264150943 0.05660377358490566 0.06792452830188679 0.06037735849056604 
0.11428571428571428 0.30952380952380953 0.4 0.09047619047619047 0.08571428571428572 
0.13026819923371646 0.06130268199233716 0.19157088122605365 0.5708812260536399 0.04597701149425287 
0.10679611650485436 0.0970873786407767 0.10679611650485436 0.1262135922330097 0.5631067961165048 
0.46601941747572817 0.13349514563106796 0.1407766990291262 0.05825242718446602 0.20145631067961164 
0.26976744186046514 0.14883720930232558 0.09302325581395349 0.11627906976744186 0.37209302325581395 
0.039711191335740074 0.6931407942238267 0.07220216606498195 0.1444043321299639 0.05054151624548736 
0.26180257510729615 0.0536480686695279 0.08798283261802575 0.18025751072961374 0.41630901287553645 
0.05818181818181818 0.7127272727272728 0.10909090909090909 0.07636363636363637 0.04363636363636364 
0.30454545454545456 0.1431818181818182 0.18409090909090908 0.2909090909090909 0.07727272727272727 
0.10622710622710622 0.020757020757020756 0.7973137973137974 0.03540903540903541 0.040293040293040296 
0.07179487179487179 0.041025641025641026 0.06153846153846154 0.7051282051282052 0.12051282051282051 
0.06666666666666667 0.05 0.625 0.17916666666666667 0.07916666666666666 
0.2565217391304348 0.06086956521739131 0.0782608695652174 0.05652173913043478 0.5478260869565217 
0.0995260663507109 0.052132701421800945 0.052132701421800945 0.05687203791469194 0.7393364928909952 
0.1482889733840304 0.060836501901140684 0.09885931558935361 0.6045627376425855 0.08745247148288973 
0.18691588785046728 0.27612574341546303 0.11129991503823279 0.07731520815632965 0.34834324553950724 
0.18502202643171806 0.43171806167400884 0.19823788546255505 0.08370044052863436 0.1013215859030837 
0.05853658536585366 0.06097560975609756 0.04390243902439024 0.3146341463414634 0.5219512195121951 
0.1928665785997358 0.06869220607661823 0.12285336856010567 0.5363276089828269 0.07926023778071334 
0.04659498207885305 0.6953405017921147 0.06451612903225806 0.12186379928315412 0.07168458781362007 
0.043348281016442454 0.02242152466367713 0.061285500747384154 0.414050822122571 0.4588938714499253 
0.0322234156820623 0.23845327604726102 0.05692803437164339 0.317937701396348 0.3544575725026853 
0.10214007782101167 0.04474708171206226 0.5544747081712063 0.16439688715953307 0.13424124513618677 
0.0625 0.765625 0.046875 0.06640625 0.05859375 
0.09826589595375723 0.819364161849711 0.01878612716763006 0.02023121387283237 0.04335260115606936 
0.033873343151693665 0.03240058910162003 0.16789396170839468 0.06921944035346098 0.6966126656848306 
0.12096774193548387 0.08870967741935484 0.08870967741935484 0.0967741935483871 0.6048387096774194 
0.1309192200557103 0.06406685236768803 0.15598885793871867 0.1671309192200557 0.4818941504178273 
0.07863501483679525 0.040059347181008904 0.08011869436201781 0.6409495548961425 0.16023738872403562 
0.05223880597014925 0.8134328358208955 0.04477611940298507 0.03731343283582089 0.05223880597014925 
0.0898876404494382 0.042134831460674156 0.5589887640449438 0.2303370786516854 0.07865168539325842 
0.06273062730627306 0.04059040590405904 0.14022140221402213 0.6789667896678967 0.07749077490774908 
0.9149291075896581 0.011676396997497914 0.008340283569641367 0.019182652210175146 0.045871559633027525 
0.061553030303030304 0.015151515151515152 0.026515151515151516 0.09943181818181818 0.7973484848484849 
0.054187192118226604 0.04433497536945813 0.03694581280788178 0.03201970443349754 0.8325123152709359 
0.05517241379310345 0.041379310344827586 0.04482758620689655 0.05862068965517241 0.8 
0.053061224489795916 0.02857142857142857 0.14285714285714285 0.05510204081632653 0.7204081632653061 
0.35 0.025 0.046153846153846156 0.4846153846153846 0.09423076923076923 
0.05134474327628362 0.039119804400977995 0.27383863080684595 0.5819070904645477 0.05378973105134474 
0.14102564102564102 0.09615384615384616 0.17307692307692307 0.41025641025641024 0.1794871794871795 
0.10566615620214395 0.03445635528330781 0.7320061255742726 0.1003062787136294 0.027565084226646247 
0.5703703703703704 0.023703703703703703 0.10074074074074074 0.057777777777777775 0.2474074074074074 
0.4085315832649713 0.02461033634126333 0.26004922067268255 0.1722723543888433 0.13453650533223954 
0.04990403071017274 0.04222648752399232 0.044145873320537425 0.8195777351247601 0.044145873320537425 
0.07291666666666667 0.057291666666666664 0.06770833333333333 0.07291666666666667 0.7291666666666666 
0.17938931297709923 0.48854961832061067 0.15267175572519084 0.11450381679389313 0.0648854961832061 
0.05154639175257732 0.8213058419243986 0.041237113402061855 0.037800687285223365 0.048109965635738834 
0.9131534569983136 0.010961214165261383 0.011804384485666104 0.012647554806070826 0.05143338954468803 
0.04436860068259386 0.04778156996587031 0.5290102389078498 0.22866894197952217 0.15017064846416384 
0.15485074626865672 0.021455223880597014 0.11847014925373134 0.31716417910447764 0.3880597014925373 
0.14492753623188406 0.05555555555555555 0.06038647342995169 0.05314009661835749 0.6859903381642513 
0.259375 0.053125 0.046875 0.54375 0.096875 
0.08058608058608059 0.08424908424908426 0.2454212454212454 0.5238095238095238 0.06593406593406594 
0.04744525547445255 0.018856447688564478 0.14051094890510948 0.7159367396593674 0.07725060827250609 
0.041666666666666664 0.05555555555555555 0.5243055555555556 0.2222222222222222 0.15625 
0.21238938053097345 0.1415929203539823 0.1504424778761062 0.17699115044247787 0.3185840707964602 
0.06754772393538913 0.022026431718061675 0.1512481644640235 0.7048458149779736 0.05433186490455213 
0.07575757575757576 0.7651515151515151 0.041666666666666664 0.05303030303030303 0.06439393939393939 
0.11764705882352941 0.0915032679738562 0.0784313725490196 0.12418300653594772 0.5882352941176471 
0.07063197026022305 0.040892193308550186 0.07063197026022305 0.29739776951672864 0.5204460966542751 
0.1875 0.06818181818181818 0.16193181818181818 0.08238636363636363 0.5 
0.12698412698412698 0.0582010582010582 0.13227513227513227 0.16666666666666666 0.5158730158730159 
0.054104477611940295 0.03171641791044776 0.041044776119402986 0.8246268656716418 0.048507462686567165 
0.14583333333333334 0.07291666666666667 0.4609375 0.18489583333333334 0.13541666666666666 
0.05776173285198556 0.04332129963898917 0.039711191335740074 0.061371841155234655 0.7978339350180506 
0.05849056603773585 0.03018867924528302 0.03773584905660377 0.07547169811320754 0.7981132075471699 
0.10638297872340426 0.0425531914893617 0.05531914893617021 0.05106382978723404 0.7446808510638298 
0.07670454545454546 0.03835227272727273 0.11505681818181818 0.7201704545454546 0.04971590909090909 
0.08786610878661087 0.04602510460251046 0.0502092050209205 0.11297071129707113 0.702928870292887 
0.3394495412844037 0.11467889908256881 0.26146788990825687 0.09862385321100918 0.18577981651376146 
0.07929515418502203 0.05726872246696035 0.20704845814977973 0.5506607929515418 0.10572687224669604 
0.045112781954887216 0.706766917293233 0.14285714285714285 0.06015037593984962 0.045112781954887216 
0.05787037037037037 0.03935185185185185 0.06944444444444445 0.08101851851851852 0.7523148148148148 
0.08712121212121213 0.045454545454545456 0.06060606060606061 0.7007575757575758 0.10606060606060606 
0.45224719101123595 0.03651685393258427 0.06460674157303371 0.14606741573033707 0.300561797752809 
0.264 0.112 0.144 0.312 0.168 
0.3218390804597701 0.23371647509578544 0.15708812260536398 0.13793103448275862 0.14942528735632185 
0.15706806282722513 0.1518324607329843 0.46596858638743455 0.16753926701570682 0.05759162303664921 
0.045283018867924525 0.8113207547169812 0.04150943396226415 0.03773584905660377 0.06415094339622641 
0.042582417582417584 0.024725274725274724 0.061813186813186816 0.0260989010989011 0.8447802197802198 
0.11783854166666667 0.03515625 0.10546875 0.11197916666666667 0.6295572916666666 
0.3195187165775401 0.06951871657754011 0.17245989304812834 0.2874331550802139 0.15106951871657753 
0.49122807017543857 0.14619883040935672 0.0935672514619883 0.08771929824561403 0.18128654970760233 
