0.08609271523178808 0.1490066225165563 0.2119205298013245 0.5198675496688742 0.033112582781456956 
0.09090909090909091 0.10606060606060606 0.6161616161616161 0.13636363636363635 0.050505050505050504 
0.19607843137254902 0.19607843137254902 0.21568627450980393 0.19607843137254902 0.19607843137254902 
0.009871668311944718 0.01085883514313919 0.011846001974333662 0.009871668311944718 0.9575518262586377 
0.19230769230769232 0.23076923076923078 0.19230769230769232 0.19230769230769232 0.19230769230769232 
0.05454545454545454 0.11688311688311688 0.06753246753246753 0.7298701298701299 0.03116883116883117 
0.19298245614035087 0.22807017543859648 0.21052631578947367 0.19298245614035087 0.17543859649122806 
0.12105263157894737 0.11052631578947368 0.07368421052631578 0.6421052631578947 0.05263157894736842 
0.22666666666666666 0.14666666666666667 0.36 0.13333333333333333 0.13333333333333333 
0.8413865546218487 0.10819327731092437 0.015756302521008403 0.02415966386554622 0.01050420168067227 
0.04938271604938271 0.037037037037037035 0.8395061728395061 0.043209876543209874 0.030864197530864196 
0.12668463611859837 0.09973045822102426 0.05929919137466307 0.6846361185983828 0.029649595687331536 
0.008710801393728223 0.008710801393728223 0.009581881533101045 0.009581881533101045 0.9634146341463414 
0.07407407407407407 0.06790123456790123 0.6296296296296297 0.16049382716049382 0.06790123456790123 
0.14150943396226415 0.1509433962264151 0.1320754716981132 0.4716981132075472 0.10377358490566038 
0.059782608695652176 0.08152173913043478 0.7282608695652174 0.07608695652173914 0.05434782608695652 
0.08582089552238806 0.0708955223880597 0.6828358208955224 0.10074626865671642 0.05970149253731343 
0.13740458015267176 0.25572519083969464 0.37404580152671757 0.1946564885496183 0.03816793893129771 
0.14782608695652175 0.09565217391304348 0.5217391304347826 0.14782608695652175 0.08695652173913043 
0.2037037037037037 0.2037037037037037 0.2222222222222222 0.18518518518518517 0.18518518518518517 
0.17359413202933985 0.03667481662591687 0.7286063569682152 0.03667481662591687 0.02444987775061125 
0.19298245614035087 0.22807017543859648 0.22807017543859648 0.17543859649122806 0.17543859649122806 
0.11428571428571428 0.053061224489795916 0.746938775510204 0.044897959183673466 0.04081632653061224 
0.19642857142857142 0.17857142857142858 0.25 0.19642857142857142 0.17857142857142858 
0.06285714285714286 0.06285714285714286 0.7371428571428571 0.08 0.05714285714285714 
0.0074794315632011965 0.008227374719521317 0.0074794315632011965 0.0074794315632011965 0.9693343305908751 
0.18181818181818182 0.18181818181818182 0.23636363636363636 0.21818181818181817 0.18181818181818182 
0.048507462686567165 0.048507462686567165 0.8134328358208955 0.05223880597014925 0.03731343283582089 
0.2 0.2 0.2 0.2 0.2 
0.44036697247706424 0.05504587155963303 0.1834862385321101 0.27522935779816515 0.045871559633027525 
0.10416666666666667 0.1111111111111111 0.09722222222222222 0.6180555555555556 0.06944444444444445 
0.48823529411764705 0.1568627450980392 0.1803921568627451 0.15490196078431373 0.0196078431372549 
0.15976331360946747 0.21301775147928995 0.12130177514792899 0.47633136094674555 0.029585798816568046 
0.3673469387755102 0.14285714285714285 0.2108843537414966 0.2108843537414966 0.06802721088435375 
0.09239130434782608 0.07608695652173914 0.7010869565217391 0.07608695652173914 0.05434782608695652 
0.06060606060606061 0.15151515151515152 0.21763085399449036 0.5426997245179064 0.027548209366391185 
0.6058823529411764 0.2725490196078431 0.056862745098039215 0.043137254901960784 0.021568627450980392 
0.061452513966480445 0.0521415270018622 0.8268156424581006 0.03910614525139665 0.020484171322160148 
0.16117216117216118 0.4139194139194139 0.2783882783882784 0.10989010989010989 0.03663003663003663 
0.12269938650306748 0.1165644171779141 0.5337423312883436 0.1656441717791411 0.06134969325153374 
0.8467874794069192 0.026359143327841845 0.0757825370675453 0.03459637561779242 0.016474464579901153 
0.21142857142857144 0.37142857142857144 0.12571428571428572 0.22857142857142856 0.06285714285714286 
0.1308016877637131 0.03164556962025317 0.7721518987341772 0.04430379746835443 0.02109704641350211 
0.016051364365971106 0.016051364365971106 0.016051364365971106 0.016051364365971106 0.9357945425361156 
0.09990205680705191 0.12732615083251714 0.6895200783545543 0.07345739471106758 0.009794319294809012 
0.21153846153846154 0.21153846153846154 0.19230769230769232 0.19230769230769232 0.19230769230769232 
0.007575757575757576 0.007575757575757576 0.008333333333333333 0.007575757575757576 0.968939393939394 
0.19444444444444445 0.5416666666666666 0.13541666666666666 0.09375 0.034722222222222224 
0.0954356846473029 0.1037344398340249 0.1078838174273859 0.6514522821576764 0.04149377593360996 
0.16764459346186086 0.3721709974853311 0.40402347024308466 0.04694048616932104 0.009220452640402346 
0.8759213759213759 0.04668304668304668 0.029484029484029485 0.03562653562653563 0.012285012285012284 
0.07272727272727272 0.03896103896103896 0.8 0.06233766233766234 0.025974025974025976 
0.08256880733944955 0.28440366972477066 0.11467889908256881 0.46788990825688076 0.05045871559633028 
0.1125 0.06875 0.665625 0.121875 0.03125 
0.06481481481481481 0.11419753086419752 0.05246913580246913 0.7345679012345679 0.033950617283950615 
0.08333333333333333 0.14393939393939395 0.553030303030303 0.13636363636363635 0.08333333333333333 
0.11538461538461539 0.08333333333333333 0.5705128205128205 0.16666666666666666 0.0641025641025641 
0.6909090909090909 0.07792207792207792 0.1012987012987013 0.1038961038961039 0.025974025974025976 
0.8239771646051379 0.0675547098001903 0.021883920076117985 0.07706945765937202 0.009514747859181731 
0.09020618556701031 0.05670103092783505 0.7577319587628866 0.06958762886597938 0.02577319587628866 
0.1 0.11875 0.6375 0.075 0.06875 
0.0784313725490196 0.031862745098039214 0.8186274509803921 0.04656862745098039 0.024509803921568627 
0.12658227848101267 0.0759493670886076 0.6265822784810127 0.10759493670886076 0.06329113924050633 
0.06227106227106227 0.04395604395604396 0.8021978021978022 0.040293040293040296 0.05128205128205128 
0.4258492129246065 0.29246064623032314 0.20629660314830156 0.06710853355426678 0.008285004142502071 
0.04310344827586207 0.028735632183908046 0.8563218390804598 0.04310344827586207 0.028735632183908046 
0.00620347394540943 0.006823821339950372 0.00620347394540943 0.006823821339950372 0.9739454094292804 
0.007473841554559043 0.008968609865470852 0.007473841554559043 0.007473841554559043 0.968609865470852 
0.09944751381215469 0.03867403314917127 0.7928176795580111 0.04143646408839779 0.027624309392265192 
0.3698630136986301 0.10273972602739725 0.2465753424657534 0.21232876712328766 0.0684931506849315 
0.9544902912621359 0.009101941747572815 0.022148058252427185 0.011225728155339806 0.003033980582524272 
0.10559006211180125 0.09937888198757763 0.5900621118012422 0.13664596273291926 0.06832298136645963 
0.06938775510204082 0.053061224489795916 0.08979591836734693 0.746938775510204 0.04081632653061224 
0.3920704845814978 0.037444933920704845 0.08370044052863436 0.4647577092511013 0.022026431718061675 
0.12105263157894737 0.05 0.7105263157894737 0.09210526315789473 0.02631578947368421 
0.11956521739130435 0.14673913043478262 0.125 0.5543478260869565 0.05434782608695652 
0.06639004149377593 0.04979253112033195 0.7468879668049793 0.0954356846473029 0.04149377593360996 
0.11278195488721804 0.13533834586466165 0.575187969924812 0.13533834586466165 0.041353383458646614 
0.40336134453781514 0.12605042016806722 0.18487394957983194 0.20168067226890757 0.08403361344537816 
0.13245033112582782 0.10927152317880795 0.6490066225165563 0.0728476821192053 0.03642384105960265 
0.32044198895027626 0.08839779005524862 0.3812154696132597 0.15469613259668508 0.055248618784530384 
0.7595307917888563 0.03812316715542522 0.12023460410557185 0.05278592375366569 0.02932551319648094 
0.04336043360433604 0.032520325203252036 0.8292682926829268 0.06775067750677506 0.02710027100271003 
0.02577319587628866 0.02577319587628866 0.028350515463917526 0.02577319587628866 0.8943298969072165 
0.29705882352941176 0.3029411764705882 0.29705882352941176 0.07352941176470588 0.029411764705882353 
0.1388888888888889 0.3888888888888889 0.19444444444444445 0.1388888888888889 0.1388888888888889 
0.009760425909494233 0.008873114463176575 0.008873114463176575 0.008873114463176575 0.963620230700976 
0.1935483870967742 0.20967741935483872 0.22580645161290322 0.20967741935483872 0.16129032258064516 
0.09223300970873786 0.13106796116504854 0.11165048543689321 0.616504854368932 0.04854368932038835 
0.1210762331838565 0.242152466367713 0.547085201793722 0.06502242152466367 0.02466367713004484 
0.22666666666666666 0.14666666666666667 0.3333333333333333 0.14666666666666667 0.14666666666666667 
0.9001109877913429 0.03773584905660377 0.017758046614872364 0.033296337402885685 0.011098779134295227 
0.08408617095205004 0.4551772063933287 0.3877692842251564 0.06462821403752605 0.008339124391938846 
0.09405940594059406 0.0594059405940594 0.7326732673267327 0.06435643564356436 0.04950495049504951 
0.19607843137254902 0.21568627450980393 0.19607843137254902 0.19607843137254902 0.19607843137254902 
0.9615155131264916 0.007159904534606206 0.017601431980906922 0.010441527446300716 0.0032816229116945108 
0.07352941176470588 0.06862745098039216 0.7205882352941176 0.08823529411764706 0.049019607843137254 
0.0958904109589041 0.10273972602739725 0.541095890410959 0.18493150684931506 0.07534246575342465 
0.17870722433460076 0.5703422053231939 0.1596958174904943 0.053231939163498096 0.03802281368821293 
0.1348314606741573 0.15730337078651685 0.39325842696629215 0.20224719101123595 0.11235955056179775 
0.17857142857142858 0.19642857142857142 0.23214285714285715 0.21428571428571427 0.17857142857142858 
0.10317460317460317 0.027777777777777776 0.8214285714285714 0.025793650793650792 0.021825396825396824 
0.16176470588235295 0.0392156862745098 0.7279411764705882 0.04656862745098039 0.024509803921568627 
0.20923076923076922 0.5907692307692308 0.1076923076923077 0.05846153846153846 0.033846153846153845 
0.1162280701754386 0.36403508771929827 0.38377192982456143 0.1118421052631579 0.02412280701754386 
0.05555555555555555 0.06060606060606061 0.7575757575757576 0.07575757575757576 0.050505050505050504 
0.004017677782241864 0.004821213338690237 0.004017677782241864 0.0044194455604660505 0.98272398553636 
0.11580882352941177 0.042279411764705885 0.7738970588235294 0.04963235294117647 0.01838235294117647 
0.00510204081632653 0.00510204081632653 0.00510204081632653 0.00510204081632653 0.9795918367346939 
0.10326086956521739 0.05434782608695652 0.7065217391304348 0.08152173913043478 0.05434782608695652 
0.18518518518518517 0.2037037037037037 0.2037037037037037 0.2222222222222222 0.18518518518518517 
0.13245033112582782 0.3973509933774834 0.2847682119205298 0.11258278145695365 0.0728476821192053 
0.17297297297297298 0.42702702702702705 0.2594594594594595 0.08108108108108109 0.05945945945945946 
0.3333333333333333 0.035897435897435895 0.5606837606837607 0.05299145299145299 0.017094017094017096 
0.09271523178807947 0.09271523178807947 0.10596026490066225 0.6357615894039735 0.0728476821192053 
0.048426150121065374 0.024213075060532687 0.8547215496368039 0.04600484261501211 0.026634382566585957 
0.19169329073482427 0.29073482428115016 0.4249201277955272 0.06070287539936102 0.03194888178913738 
0.23636363636363636 0.2 0.2 0.18181818181818182 0.18181818181818182 
0.34205933682373474 0.03664921465968586 0.5427574171029669 0.06108202443280977 0.017452006980802792 
0.03858520900321544 0.04180064308681672 0.8263665594855305 0.05787781350482315 0.03536977491961415 
0.19230769230769232 0.23076923076923078 0.19230769230769232 0.19230769230769232 0.19230769230769232 
0.09751434034416825 0.03824091778202677 0.7992351816443595 0.045889101338432124 0.019120458891013385 
0.009478672985781991 0.01042654028436019 0.01042654028436019 0.009478672985781991 0.9601895734597157 
0.08598130841121496 0.3401869158878505 0.4158878504672897 0.1485981308411215 0.009345794392523364 
0.2033898305084746 0.23728813559322035 0.2033898305084746 0.1694915254237288 0.1864406779661017 
0.014970059880239521 0.014970059880239521 0.014970059880239521 0.016467065868263474 0.938622754491018 
0.23275862068965517 0.12931034482758622 0.21551724137931033 0.33620689655172414 0.08620689655172414 
0.20754716981132076 0.18867924528301888 0.20754716981132076 0.20754716981132076 0.18867924528301888 
0.009671179883945842 0.010638297872340425 0.009671179883945842 0.009671179883945842 0.960348162475822 
0.04569420035149385 0.05975395430579965 0.8488576449912126 0.028119507908611598 0.01757469244288225 
0.2693069306930693 0.5128712871287129 0.06534653465346535 0.13267326732673268 0.019801980198019802 
0.5544871794871795 0.18269230769230768 0.11217948717948718 0.11217948717948718 0.038461538461538464 
0.6141078838174274 0.11618257261410789 0.0995850622406639 0.12863070539419086 0.04149377593360996 
0.14788732394366197 0.2323943661971831 0.36619718309859156 0.18309859154929578 0.07042253521126761 
0.15384615384615385 0.15384615384615385 0.2564102564102564 0.3076923076923077 0.1282051282051282 
0.06153846153846154 0.06153846153846154 0.7384615384615385 0.08205128205128205 0.05641025641025641 
0.038348082595870206 0.05457227138643068 0.8643067846607669 0.02654867256637168 0.016224188790560472 
0.3597560975609756 0.17073170731707318 0.24390243902439024 0.16463414634146342 0.06097560975609756 
0.43467336683417085 0.30402010050251255 0.1306532663316583 0.10050251256281408 0.03015075376884422 
0.07377049180327869 0.0942622950819672 0.6926229508196722 0.09836065573770492 0.040983606557377046 
0.43781094527363185 0.09950248756218906 0.25870646766169153 0.14427860696517414 0.05970149253731343 
0.13592233009708737 0.10679611650485436 0.5631067961165048 0.0970873786407767 0.0970873786407767 
0.09073359073359073 0.023166023166023165 0.8378378378378378 0.02702702702702703 0.021235521235521235 
0.15021459227467812 0.580829756795422 0.04148783977110158 0.2088698140200286 0.01859799713876967 
0.2 0.18181818181818182 0.2 0.23636363636363636 0.18181818181818182 
0.14901960784313725 0.1843137254901961 0.5450980392156862 0.07450980392156863 0.047058823529411764 
0.049689440993788817 0.037267080745341616 0.8416149068322981 0.040372670807453416 0.031055900621118012 
0.09770114942528736 0.05747126436781609 0.7241379310344828 0.06321839080459771 0.05747126436781609 
0.012106537530266344 0.012106537530266344 0.012106537530266344 0.012106537530266344 0.9515738498789347 
0.002783400809716599 0.0025303643724696357 0.0025303643724696357 0.0025303643724696357 0.9896255060728745 
0.003354681305275999 0.0030497102775236353 0.0030497102775236353 0.0030497102775236353 0.9874961878621531 
0.10416666666666667 0.09027777777777778 0.6180555555555556 0.11805555555555555 0.06944444444444445 
0.12627986348122866 0.11262798634812286 0.5972696245733788 0.12627986348122866 0.03754266211604096 
0.22988505747126436 0.04885057471264368 0.6264367816091954 0.06321839080459771 0.031609195402298854 
0.09366391184573003 0.03305785123966942 0.7658402203856749 0.07713498622589532 0.030303030303030304 
0.05176470588235294 0.04 0.8305882352941176 0.05411764705882353 0.023529411764705882 
0.06060606060606061 0.06439393939393939 0.7613636363636364 0.07575757575757576 0.03787878787878788 
0.15765765765765766 0.05855855855855856 0.6666666666666666 0.07207207207207207 0.04504504504504504 
0.07894736842105263 0.06315789473684211 0.7368421052631579 0.06842105263157895 0.05263157894736842 
0.13043478260869565 0.08695652173913043 0.5391304347826087 0.1565217391304348 0.08695652173913043 
0.19230769230769232 0.23076923076923078 0.19230769230769232 0.19230769230769232 0.19230769230769232 
0.04678362573099415 0.06140350877192982 0.7573099415204678 0.09941520467836257 0.03508771929824561 
0.027548209366391185 0.027548209366391185 0.027548209366391185 0.027548209366391185 0.8898071625344353 
0.12698412698412698 0.12698412698412698 0.19047619047619047 0.46825396825396826 0.0873015873015873 
0.5793103448275863 0.2 0.10344827586206896 0.08275862068965517 0.034482758620689655 
0.009157509157509158 0.010073260073260074 0.009157509157509158 0.009157509157509158 0.9624542124542125 
0.893581081081081 0.02195945945945946 0.03885135135135135 0.02702702702702703 0.018581081081081082 
0.02022058823529412 0.025735294117647058 0.01838235294117647 0.01838235294117647 0.9172794117647058 
0.11297071129707113 0.08786610878661087 0.6694560669456067 0.08368200836820083 0.04602510460251046 
0.0625 0.18125 0.05 0.675 0.03125 
0.877488514548239 0.04747320061255743 0.03522205206738132 0.022970903522205207 0.016845329249617153 
0.17857142857142858 0.17857142857142858 0.2857142857142857 0.17857142857142858 0.17857142857142858 
0.10857142857142857 0.07714285714285714 0.07714285714285714 0.7085714285714285 0.02857142857142857 
0.19008264462809918 0.23553719008264462 0.0640495867768595 0.48140495867768596 0.028925619834710745 
0.05641025641025641 0.12307692307692308 0.12307692307692308 0.6307692307692307 0.06666666666666667 
0.21428571428571427 0.21428571428571427 0.19642857142857142 0.19642857142857142 0.17857142857142858 
0.125 0.2625 0.40625 0.14375 0.0625 
0.0948905109489051 0.39416058394160586 0.0948905109489051 0.3722627737226277 0.043795620437956206 
0.4895833333333333 0.2734375 0.14322916666666666 0.06510416666666667 0.028645833333333332 
0.07142857142857142 0.05102040816326531 0.7551020408163265 0.0663265306122449 0.05612244897959184 
0.15544041450777202 0.5181347150259067 0.11917098445595854 0.15544041450777202 0.05181347150259067 
0.06629834254143646 0.0718232044198895 0.712707182320442 0.09392265193370165 0.055248618784530384 
0.06875 0.06875 0.71875 0.08125 0.0625 
0.0594059405940594 0.46534653465346537 0.07920792079207921 0.3415841584158416 0.054455445544554455 
0.1368421052631579 0.05964912280701754 0.7052631578947368 0.06315789473684211 0.03508771929824561 
0.059895833333333336 0.036458333333333336 0.8177083333333334 0.059895833333333336 0.026041666666666668 
0.08185053380782918 0.0711743772241993 0.7046263345195729 0.07829181494661921 0.06405693950177936 
0.0036569148936170214 0.004654255319148936 0.003324468085106383 0.0036569148936170214 0.9847074468085106 
0.007668711656441718 0.007668711656441718 0.007668711656441718 0.007668711656441718 0.9693251533742331 
0.1278772378516624 0.12276214833759591 0.6086956521739131 0.11508951406649616 0.02557544757033248 
0.03546099290780142 0.03546099290780142 0.03546099290780142 0.03900709219858156 0.8546099290780141 
0.17857142857142858 0.19642857142857142 0.23214285714285715 0.21428571428571427 0.17857142857142858 
0.165 0.06 0.65 0.075 0.05 
0.1513353115727003 0.050445103857566766 0.36795252225519287 0.40059347181008903 0.02967359050445104 
0.25 0.18421052631578946 0.2236842105263158 0.21052631578947367 0.13157894736842105 
0.05865102639296188 0.05865102639296188 0.7683284457478006 0.08504398826979472 0.02932551319648094 
0.8 0.03428571428571429 0.10285714285714286 0.03428571428571429 0.02857142857142857 
0.12605042016806722 0.47058823529411764 0.20168067226890757 0.11764705882352941 0.08403361344537816 
0.12444444444444444 0.08 0.6444444444444445 0.10222222222222223 0.04888888888888889 
0.00575013068478829 0.006272869837950863 0.005227391531625719 0.005227391531625719 0.9775222164140094 
0.06493506493506493 0.09740259740259741 0.5324675324675324 0.24025974025974026 0.06493506493506493 
0.21568627450980393 0.19607843137254902 0.19607843137254902 0.19607843137254902 0.19607843137254902 
0.008613264427217916 0.008613264427217916 0.008613264427217916 0.008613264427217916 0.9655469422911284 
0.19390581717451524 0.5734072022160664 0.1523545706371191 0.05263157894736842 0.027700831024930747 
0.15789473684210525 0.17105263157894737 0.21052631578947367 0.32894736842105265 0.13157894736842105 
0.008756567425569177 0.009632224168126095 0.008756567425569177 0.009632224168126095 0.9632224168126094 
0.5734597156398105 0.296998420221169 0.07424960505529225 0.03949447077409163 0.01579778830963665 
0.504424778761062 0.336283185840708 0.0752212389380531 0.059734513274336286 0.024336283185840708 
0.015037593984962405 0.015037593984962405 0.015037593984962405 0.016541353383458645 0.9383458646616541 
0.9182130584192439 0.008934707903780068 0.013745704467353952 0.05223367697594502 0.006872852233676976 
0.06784660766961652 0.0855457227138643 0.0943952802359882 0.7227138643067846 0.029498525073746312 
0.11965811965811966 0.38461538461538464 0.1452991452991453 0.26495726495726496 0.08547008547008547 
0.19607843137254902 0.21568627450980393 0.19607843137254902 0.19607843137254902 0.19607843137254902 
0.16265060240963855 0.3373493975903614 0.2289156626506024 0.20481927710843373 0.06626506024096386 
0.10286458333333333 0.59375 0.0625 0.22265625 0.018229166666666668 
0.11306532663316583 0.4899497487437186 0.135678391959799 0.23366834170854273 0.02763819095477387 
0.6296296296296297 0.16666666666666666 0.0582010582010582 0.11904761904761904 0.026455026455026454 
0.06557377049180328 0.0546448087431694 0.7595628415300546 0.06557377049180328 0.0546448087431694 
0.1116751269035533 0.07614213197969544 0.07614213197969544 0.6852791878172588 0.050761421319796954 
0.08531468531468532 0.6713286713286714 0.07552447552447553 0.15384615384615385 0.013986013986013986 
0.05405405405405406 0.04391891891891892 0.8040540540540541 0.06418918918918919 0.033783783783783786 
0.07291666666666667 0.078125 0.0625 0.734375 0.052083333333333336 
0.003048780487804878 0.005589430894308943 0.0066056910569105695 0.9822154471544715 0.002540650406504065 
0.10526315789473684 0.18045112781954886 0.48120300751879697 0.15789473684210525 0.07518796992481203 
0.06818181818181818 0.05991735537190083 0.7603305785123967 0.08884297520661157 0.022727272727272728 
0.11372549019607843 0.050980392156862744 0.6901960784313725 0.10588235294117647 0.0392156862745098 
0.06415929203539823 0.04424778761061947 0.061946902654867256 0.8075221238938053 0.022123893805309734 
0.004039662137348513 0.003672420124862284 0.004039662137348513 0.003672420124862284 0.9845758354755784 
0.0975609756097561 0.06097560975609756 0.6280487804878049 0.1524390243902439 0.06097560975609756 
0.007446016381236039 0.00967982129560685 0.007446016381236039 0.007446016381236039 0.9679821295606851 
0.09219858156028368 0.09929078014184398 0.6666666666666666 0.07092198581560284 0.07092198581560284 
0.008984725965858042 0.008984725965858042 0.008984725965858042 0.008984725965858042 0.9640610961365679 
0.024509803921568627 0.024509803921568627 0.024509803921568627 0.024509803921568627 0.9019607843137255 
0.17391304347826086 0.14492753623188406 0.41304347826086957 0.17391304347826086 0.09420289855072464 
0.5764705882352941 0.022459893048128343 0.05026737967914439 0.34010695187165774 0.0106951871657754 
0.8031430934656741 0.06120760959470637 0.058726220016542596 0.06782464846980976 0.009098428453267164 
0.08757062146892655 0.05367231638418079 0.6694915254237288 0.16101694915254236 0.02824858757062147 
0.48267898383371827 0.11085450346420324 0.12702078521939955 0.2517321016166282 0.02771362586605081 
0.06936416184971098 0.057803468208092484 0.7398843930635838 0.07514450867052024 0.057803468208092484 
0.0055617352614015575 0.006117908787541713 0.0055617352614015575 0.0055617352614015575 0.9771968854282537 
0.13740458015267176 0.40458015267175573 0.10687022900763359 0.2748091603053435 0.07633587786259542 
0.19607843137254902 0.19607843137254902 0.19607843137254902 0.21568627450980393 0.19607843137254902 
0.2 0.18181818181818182 0.18181818181818182 0.2545454545454545 0.18181818181818182 
0.004380201489268506 0.004818221638195357 0.004380201489268506 0.004380201489268506 0.9820411738939991 
0.5761589403973509 0.12251655629139073 0.17880794701986755 0.07947019867549669 0.04304635761589404 
0.08385093167701864 0.08074534161490683 0.7484472049689441 0.052795031055900624 0.034161490683229816 
0.003751705320600273 0.003751705320600273 0.003751705320600273 0.0034106412005457027 0.9853342428376535 
0.07158043940467754 0.37278525868178597 0.4223954642097803 0.12402551381998582 0.009213323883770375 
0.07113821138211382 0.07113821138211382 0.054878048780487805 0.7804878048780488 0.022357723577235773 
0.13934426229508196 0.39344262295081966 0.2786885245901639 0.13934426229508196 0.04918032786885246 
0.006489292667099286 0.007138221933809215 0.007138221933809215 0.006489292667099286 0.972744970798183 
0.21761658031088082 0.3471502590673575 0.10362694300518134 0.31088082901554404 0.02072538860103627 
0.06451612903225806 0.06451612903225806 0.11693548387096774 0.7096774193548387 0.04435483870967742 
0.11790393013100436 0.5065502183406113 0.05240174672489083 0.27510917030567683 0.048034934497816595 
0.1469387755102041 0.6081632653061224 0.15510204081632653 0.04897959183673469 0.04081632653061224 
0.22641509433962265 0.18867924528301888 0.20754716981132076 0.18867924528301888 0.18867924528301888 
0.05761316872427984 0.07818930041152264 0.07818930041152264 0.7448559670781894 0.0411522633744856 
0.9091940976163451 0.03859250851305335 0.022701475595913734 0.018161180476730987 0.011350737797956867 
0.134 0.101 0.09 0.665 0.01 
0.10828025477707007 0.31210191082802546 0.15286624203821655 0.3248407643312102 0.10191082802547771 
0.08745247148288973 0.3269961977186312 0.43346007604562736 0.11026615969581749 0.04182509505703422 
0.09803921568627451 0.12549019607843137 0.09803921568627451 0.6274509803921569 0.050980392156862744 
0.12020460358056266 0.42710997442455245 0.04859335038363171 0.37851662404092073 0.02557544757033248 
0.17543859649122806 0.19298245614035087 0.17543859649122806 0.2807017543859649 0.17543859649122806 
0.07766990291262135 0.04854368932038835 0.7766990291262136 0.04854368932038835 0.04854368932038835 
0.41478439425051333 0.045174537987679675 0.47638603696098564 0.0513347022587269 0.012320328542094456 
0.09027777777777778 0.05555555555555555 0.08101851851851852 0.75 0.023148148148148147 
0.003280644199224575 0.003280644199224575 0.003280644199224575 0.0029824038174768863 0.9871756635848494 
0.07058823529411765 0.06470588235294118 0.7441176470588236 0.08235294117647059 0.03823529411764706 
0.08333333333333333 0.0763888888888889 0.6527777777777778 0.11805555555555555 0.06944444444444445 
0.003316749585406302 0.003316749585406302 0.003648424543946932 0.003316749585406302 0.9864013266998342 
0.10126582278481013 0.06962025316455696 0.6835443037974683 0.08227848101265822 0.06329113924050633 
0.006657789613848202 0.006657789613848202 0.006657789613848202 0.006657789613848202 0.9733688415446072 
0.017064846416382253 0.017064846416382253 0.017064846416382253 0.020477815699658702 0.9283276450511946 
0.04922279792746114 0.05008635578583765 0.8721934369602763 0.018998272884283247 0.009499136442141624 
0.06912442396313365 0.1152073732718894 0.14285714285714285 0.6221198156682027 0.05069124423963134 
0.017513134851138354 0.028021015761821366 0.8914185639229422 0.03327495621716287 0.0297723292469352 
0.0273972602739726 0.0273972602739726 0.0273972602739726 0.0273972602739726 0.8904109589041096 
0.1265377855887522 0.11423550087873462 0.070298769771529 0.6695957820738138 0.019332161687170474 
0.19230769230769232 0.23076923076923078 0.19230769230769232 0.19230769230769232 0.19230769230769232 
0.19230769230769232 0.19230769230769232 0.19230769230769232 0.23076923076923078 0.19230769230769232 
0.005055611729019211 0.005561172901921132 0.005055611729019211 0.005055611729019211 0.9792719919110212 
0.5983379501385041 0.18559556786703602 0.10249307479224377 0.08587257617728532 0.027700831024930747 
0.23728813559322035 0.2033898305084746 0.1694915254237288 0.22033898305084745 0.1694915254237288 
0.01020408163265306 0.01020408163265306 0.01020408163265306 0.01020408163265306 0.9591836734693877 
0.17338709677419356 0.09475806451612903 0.1431451612903226 0.5665322580645161 0.02217741935483871 
0.2895622895622896 0.5218855218855218 0.06734006734006734 0.08754208754208755 0.03367003367003367 
0.02444987775061125 0.02444987775061125 0.02444987775061125 0.02444987775061125 0.902200488997555 
0.14444444444444443 0.07222222222222222 0.31666666666666665 0.4111111111111111 0.05555555555555555 
0.19230769230769232 0.23076923076923078 0.19230769230769232 0.19230769230769232 0.19230769230769232 
0.18518518518518517 0.18518518518518517 0.18518518518518517 0.25925925925925924 0.18518518518518517 
0.06790123456790123 0.06790123456790123 0.33641975308641975 0.49691358024691357 0.030864197530864196 
0.15158730158730158 0.7428571428571429 0.07698412698412699 0.020634920634920634 0.007936507936507936 
0.4748201438848921 0.1366906474820144 0.19424460431654678 0.1223021582733813 0.07194244604316546 
0.10135135135135136 0.17567567567567569 0.10810810810810811 0.5472972972972973 0.06756756756756757 
0.09136212624584718 0.1744186046511628 0.04983388704318937 0.6677740863787376 0.016611295681063124 
0.2898550724637681 0.21739130434782608 0.14492753623188406 0.17391304347826086 0.17391304347826086 
0.05092592592592592 0.06481481481481481 0.08796296296296297 0.75 0.046296296296296294 
0.07508532423208192 0.4641638225255973 0.05460750853242321 0.36860068259385664 0.03754266211604096 
0.10891089108910891 0.1188118811881188 0.49504950495049505 0.1782178217821782 0.09900990099009901 
0.13872832369942195 0.5433526011560693 0.1791907514450867 0.08092485549132948 0.057803468208092484 
0.23547400611620795 0.3241590214067278 0.16819571865443425 0.23547400611620795 0.03669724770642202 
0.08504398826979472 0.05278592375366569 0.7888563049853372 0.04398826979472141 0.02932551319648094 
0.04365079365079365 0.06349206349206349 0.7857142857142857 0.06746031746031746 0.03968253968253968 
0.0903954802259887 0.307909604519774 0.07909604519774012 0.4915254237288136 0.031073446327683617 
0.06174957118353345 0.04288164665523156 0.8061749571183533 0.04288164665523156 0.04631217838765009 
0.008361204013377926 0.010869565217391304 0.00919732441471572 0.00919732441471572 0.9623745819397993 
0.1 0.09090909090909091 0.15 0.6136363636363636 0.045454545454545456 
0.05952380952380952 0.05654761904761905 0.8005952380952381 0.050595238095238096 0.03273809523809524 
0.007668711656441718 0.007668711656441718 0.007668711656441718 0.007668711656441718 0.9693251533742331 
0.006297229219143577 0.0069269521410579345 0.007556675062972292 0.006297229219143577 0.9729219143576826 
0.0875 0.15 0.55625 0.14375 0.0625 
0.01567398119122257 0.01567398119122257 0.01567398119122257 0.01567398119122257 0.9373040752351097 
0.19298245614035087 0.17543859649122806 0.2631578947368421 0.19298245614035087 0.17543859649122806 
0.10869565217391304 0.11956521739130435 0.532608695652174 0.13043478260869565 0.10869565217391304 
0.08365019011406843 0.06844106463878327 0.7452471482889734 0.060836501901140684 0.04182509505703422 
0.08968609865470852 0.04484304932735426 0.7399103139013453 0.07623318385650224 0.04932735426008968 
0.01088139281828074 0.011969532100108813 0.013057671381936888 0.01088139281828074 0.9532100108813928 
0.8807339449541285 0.025688073394495414 0.04954128440366973 0.025688073394495414 0.01834862385321101 
0.19607843137254902 0.21568627450980393 0.19607843137254902 0.19607843137254902 0.19607843137254902 
0.023310023310023312 0.02564102564102564 0.023310023310023312 0.023310023310023312 0.9044289044289044 
0.7046632124352331 0.13471502590673576 0.06735751295336788 0.06735751295336788 0.025906735751295335 
0.6701902748414377 0.05496828752642706 0.20930232558139536 0.04439746300211417 0.021141649048625793 
0.2037037037037037 0.18518518518518517 0.2037037037037037 0.2222222222222222 0.18518518518518517 
0.0065832784726793945 0.0065832784726793945 0.007241606319947334 0.007241606319947334 0.9723502304147466 
0.12582781456953643 0.40397350993377484 0.1390728476821192 0.2582781456953642 0.0728476821192053 
0.05913978494623656 0.10215053763440861 0.7661290322580645 0.0456989247311828 0.026881720430107527 
0.19172932330827067 0.6644736842105263 0.044172932330827065 0.08834586466165413 0.011278195488721804 
0.017699115044247787 0.017699115044247787 0.017699115044247787 0.017699115044247787 0.9292035398230089 
0.21052631578947367 0.19814241486068113 0.26006191950464397 0.29721362229102166 0.034055727554179564 
0.21153846153846154 0.21153846153846154 0.19230769230769232 0.19230769230769232 0.19230769230769232 
0.18518518518518517 0.18518518518518517 0.2222222222222222 0.2222222222222222 0.18518518518518517 
0.0990990990990991 0.09009009009009009 0.5675675675675675 0.1981981981981982 0.04504504504504504 
0.13541666666666666 0.13541666666666666 0.09375 0.59375 0.041666666666666664 
0.5939675174013921 0.018561484918793503 0.031322505800464036 0.3433874709976798 0.012761020881670533 
0.496551724137931 0.2482758620689655 0.11724137931034483 0.10344827586206896 0.034482758620689655 
0.057777777777777775 0.3288888888888889 0.10666666666666667 0.4533333333333333 0.05333333333333334 
0.061170212765957445 0.22074468085106383 0.574468085106383 0.11702127659574468 0.026595744680851064 
0.15606936416184972 0.16184971098265896 0.17341040462427745 0.4393063583815029 0.06936416184971098 
0.09420289855072464 0.07971014492753623 0.07608695652173914 0.7137681159420289 0.036231884057971016 
0.11715481171548117 0.3054393305439331 0.1297071129707113 0.39748953974895396 0.0502092050209205 
0.09536082474226804 0.09536082474226804 0.06443298969072164 0.7164948453608248 0.028350515463917526 
0.06326034063260341 0.072992700729927 0.0705596107055961 0.7688564476885644 0.024330900243309004 
0.17464788732394365 0.24507042253521127 0.4676056338028169 0.07887323943661972 0.03380281690140845 
0.07746478873239436 0.09154929577464789 0.676056338028169 0.08450704225352113 0.07042253521126761 
0.03488372093023256 0.11794019933554817 0.05149501661129568 0.7757475083056479 0.019933554817275746 
0.005578093306288032 0.005578093306288032 0.005070993914807302 0.005070993914807302 0.9787018255578094 
0.10689655172413794 0.21379310344827587 0.46551724137931033 0.1793103448275862 0.034482758620689655 
0.06134969325153374 0.12269938650306748 0.16359918200409 0.6278118609406953 0.024539877300613498 
0.009212730318257957 0.010887772194304857 0.008375209380234505 0.008375209380234505 0.9631490787269682 
0.13131313131313133 0.10101010101010101 0.5454545454545454 0.1111111111111111 0.1111111111111111 
0.018456375838926176 0.018456375838926176 0.016778523489932886 0.018456375838926176 0.9278523489932886 
0.08496732026143791 0.0915032679738562 0.6470588235294118 0.09803921568627451 0.0784313725490196 
0.017921146953405017 0.017921146953405017 0.017921146953405017 0.017921146953405017 0.9283154121863799 
0.07142857142857142 0.07692307692307693 0.7197802197802198 0.07692307692307693 0.054945054945054944 
0.14414414414414414 0.16216216216216217 0.44144144144144143 0.16216216216216217 0.09009009009009009 
0.058823529411764705 0.053475935828877004 0.7807486631016043 0.053475935828877004 0.053475935828877004 
0.5314685314685315 0.08391608391608392 0.20279720279720279 0.1048951048951049 0.07692307692307693 
0.31333333333333335 0.10666666666666667 0.28 0.23333333333333334 0.06666666666666667 
0.02857142857142857 0.025974025974025976 0.025974025974025976 0.025974025974025976 0.8935064935064935 
0.14285714285714285 0.4316109422492401 0.13677811550151975 0.25227963525835867 0.0364741641337386 
0.19298245614035087 0.17543859649122806 0.21052631578947367 0.24561403508771928 0.17543859649122806 
0.44508670520231214 0.29190751445086704 0.07514450867052024 0.15895953757225434 0.028901734104046242 
0.125 0.15 0.15 0.125 0.45 
0.11956521739130435 0.10869565217391304 0.5217391304347826 0.14130434782608695 0.10869565217391304 
0.18032786885245902 0.18032786885245902 0.18032786885245902 0.29508196721311475 0.16393442622950818 
0.2 0.2 0.23636363636363636 0.18181818181818182 0.18181818181818182 
0.015015015015015015 0.015015015015015015 0.015015015015015015 0.016516516516516516 0.9384384384384384 
0.14893617021276595 0.06382978723404255 0.07446808510638298 0.6595744680851063 0.05319148936170213 
0.2698412698412698 0.1746031746031746 0.2222222222222222 0.1746031746031746 0.15873015873015872 
0.057660626029654036 0.08731466227347612 0.03459637561779242 0.8039538714991763 0.016474464579901153 
0.8742857142857143 0.02095238095238095 0.0419047619047619 0.04380952380952381 0.01904761904761905 
0.06622516556291391 0.0728476821192053 0.11920529801324503 0.7086092715231788 0.033112582781456956 
0.18867924528301888 0.18867924528301888 0.24528301886792453 0.18867924528301888 0.18867924528301888 
0.04007633587786259 0.03816793893129771 0.026717557251908396 0.8740458015267175 0.02099236641221374 
0.06349206349206349 0.15714285714285714 0.04126984126984127 0.707936507936508 0.03015873015873016 
0.13071895424836602 0.11764705882352941 0.1111111111111111 0.5751633986928104 0.06535947712418301 
0.17592592592592593 0.46296296296296297 0.1574074074074074 0.10185185185185185 0.10185185185185185 
0.2155688622754491 0.18562874251497005 0.08982035928143713 0.4491017964071856 0.059880239520958084 
0.08733624454148471 0.27074235807860264 0.09170305676855896 0.5065502183406113 0.043668122270742356 
0.13380281690140844 0.5 0.14084507042253522 0.15492957746478872 0.07042253521126761 
0.15384615384615385 0.44970414201183434 0.1893491124260355 0.14792899408284024 0.05917159763313609 
0.03655352480417755 0.10966057441253264 0.06266318537859007 0.7650130548302873 0.02610966057441253 
0.11743119266055047 0.04036697247706422 0.7761467889908257 0.045871559633027525 0.02018348623853211 
0.07407407407407407 0.21810699588477367 0.5020576131687243 0.16049382716049382 0.04526748971193416 
0.06133333333333333 0.4186666666666667 0.064 0.41333333333333333 0.042666666666666665 
0.0748663101604278 0.053475935828877004 0.7540106951871658 0.06417112299465241 0.053475935828877004 
0.18840579710144928 0.2246376811594203 0.13043478260869565 0.38405797101449274 0.07246376811594203 
0.0041946308724832215 0.0041946308724832215 0.0041946308724832215 0.0050335570469798654 0.9823825503355704 
0.14655172413793102 0.34195402298850575 0.40804597701149425 0.07471264367816093 0.028735632183908046 
0.1 0.18620689655172415 0.08275862068965517 0.596551724137931 0.034482758620689655 
0.11235955056179775 0.1348314606741573 0.47191011235955055 0.16853932584269662 0.11235955056179775 
0.00510204081632653 0.00510204081632653 0.0066326530612244895 0.00510204081632653 0.9780612244897959 
0.11956521739130435 0.10869565217391304 0.5217391304347826 0.14130434782608695 0.10869565217391304 
0.006811989100817439 0.007493188010899182 0.007493188010899182 0.006811989100817439 0.9713896457765667 
0.08904109589041095 0.0684931506849315 0.6438356164383562 0.13013698630136986 0.0684931506849315 
0.1485148514851485 0.09900990099009901 0.504950495049505 0.1485148514851485 0.09900990099009901 
0.0891089108910891 0.054455445544554455 0.7227722772277227 0.08415841584158416 0.04950495049504951 
0.07248520710059171 0.11242603550295859 0.08136094674556213 0.7189349112426036 0.014792899408284023 
0.8782771535580525 0.018726591760299626 0.04119850187265917 0.04307116104868914 0.018726591760299626 
0.019120458891013385 0.021032504780114723 0.019120458891013385 0.019120458891013385 0.9216061185468452 
0.8129675810473815 0.02493765586034913 0.08977556109725686 0.04738154613466334 0.02493765586034913 
0.19230769230769232 0.21153846153846154 0.21153846153846154 0.19230769230769232 0.19230769230769232 
0.026385224274406333 0.026385224274406333 0.026385224274406333 0.026385224274406333 0.8944591029023746 
0.4647058823529412 0.0392156862745098 0.396078431372549 0.0803921568627451 0.0196078431372549 
0.1774193548387097 0.1774193548387097 0.3064516129032258 0.1774193548387097 0.16129032258064516 
0.19607843137254902 0.21568627450980393 0.19607843137254902 0.19607843137254902 0.19607843137254902 
0.022172949002217297 0.026607538802660754 0.022172949002217297 0.022172949002217297 0.9068736141906873 
