0.5376044568245125 0.116991643454039 0.10306406685236769 0.12534818941504178 0.116991643454039 
0.043568464730290454 0.07053941908713693 0.2987551867219917 0.483402489626556 0.1037344398340249 
0.025627044711014176 0.3271537622682661 0.17557251908396945 0.16575790621592149 0.3058887677208288 
0.018211920529801324 0.8509933774834437 0.0380794701986755 0.04966887417218543 0.04304635761589404 
0.09225092250922509 0.30996309963099633 0.13653136531365315 0.1070110701107011 0.35424354243542433 
0.7942238267148014 0.04332129963898917 0.05054151624548736 0.061371841155234655 0.05054151624548736 
0.6050847457627119 0.05593220338983051 0.09322033898305085 0.0711864406779661 0.17457627118644067 
0.36153846153846153 0.1717948717948718 0.10256410256410256 0.08717948717948718 0.27692307692307694 
0.020028612303290415 0.04864091559370529 0.8497854077253219 0.04721030042918455 0.034334763948497854 
0.13450292397660818 0.34502923976608185 0.0935672514619883 0.14035087719298245 0.28654970760233917 
0.058823529411764705 0.7176470588235294 0.06470588235294118 0.08235294117647059 0.07647058823529412 
0.06629834254143646 0.13812154696132597 0.22099447513812154 0.4143646408839779 0.16022099447513813 
0.28938906752411575 0.1382636655948553 0.11254019292604502 0.09646302250803858 0.3633440514469453 
0.05 0.6928571428571428 0.11071428571428571 0.05714285714285714 0.08928571428571429 
0.031007751937984496 0.35400516795865633 0.07751937984496124 0.11627906976744186 0.42118863049095606 
0.0759493670886076 0.6075949367088608 0.12025316455696203 0.11392405063291139 0.08227848101265822 
0.4451754385964912 0.07017543859649122 0.13706140350877194 0.20942982456140352 0.13815789473684212 
0.0732484076433121 0.050955414012738856 0.23885350318471338 0.4171974522292994 0.2197452229299363 
0.7781818181818182 0.03636363636363636 0.04 0.04 0.10545454545454545 
0.1259259259259259 0.17037037037037037 0.22962962962962963 0.34814814814814815 0.1259259259259259 
0.029940119760479042 0.09131736526946108 0.11377245508982035 0.25149700598802394 0.5134730538922155 
0.03287671232876712 0.13424657534246576 0.07214611872146119 0.1552511415525114 0.6054794520547945 
0.02181208053691275 0.06375838926174497 0.8053691275167785 0.06879194630872483 0.040268456375838924 
0.03614457831325301 0.8457831325301205 0.02650602409638554 0.043373493975903614 0.04819277108433735 
0.44110275689223055 0.09022556390977443 0.06766917293233082 0.06766917293233082 0.3333333333333333 
0.13368983957219252 0.5026737967914439 0.11764705882352941 0.0962566844919786 0.1497326203208556 
0.03463203463203463 0.10966810966810966 0.06782106782106782 0.17604617604617603 0.6118326118326118 
0.38578680203045684 0.12690355329949238 0.116751269035533 0.10152284263959391 0.26903553299492383 
0.33568904593639576 0.09540636042402827 0.2862190812720848 0.16607773851590105 0.1166077738515901 
0.04460093896713615 0.14084507042253522 0.30985915492957744 0.24413145539906103 0.2605633802816901 
0.022857142857142857 0.65 0.03428571428571429 0.06 0.23285714285714285 
0.03814713896457766 0.4359673024523161 0.12534059945504086 0.09809264305177112 0.3024523160762943 
0.0425531914893617 0.48226950354609927 0.11702127659574468 0.2907801418439716 0.0673758865248227 
0.0400890868596882 0.111358574610245 0.10690423162583519 0.6325167037861915 0.1091314031180401 
0.21305841924398625 0.1134020618556701 0.16151202749140894 0.1958762886597938 0.3161512027491409 
0.0968421052631579 0.04631578947368421 0.35578947368421054 0.21473684210526317 0.2863157894736842 
0.6455223880597015 0.05783582089552239 0.09514925373134328 0.041044776119402986 0.16044776119402984 
0.025547445255474453 0.75 0.04927007299270073 0.12226277372262774 0.05291970802919708 
0.04072398190045249 0.06334841628959276 0.11463046757164404 0.20512820512820512 0.5761689291101055 
0.05847953216374269 0.21052631578947367 0.08187134502923976 0.5614035087719298 0.08771929824561403 
0.08421052631578947 0.11578947368421053 0.11228070175438597 0.6 0.08771929824561403 
0.0625 0.09375 0.171875 0.25 0.421875 
0.025052192066805846 0.10855949895615867 0.037578288100208766 0.7640918580375783 0.06471816283924843 
0.25 0.365 0.085 0.1275 0.1725 
0.07453416149068323 0.5900621118012422 0.08074534161490683 0.14906832298136646 0.10559006211180125 
0.030054644808743168 0.4180327868852459 0.09016393442622951 0.14754098360655737 0.31420765027322406 
0.8 0.05185185185185185 0.05185185185185185 0.05555555555555555 0.040740740740740744 
0.04591104734576758 0.043041606886657105 0.06743185078909612 0.09612625538020086 0.7474892395982783 
0.33617021276595743 0.35319148936170214 0.07234042553191489 0.1574468085106383 0.08085106382978724 
0.026378896882494004 0.35731414868105515 0.08393285371702638 0.11031175059952038 0.42206235011990406 
0.06725888324873096 0.04187817258883249 0.37944162436548223 0.3629441624365482 0.1484771573604061 
0.06857142857142857 0.4857142857142857 0.11428571428571428 0.26285714285714284 0.06857142857142857 
0.03597122302158273 0.7985611510791367 0.0683453237410072 0.06115107913669065 0.03597122302158273 
0.04437869822485207 0.7071005917159763 0.07988165680473373 0.10059171597633136 0.06804733727810651 
0.08208955223880597 0.09328358208955224 0.2462686567164179 0.47388059701492535 0.1044776119402985 
0.10135135135135136 0.22297297297297297 0.17567567567567569 0.34459459459459457 0.1554054054054054 
0.022321428571428572 0.036830357142857144 0.046875 0.044642857142857144 0.8493303571428571 
0.030349013657056147 0.0622154779969651 0.1244309559939302 0.1456752655538695 0.637329286798179 
0.7697368421052632 0.05921052631578947 0.06578947368421052 0.06578947368421052 0.039473684210526314 
0.06313131313131314 0.5909090909090909 0.08080808080808081 0.12121212121212122 0.14393939393939395 
0.022813688212927757 0.8250950570342205 0.030418250950570342 0.051964512040557666 0.0697084917617237 
0.16326530612244897 0.19387755102040816 0.23469387755102042 0.23469387755102042 0.17346938775510204 
0.1111111111111111 0.45555555555555555 0.15555555555555556 0.13333333333333333 0.14444444444444443 
0.7770034843205574 0.07317073170731707 0.04878048780487805 0.05226480836236934 0.04878048780487805 
0.12297734627831715 0.07119741100323625 0.15857605177993528 0.5728155339805825 0.0744336569579288 
0.7873754152823921 0.053156146179401995 0.03986710963455149 0.06976744186046512 0.04983388704318937 
0.0603448275862069 0.6487068965517241 0.05387931034482758 0.09267241379310345 0.14439655172413793 
0.027131782945736434 0.06782945736434108 0.4186046511627907 0.43023255813953487 0.0562015503875969 
0.047058823529411764 0.5388235294117647 0.11294117647058824 0.10823529411764705 0.19294117647058823 
0.076 0.548 0.1 0.192 0.084 
0.07749077490774908 0.18081180811808117 0.14760147601476015 0.07749077490774908 0.5166051660516605 
0.41823899371069184 0.1509433962264151 0.1289308176100629 0.1509433962264151 0.1509433962264151 
0.06227106227106227 0.09523809523809523 0.6227106227106227 0.10989010989010989 0.10989010989010989 
0.028761061946902654 0.06637168141592921 0.5530973451327433 0.2345132743362832 0.1172566371681416 
0.04358974358974359 0.8179487179487179 0.04358974358974359 0.046153846153846156 0.04871794871794872 
0.05102040816326531 0.08503401360544217 0.1326530612244898 0.6836734693877551 0.047619047619047616 
0.020435967302452316 0.025885558583106268 0.7384196185286104 0.11852861035422343 0.09673024523160763 
0.1032258064516129 0.12258064516129032 0.2064516129032258 0.45161290322580644 0.11612903225806452 
0.026415094339622643 0.1490566037735849 0.06415094339622641 0.6320754716981132 0.12830188679245283 
0.022026431718061675 0.02643171806167401 0.046255506607929514 0.06167400881057269 0.8436123348017621 
0.02159468438538206 0.03488372093023256 0.8421926910299004 0.053156146179401995 0.04817275747508306 
0.49140893470790376 0.3539518900343643 0.05154639175257732 0.048109965635738834 0.054982817869415807 
0.0482897384305835 0.13682092555331993 0.16096579476861167 0.4909456740442656 0.16297786720321933 
0.019120458891013385 0.07074569789674952 0.03441682600382409 0.8260038240917782 0.0497131931166348 
0.04417670682730924 0.6867469879518072 0.05622489959839357 0.1566265060240964 0.05622489959839357 
0.023622047244094488 0.11023622047244094 0.028871391076115485 0.8031496062992126 0.03412073490813648 
0.1046875 0.525 0.05625 0.2171875 0.096875 
0.022727272727272728 0.04292929292929293 0.7335858585858586 0.11237373737373738 0.08838383838383838 
0.08393039918116683 0.06448311156601842 0.34083930399181167 0.39508700102354144 0.11566018423746162 
0.6573033707865169 0.13370786516853933 0.04269662921348315 0.0651685393258427 0.10112359550561797 
0.05305039787798409 0.5702917771883289 0.22811671087533156 0.08222811671087533 0.06631299734748011 
0.016051364365971106 0.37881219903691815 0.03531300160513644 0.5200642054574639 0.04975922953451043 
0.0196078431372549 0.8398692810457516 0.0392156862745098 0.06045751633986928 0.04084967320261438 
0.2185929648241206 0.3793969849246231 0.0829145728643216 0.13819095477386933 0.18090452261306533 
0.017844886753603295 0.5380919698009609 0.24708304735758407 0.09746053534660261 0.09951956074124914 
0.05734767025089606 0.5519713261648745 0.08960573476702509 0.12903225806451613 0.17204301075268819 
0.00912106135986733 0.02321724709784411 0.04560530679933665 0.8888888888888888 0.03316749585406302 
0.02584493041749503 0.039761431411530816 0.23856858846918488 0.47713717693836977 0.21868787276341947 
0.7307692307692307 0.04807692307692308 0.035256410256410256 0.057692307692307696 0.1282051282051282 
0.020105820105820106 0.0380952380952381 0.09523809523809523 0.17777777777777778 0.6687830687830688 
0.05021834061135371 0.14410480349344978 0.07205240174672489 0.6048034934497817 0.12882096069868995 
0.03418803418803419 0.5811965811965812 0.03418803418803419 0.09401709401709402 0.2564102564102564 
0.08571428571428572 0.08333333333333333 0.12142857142857143 0.25476190476190474 0.45476190476190476 
0.045454545454545456 0.13875598086124402 0.08133971291866028 0.2799043062200957 0.45454545454545453 
0.038910505836575876 0.2821011673151751 0.05642023346303502 0.038910505836575876 0.5836575875486382 
0.03744798890429958 0.0319001386962552 0.07073509015256588 0.08460471567267684 0.7753120665742025 
0.06621004566210045 0.0776255707762557 0.16666666666666666 0.12100456621004566 0.5684931506849316 
0.03851851851851852 0.02074074074074074 0.39555555555555555 0.33925925925925926 0.20592592592592593 
0.08992805755395683 0.29856115107913667 0.16546762589928057 0.12949640287769784 0.31654676258992803 
0.027261462205700124 0.47335811648079307 0.09851301115241635 0.13197026022304834 0.26889714993804215 
0.7365079365079366 0.047619047619047616 0.047619047619047616 0.11746031746031746 0.050793650793650794 
0.09375 0.6375 0.0875 0.0875 0.09375 
0.08415841584158416 0.12376237623762376 0.15346534653465346 0.297029702970297 0.3415841584158416 
0.04780876494023904 0.6693227091633466 0.08366533864541832 0.12749003984063745 0.07171314741035857 
0.084070796460177 0.48672566371681414 0.08849557522123894 0.12831858407079647 0.21238938053097345 
0.07063197026022305 0.6765799256505576 0.08550185873605948 0.05204460966542751 0.11524163568773234 
0.06666666666666667 0.717948717948718 0.08717948717948718 0.05641025641025641 0.07179487179487179 
0.050156739811912224 0.08463949843260188 0.26959247648902823 0.4702194357366771 0.12539184952978055 
0.021400778210116732 0.054474708171206226 0.054474708171206226 0.8326848249027238 0.03696498054474708 
0.030555555555555555 0.8611111111111112 0.03611111111111111 0.03333333333333333 0.03888888888888889 
0.25301204819277107 0.1566265060240964 0.2289156626506024 0.18072289156626506 0.18072289156626506 
0.03939393939393939 0.07878787878787878 0.4 0.32727272727272727 0.15454545454545454 
0.13414634146341464 0.4024390243902439 0.13414634146341464 0.1951219512195122 0.13414634146341464 
0.04741379310344827 0.6982758620689655 0.05172413793103448 0.15086206896551724 0.05172413793103448 
0.07329842931937172 0.5287958115183246 0.07329842931937172 0.2513089005235602 0.07329842931937172 
0.01173512154233026 0.024308466051969825 0.036881810561609385 0.8960603520536463 0.03101424979044426 
0.14035087719298245 0.17543859649122806 0.12280701754385964 0.17543859649122806 0.38596491228070173 
0.022388059701492536 0.04626865671641791 0.6895522388059702 0.1761194029850746 0.06567164179104477 
0.7413793103448276 0.05517241379310345 0.05172413793103448 0.1103448275862069 0.041379310344827586 
0.034013605442176874 0.8299319727891157 0.047619047619047616 0.04081632653061224 0.047619047619047616 
0.029411764705882353 0.1134453781512605 0.046218487394957986 0.75 0.06092436974789916 
0.03825136612021858 0.5355191256830601 0.08743169398907104 0.273224043715847 0.06557377049180328 
0.03880597014925373 0.07761194029850746 0.27761194029850744 0.4955223880597015 0.11044776119402985 
0.11764705882352941 0.10588235294117647 0.17058823529411765 0.49411764705882355 0.11176470588235295 
0.08132530120481928 0.12349397590361445 0.10542168674698796 0.13855421686746988 0.5512048192771084 
0.8120567375886525 0.04609929078014184 0.03900709219858156 0.03900709219858156 0.06382978723404255 
0.21810699588477367 0.20987654320987653 0.16049382716049382 0.1440329218106996 0.2674897119341564 
0.026683608640406607 0.05082592121982211 0.08894536213468869 0.12579415501905972 0.7077509529860229 
0.0377906976744186 0.13372093023255813 0.28488372093023256 0.4418604651162791 0.10174418604651163 
0.042666666666666665 0.688 0.088 0.096 0.08533333333333333 
0.11728395061728394 0.09876543209876543 0.1728395061728395 0.43209876543209874 0.17901234567901234 
0.617740232312566 0.054910242872228086 0.04963041182682154 0.03590285110876452 0.24181626187961985 
0.05734767025089606 0.1039426523297491 0.07526881720430108 0.1003584229390681 0.6630824372759857 
0.38755020080321284 0.11244979919678715 0.12449799196787148 0.0963855421686747 0.2791164658634538 
0.0823293172690763 0.3795180722891566 0.18473895582329317 0.0963855421686747 0.2570281124497992 
0.029644268774703556 0.7134387351778656 0.029644268774703556 0.05533596837944664 0.17193675889328064 
0.02512562814070352 0.23241206030150754 0.052763819095477386 0.5238693467336684 0.1658291457286432 
0.07829181494661921 0.09786476868327403 0.15302491103202848 0.6103202846975089 0.060498220640569395 
0.048507462686567165 0.10820895522388059 0.19029850746268656 0.47388059701492535 0.1791044776119403 
0.01638001638001638 0.823914823914824 0.07616707616707617 0.055692055692055695 0.027846027846027847 
0.034031413612565446 0.112565445026178 0.05759162303664921 0.6151832460732984 0.1806282722513089 
0.06632124352331606 0.3673575129533679 0.20932642487046632 0.14352331606217616 0.21347150259067357 
0.05273833671399594 0.6632860040567952 0.1075050709939148 0.056795131845841784 0.11967545638945233 
0.0741687979539642 0.09207161125319693 0.578005115089514 0.07161125319693094 0.18414322250639387 
0.7510460251046025 0.028242677824267783 0.060669456066945605 0.04811715481171548 0.11192468619246862 
0.028119507908611598 0.7715289982425307 0.04569420035149385 0.0984182776801406 0.056239015817223195 
0.029411764705882353 0.13445378151260504 0.04411764705882353 0.7436974789915967 0.04831932773109244 
0.1326530612244898 0.5204081632653061 0.12244897959183673 0.11224489795918367 0.11224489795918367 
0.021169354838709676 0.03225806451612903 0.4375 0.40725806451612906 0.10181451612903226 
0.08992805755395683 0.08992805755395683 0.5575539568345323 0.14028776978417265 0.1223021582733813 
0.7418351477449455 0.06531881804043546 0.06998444790046657 0.03576982892690513 0.08709175738724728 
0.08496732026143791 0.6078431372549019 0.0915032679738562 0.13725490196078433 0.0784313725490196 
0.10784313725490197 0.5588235294117647 0.10784313725490197 0.11764705882352941 0.10784313725490197 
0.046263345195729534 0.12099644128113879 0.7117437722419929 0.08185053380782918 0.03914590747330961 
0.07746478873239436 0.4647887323943662 0.09859154929577464 0.21830985915492956 0.14084507042253522 
0.01001669449081803 0.22454090150250416 0.7337228714524207 0.019198664440734557 0.012520868113522538 
0.02857142857142857 0.6321428571428571 0.1 0.0625 0.1767857142857143 
0.13333333333333333 0.10909090909090909 0.37575757575757573 0.21212121212121213 0.1696969696969697 
0.7578947368421053 0.0456140350877193 0.07017543859649122 0.06315789473684211 0.06315789473684211 
0.16046511627906976 0.09534883720930233 0.1511627906976744 0.09534883720930233 0.49767441860465117 
0.06 0.048 0.308 0.436 0.148 
0.1 0.57 0.1 0.12 0.11 
0.24815724815724816 0.24815724815724816 0.13267813267813267 0.08108108108108109 0.28992628992628994 
0.07964601769911504 0.48672566371681414 0.08849557522123894 0.11946902654867257 0.22566371681415928 
0.7227722772277227 0.04950495049504951 0.06930693069306931 0.11221122112211221 0.0462046204620462 
0.148068669527897 0.3905579399141631 0.0944206008583691 0.26180257510729615 0.10515021459227468 
0.7266666666666667 0.05 0.06 0.06333333333333334 0.1 
0.08108108108108109 0.10810810810810811 0.3333333333333333 0.15765765765765766 0.31981981981981983 
0.017814726840855107 0.043942992874109264 0.048693586698337295 0.03800475059382423 0.8515439429928741 
0.03482587064676617 0.09701492537313433 0.05970149253731343 0.7611940298507462 0.0472636815920398 
0.0641025641025641 0.04700854700854701 0.11965811965811966 0.21367521367521367 0.5555555555555556 
0.07142857142857142 0.6294642857142857 0.14732142857142858 0.0625 0.08928571428571429 
0.055 0.755 0.07 0.055 0.065 
0.04980842911877394 0.12643678160919541 0.16475095785440613 0.49808429118773945 0.16091954022988506 
0.25681255161023947 0.39719240297274977 0.05532617671345995 0.0990916597853014 0.1915772089182494 
0.38362068965517243 0.16810344827586207 0.11637931034482758 0.10775862068965517 0.22413793103448276 
0.03827751196172249 0.3923444976076555 0.3588516746411483 0.16028708133971292 0.050239234449760764 
0.055198973042362 0.10654685494223363 0.2952503209242619 0.4582798459563543 0.08472400513478819 
0.7308970099667774 0.036544850498338874 0.09966777408637874 0.08970099667774087 0.04318936877076412 
0.02346041055718475 0.41935483870967744 0.03519061583577713 0.49560117302052786 0.026392961876832845 
0.18710359408033828 0.29915433403805497 0.024312896405919663 0.4439746300211416 0.045454545454545456 
0.0351219512195122 0.12195121951219512 0.05170731707317073 0.5463414634146342 0.2448780487804878 
0.7801418439716312 0.04964539007092199 0.07092198581560284 0.05319148936170213 0.04609929078014184 
0.8618857901726428 0.03851261620185923 0.03851261620185923 0.033200531208499334 0.027888446215139442 
0.017142857142857144 0.67 0.03571428571428571 0.05 0.22714285714285715 
0.08264462809917356 0.628099173553719 0.09090909090909091 0.09090909090909091 0.10743801652892562 
0.04065040650406504 0.5772357723577236 0.07317073170731707 0.15176151761517614 0.15718157181571815 
0.020497803806734993 0.03074670571010249 0.7101024890190337 0.18594436310395315 0.0527086383601757 
0.8395904436860068 0.040955631399317405 0.03754266211604096 0.03754266211604096 0.04436860068259386 
0.05449591280653951 0.05994550408719346 0.1553133514986376 0.26975476839237056 0.4604904632152589 
0.058394160583941604 0.0948905109489051 0.24452554744525548 0.5291970802919708 0.072992700729927 
0.013411567476948869 0.24224643755238895 0.7166806370494552 0.016764459346186086 0.010896898575020955 
0.013927576601671309 0.7994428969359332 0.06778087279480037 0.09006499535747446 0.028783658310120707 
0.04358974358974359 0.8435897435897436 0.046153846153846156 0.028205128205128206 0.038461538461538464 
0.041666666666666664 0.7881944444444444 0.06944444444444445 0.0625 0.03819444444444445 
0.023668639053254437 0.73767258382643 0.029585798816568046 0.05128205128205128 0.15779092702169625 
0.03225806451612903 0.11195445920303605 0.1954459203036053 0.6148007590132827 0.04554079696394687 
0.05188679245283019 0.04245283018867924 0.4528301886792453 0.3466981132075472 0.10613207547169812 
0.08441558441558442 0.12987012987012986 0.18181818181818182 0.4155844155844156 0.18831168831168832 
0.03552532123960695 0.036281179138321996 0.10884353741496598 0.1126228269085412 0.7067271352985639 
0.03731343283582089 0.28955223880597014 0.058208955223880594 0.04776119402985075 0.5671641791044776 
0.036855036855036855 0.14086814086814087 0.14742014742014742 0.13595413595413594 0.5389025389025389 
0.026717557251908396 0.05152671755725191 0.12022900763358779 0.7461832061068703 0.05534351145038168 
0.05235602094240838 0.7225130890052356 0.07329842931937172 0.08900523560209424 0.06282722513089005 
0.38869257950530034 0.10600706713780919 0.13427561837455831 0.09187279151943463 0.2791519434628975 
0.80625 0.046875 0.046875 0.034375 0.065625 
0.009306260575296108 0.23434856175972926 0.7250423011844331 0.01692047377326565 0.014382402707275803 
0.046263345195729534 0.12099644128113879 0.7117437722419929 0.0711743772241993 0.0498220640569395 
0.02304147465437788 0.391705069124424 0.10046082949308756 0.39631336405529954 0.08847926267281106 
0.03676470588235294 0.6911764705882353 0.09068627450980392 0.056372549019607844 0.125 
0.046296296296296294 0.09876543209876543 0.15123456790123457 0.654320987654321 0.04938271604938271 
0.09157509157509157 0.06593406593406594 0.27106227106227104 0.32967032967032966 0.24175824175824176 
0.020970641102456562 0.039544637507489516 0.5698022768124625 0.28699820251647695 0.08268424206111444 
0.04316546762589928 0.1366906474820144 0.6726618705035972 0.08992805755395683 0.05755395683453238 
0.12962962962962962 0.37962962962962965 0.1388888888888889 0.18518518518518517 0.16666666666666666 
0.033045977011494254 0.04454022988505747 0.4468390804597701 0.3635057471264368 0.11206896551724138 
0.8083623693379791 0.06620209059233449 0.041811846689895474 0.03832752613240418 0.04529616724738676 
0.0718954248366013 0.6470588235294118 0.09803921568627451 0.1111111111111111 0.0718954248366013 
0.03731343283582089 0.47388059701492535 0.1455223880597015 0.26492537313432835 0.07835820895522388 
0.08123249299719888 0.48179271708683474 0.06722689075630252 0.09243697478991597 0.2773109243697479 
0.030379746835443037 0.6025316455696202 0.08607594936708861 0.1620253164556962 0.1189873417721519 
0.026022304832713755 0.040892193308550186 0.1171003717472119 0.7769516728624535 0.03903345724907063 
0.05714285714285714 0.09610389610389611 0.5168831168831168 0.13766233766233765 0.19220779220779222 
0.036231884057971016 0.7717391304347826 0.06521739130434782 0.07971014492753623 0.04710144927536232 
0.019230769230769232 0.7692307692307693 0.038461538461538464 0.11923076923076924 0.05384615384615385 
0.058823529411764705 0.7239819004524887 0.09049773755656108 0.06787330316742081 0.058823529411764705 
0.03566333808844508 0.04850213980028531 0.29243937232524964 0.5378031383737518 0.08559201141226819 
0.040160642570281124 0.6746987951807228 0.05220883534136546 0.1606425702811245 0.07228915662650602 
0.2626728110599078 0.16129032258064516 0.20967741935483872 0.1313364055299539 0.2350230414746544 
0.06607929515418502 0.07929515418502203 0.21145374449339208 0.5022026431718062 0.14096916299559473 
0.7386759581881533 0.03832752613240418 0.04878048780487805 0.059233449477351915 0.11498257839721254 
0.03233256351039261 0.7182448036951501 0.08083140877598152 0.09468822170900693 0.07390300230946882 
0.04428044280442804 0.07380073800738007 0.07011070110701106 0.7675276752767528 0.04428044280442804 
0.04143646408839779 0.4723756906077348 0.0856353591160221 0.30939226519337015 0.09116022099447514 
0.11811023622047244 0.23622047244094488 0.1889763779527559 0.31496062992125984 0.14173228346456693 
0.2689393939393939 0.1590909090909091 0.11742424242424243 0.2196969696969697 0.23484848484848486 
0.13861386138613863 0.07425742574257425 0.20297029702970298 0.12871287128712872 0.45544554455445546 
0.8344827586206897 0.04482758620689655 0.04482758620689655 0.03793103448275862 0.03793103448275862 
0.016483516483516484 0.8489010989010989 0.019230769230769232 0.04532967032967033 0.07005494505494506 
0.037365421152628246 0.5946801773274224 0.1019632678910703 0.06713109563014566 0.19886003799873336 
0.04798962386511025 0.20363164721141375 0.14526588845654995 0.34889753566796367 0.25421530479896237 
0.36585365853658536 0.3353658536585366 0.06707317073170732 0.11585365853658537 0.11585365853658537 
