0.09798270893371758 0.0893371757925072 0.6887608069164265 0.06340057636887608 0.06051873198847262 
0.11776859504132231 0.6962809917355371 0.05371900826446281 0.030991735537190084 0.1012396694214876 
0.13831567205800335 0.241494701617401 0.3006134969325153 0.024539877300613498 0.29503625209146683 
0.03322259136212625 0.03322259136212625 0.07142857142857142 0.016611295681063124 0.845514950166113 
0.11956521739130435 0.17391304347826086 0.35507246376811596 0.043478260869565216 0.3079710144927536 
0.05555555555555555 0.05555555555555555 0.05952380952380952 0.7777777777777778 0.051587301587301584 
0.1001727115716753 0.06217616580310881 0.7599309153713298 0.044905008635578586 0.03281519861830743 
0.14588859416445624 0.08222811671087533 0.5543766578249337 0.07427055702917772 0.14323607427055704 
0.06818181818181818 0.8166666666666667 0.030303030303030304 0.01818181818181818 0.06666666666666667 
0.21978021978021978 0.11538461538461539 0.2802197802197802 0.0989010989010989 0.2857142857142857 
0.09195402298850575 0.07471264367816093 0.07471264367816093 0.07471264367816093 0.6839080459770115 
0.18848167539267016 0.46596858638743455 0.07853403141361257 0.07329842931937172 0.193717277486911 
0.29652996845425866 0.10094637223974763 0.416403785488959 0.056782334384858045 0.12933753943217666 
0.05517241379310345 0.06551724137931035 0.08620689655172414 0.04482758620689655 0.7482758620689656 
0.1484375 0.15364583333333334 0.3125 0.036458333333333336 0.3489583333333333 
0.0880503144654088 0.1509433962264151 0.08176100628930817 0.06918238993710692 0.610062893081761 
0.14587973273942093 0.155902004454343 0.5812917594654788 0.0200445434298441 0.09688195991091314 
0.21359223300970873 0.540453074433657 0.13915857605177995 0.05177993527508091 0.05501618122977346 
0.11244979919678715 0.04819277108433735 0.040160642570281124 0.7590361445783133 0.040160642570281124 
0.1386861313868613 0.41605839416058393 0.2116788321167883 0.0948905109489051 0.1386861313868613 
0.5022421524663677 0.2227204783258595 0.10463378176382661 0.028400597907324365 0.14200298953662183 
0.609981515711645 0.09704251386321626 0.07024029574861368 0.031423290203327174 0.1913123844731978 
0.07912457912457913 0.8148148148148148 0.03872053872053872 0.018518518518518517 0.04882154882154882 
0.03278688524590164 0.03278688524590164 0.03278688524590164 0.02810304449648712 0.8735362997658079 
0.15424164524421594 0.07197943444730077 0.35475578406169667 0.36246786632390743 0.056555269922879174 
0.08108108108108109 0.0972972972972973 0.34594594594594597 0.0918918918918919 0.3837837837837838 
0.5142857142857142 0.14887218045112782 0.17142857142857143 0.06766917293233082 0.09774436090225563 
0.18681318681318682 0.13186813186813187 0.47802197802197804 0.12637362637362637 0.07692307692307693 
0.1853146853146853 0.15734265734265734 0.38461538461538464 0.12237762237762238 0.15034965034965034 
0.10588235294117647 0.48470588235294115 0.23529411764705882 0.06352941176470588 0.11058823529411765 
0.187039764359352 0.042709867452135494 0.12665684830633284 0.017673048600883652 0.625920471281296 
0.12290502793296089 0.1424581005586592 0.3994413407821229 0.027932960893854747 0.30726256983240224 
0.0673758865248227 0.32269503546099293 0.05673758865248227 0.04609929078014184 0.5070921985815603 
0.16009280742459397 0.5777262180974478 0.09976798143851508 0.048723897911832945 0.1136890951276102 
0.1795774647887324 0.1795774647887324 0.3873239436619718 0.1443661971830986 0.10915492957746478 
0.1830065359477124 0.1786492374727669 0.25272331154684097 0.31808278867102396 0.06753812636165578 
0.07364341085271318 0.050387596899224806 0.748062015503876 0.08333333333333333 0.044573643410852716 
0.048561151079136694 0.07733812949640288 0.03776978417266187 0.019784172661870502 0.8165467625899281 
0.5477996965098634 0.1669195751138088 0.13960546282245828 0.05614567526555387 0.08952959028831563 
0.11797752808988764 0.43258426966292135 0.07865168539325842 0.06179775280898876 0.3089887640449438 
0.07692307692307693 0.5209790209790209 0.19230769230769232 0.06643356643356643 0.14335664335664336 
0.4308510638297872 0.21808510638297873 0.0797872340425532 0.06914893617021277 0.20212765957446807 
0.1148936170212766 0.7063829787234043 0.027659574468085105 0.036170212765957444 0.1148936170212766 
0.10941475826972011 0.1272264631043257 0.4732824427480916 0.030534351145038167 0.2595419847328244 
0.11176470588235295 0.09411764705882353 0.1 0.07647058823529412 0.6176470588235294 
0.10335195530726257 0.16201117318435754 0.3854748603351955 0.036312849162011177 0.3128491620111732 
0.06097560975609756 0.044715447154471545 0.04065040650406504 0.8048780487804879 0.04878048780487805 
0.7530120481927711 0.13253012048192772 0.03765060240963856 0.05271084337349398 0.024096385542168676 
0.08796296296296297 0.0787037037037037 0.08796296296296297 0.35648148148148145 0.3888888888888889 
0.10628019323671498 0.15458937198067632 0.30917874396135264 0.04589371980676329 0.38405797101449274 
0.1355081555834379 0.6085319949811794 0.12296110414052698 0.050188205771643665 0.08281053952321205 
0.09659090909090909 0.09659090909090909 0.09659090909090909 0.18181818181818182 0.5284090909090909 
0.04642857142857143 0.06428571428571428 0.04642857142857143 0.039285714285714285 0.8035714285714286 
0.05730659025787966 0.10315186246418338 0.06303724928366762 0.045845272206303724 0.7306590257879656 
0.1111111111111111 0.562962962962963 0.13703703703703704 0.06666666666666667 0.12222222222222222 
0.16891891891891891 0.27702702702702703 0.12162162162162163 0.21621621621621623 0.21621621621621623 
0.8065984072810012 0.053469852104664393 0.055745164960182024 0.01820250284414107 0.06598407281001138 
0.6551204819277109 0.13403614457831325 0.08132530120481928 0.04969879518072289 0.07981927710843373 
0.060714285714285714 0.06428571428571428 0.07857142857142857 0.725 0.07142857142857142 
0.10972568578553615 0.14463840399002495 0.12718204488778054 0.06234413965087282 0.5561097256857855 
0.05791505791505792 0.03474903474903475 0.043758043758043756 0.02059202059202059 0.842985842985843 
0.15463917525773196 0.3402061855670103 0.1958762886597938 0.1134020618556701 0.1958762886597938 
0.11702127659574468 0.14893617021276595 0.1276595744680851 0.11702127659574468 0.48936170212765956 
0.04247104247104247 0.06177606177606178 0.07335907335907337 0.752895752895753 0.0694980694980695 
0.5732484076433121 0.16560509554140126 0.13694267515923567 0.06050955414012739 0.06369426751592357 
0.058823529411764705 0.04779411764705882 0.04779411764705882 0.7830882352941176 0.0625 
0.09933774834437085 0.059602649006622516 0.17439293598233996 0.037527593818984545 0.6291390728476821 
0.14038461538461539 0.6961538461538461 0.026923076923076925 0.04230769230769231 0.09423076923076923 
0.19953596287703015 0.14617169373549885 0.09280742459396751 0.04640371229698376 0.5150812064965197 
0.08764940239043825 0.21912350597609562 0.08764940239043825 0.055776892430278883 0.549800796812749 
0.4280442804428044 0.15867158671586715 0.1992619926199262 0.05166051660516605 0.16236162361623616 
0.12658227848101267 0.08544303797468354 0.3322784810126582 0.370253164556962 0.08544303797468354 
0.08928571428571429 0.30714285714285716 0.06785714285714285 0.4392857142857143 0.09642857142857143 
0.09821428571428571 0.7165178571428571 0.03794642857142857 0.03794642857142857 0.109375 
0.03076923076923077 0.04358974358974359 0.05384615384615385 0.03333333333333333 0.8384615384615385 
0.0625 0.7013888888888888 0.0625 0.03819444444444445 0.13541666666666666 
0.1436241610738255 0.7731543624161074 0.04832214765100671 0.013422818791946308 0.021476510067114093 
0.10909090909090909 0.5454545454545454 0.15151515151515152 0.07878787878787878 0.11515151515151516 
0.17635658914728683 0.4689922480620155 0.05232558139534884 0.023255813953488372 0.27906976744186046 
0.859122401847575 0.03695150115473441 0.03002309468822171 0.025404157043879907 0.04849884526558892 
0.07345575959933222 0.8130217028380634 0.038397328881469114 0.02003338898163606 0.05509181969949917 
0.042704626334519574 0.042704626334519574 0.06761565836298933 0.45907473309608543 0.3879003558718861 
0.19723865877712032 0.5187376725838264 0.10848126232741617 0.03155818540433925 0.14398422090729784 
0.06191369606003752 0.7598499061913696 0.024390243902439025 0.020637898686679174 0.13320825515947468 
0.06224066390041494 0.1078838174273859 0.04564315352697095 0.058091286307053944 0.7261410788381742 
0.10225763612217796 0.6600265604249668 0.04780876494023904 0.0199203187250996 0.1699867197875166 
0.0765625 0.1890625 0.1609375 0.0359375 0.5375 
0.11970074812967581 0.7955112219451371 0.03615960099750624 0.018703241895261846 0.029925187032418952 
0.15700737618545837 0.512118018967334 0.21390937829293993 0.06111696522655427 0.05584826132771338 
0.056666666666666664 0.06888888888888889 0.8033333333333333 0.027777777777777776 0.043333333333333335 
0.18045112781954886 0.06015037593984962 0.07017543859649122 0.040100250626566414 0.6491228070175439 
0.07667731629392971 0.3929712460063898 0.03354632587859425 0.02875399361022364 0.4680511182108626 
0.03453947368421053 0.03618421052631579 0.03453947368421053 0.024671052631578948 0.8700657894736842 
0.12846347607052896 0.10579345088161209 0.4534005037783375 0.030226700251889168 0.28211586901763225 
0.19123783031988872 0.13908205841446453 0.061891515994436715 0.027816411682892908 0.5799721835883171 
0.17582417582417584 0.0989010989010989 0.18315018315018314 0.03663003663003663 0.5054945054945055 
0.045037531276063386 0.8623853211009175 0.04837364470391994 0.008340283569641367 0.03586321934945788 
0.2559055118110236 0.59251968503937 0.047244094488188976 0.03937007874015748 0.06496062992125984 
0.13448275862068965 0.05862068965517241 0.05517241379310345 0.7137931034482758 0.03793103448275862 
0.6318565400843882 0.19831223628691982 0.09599156118143459 0.02531645569620253 0.04852320675105485 
0.12416851441241686 0.565410199556541 0.08425720620842572 0.037694013303769404 0.188470066518847 
0.1301518438177874 0.07592190889370933 0.20824295010845986 0.03036876355748373 0.5553145336225597 
0.49406175771971494 0.12589073634204276 0.2375296912114014 0.07363420427553444 0.0688836104513064 
0.4257907542579075 0.17274939172749393 0.11435523114355231 0.09975669099756691 0.1873479318734793 
0.1264591439688716 0.06420233463035019 0.519455252918288 0.023346303501945526 0.26653696498054474 
0.7464387464387464 0.10113960113960115 0.06695156695156695 0.03276353276353276 0.05270655270655271 
0.571764705882353 0.09411764705882353 0.19294117647058823 0.08705882352941176 0.05411764705882353 
0.1689291101055807 0.48265460030165913 0.05429864253393665 0.2398190045248869 0.05429864253393665 
0.12811387900355872 0.16725978647686832 0.38434163701067614 0.0498220640569395 0.2704626334519573 
0.17162329615861213 0.19454770755885997 0.10842627013630732 0.020446096654275093 0.5049566294919455 
0.04946996466431095 0.0989399293286219 0.053003533568904596 0.7561837455830389 0.04240282685512368 
0.059880239520958084 0.07784431137724551 0.16766467065868262 0.07784431137724551 0.6167664670658682 
0.11917098445595854 0.31865284974093266 0.4067357512953368 0.08290155440414508 0.07253886010362694 
0.05172413793103448 0.12931034482758622 0.04741379310344827 0.05172413793103448 0.7198275862068966 
0.10328638497652583 0.11267605633802817 0.28169014084507044 0.13145539906103287 0.37089201877934275 
0.05415162454873646 0.06859205776173286 0.07942238267148015 0.04693140794223827 0.7509025270758123 
0.07729468599033816 0.06280193236714976 0.10628019323671498 0.06763285024154589 0.6859903381642513 
0.17027863777089783 0.6253869969040248 0.04643962848297214 0.06501547987616099 0.09287925696594428 
0.07074569789674952 0.7361376673040153 0.032504780114722756 0.0248565965583174 0.13575525812619502 
0.026525198938992044 0.04509283819628647 0.029177718832891247 0.03183023872679045 0.8673740053050398 
0.12941176470588237 0.23529411764705882 0.16470588235294117 0.27058823529411763 0.2 
0.19402985074626866 0.5850746268656717 0.06865671641791045 0.05970149253731343 0.09253731343283582 
0.13580246913580246 0.16049382716049382 0.13580246913580246 0.12345679012345678 0.4444444444444444 
0.06696428571428571 0.11607142857142858 0.05357142857142857 0.044642857142857144 0.71875 
0.08247422680412371 0.12886597938144329 0.07216494845360824 0.1958762886597938 0.520618556701031 
0.04873949579831933 0.865546218487395 0.043697478991596636 0.009243697478991597 0.03277310924369748 
0.3949579831932773 0.17647058823529413 0.18487394957983194 0.11764705882352941 0.12605042016806722 
0.07761194029850746 0.6656716417910448 0.05522388059701493 0.022388059701492536 0.1791044776119403 
0.045454545454545456 0.09090909090909091 0.04924242424242424 0.75 0.06439393939393939 
0.05603448275862069 0.034482758620689655 0.040948275862068964 0.023706896551724137 0.8448275862068966 
0.10126582278481013 0.6139240506329114 0.07805907172995781 0.02531645569620253 0.18143459915611815 
0.08356545961002786 0.2562674094707521 0.1671309192200557 0.052924791086350974 0.4401114206128134 
0.16091954022988506 0.6522988505747126 0.06609195402298851 0.028735632183908046 0.09195402298850575 
0.15517241379310345 0.3448275862068966 0.1206896551724138 0.20114942528735633 0.1781609195402299 
0.36728395061728397 0.16049382716049382 0.25308641975308643 0.07407407407407407 0.14506172839506173 
0.06614785992217899 0.042801556420233464 0.0933852140077821 0.754863813229572 0.042801556420233464 
0.15584415584415584 0.15584415584415584 0.45021645021645024 0.09956709956709957 0.13852813852813853 
0.6989664082687338 0.10852713178294573 0.06459948320413436 0.03359173126614987 0.09431524547803617 
0.08035714285714286 0.6339285714285714 0.06547619047619048 0.05357142857142857 0.16666666666666666 
0.08130081300813008 0.0975609756097561 0.07588075880758807 0.07588075880758807 0.6693766937669376 
0.24848484848484848 0.3696969696969697 0.10303030303030303 0.18181818181818182 0.09696969696969697 
0.072480181200453 0.045300113250283124 0.8176670441676104 0.03284258210645526 0.031710079275198186 
0.6481481481481481 0.12962962962962962 0.08888888888888889 0.06666666666666667 0.06666666666666667 
0.27607361963190186 0.06952965235173825 0.5357873210633947 0.06748466257668712 0.05112474437627812 
0.058823529411764705 0.15415821501014199 0.33874239350912777 0.060851926977687626 0.38742393509127787 
0.19183673469387755 0.04081632653061224 0.09591836734693877 0.026530612244897958 0.6448979591836734 
0.18932655654383734 0.23506988564167725 0.05590851334180432 0.26429479034307496 0.2554002541296061 
0.13261648745519714 0.5376344086021505 0.14157706093189965 0.03942652329749104 0.14874551971326164 
0.16606498194945848 0.5270758122743683 0.08664259927797834 0.09386281588447654 0.1263537906137184 
0.0449438202247191 0.06136560069144339 0.05012964563526361 0.01296456352636128 0.8305963699222126 
0.25257731958762886 0.5077319587628866 0.05154639175257732 0.04381443298969072 0.14432989690721648 
0.18065205772314272 0.19775521111704972 0.207910208444682 0.024051309460181722 0.3896312132549439 
0.1673469387755102 0.0836734693877551 0.07755102040816327 0.04693877551020408 0.6244897959183674 
0.125 0.46875 0.28125 0.052083333333333336 0.07291666666666667 
0.11123227917121047 0.03925845147219193 0.8047982551799345 0.018538713195201745 0.026172300981461286 
0.05565217391304348 0.09391304347826086 0.03826086956521739 0.019130434782608695 0.7930434782608695 
0.08016877637130802 0.6561181434599156 0.06962025316455696 0.03164556962025317 0.16244725738396623 
0.09803921568627451 0.12745098039215685 0.11764705882352941 0.11764705882352941 0.5392156862745098 
0.12334352701325178 0.7767584097859327 0.03160040774719674 0.02854230377166157 0.039755351681957186 
0.1909722222222222 0.3333333333333333 0.0798611111111111 0.21180555555555555 0.1840277777777778 
0.07097791798107256 0.056782334384858045 0.7760252365930599 0.055205047318611984 0.04100946372239748 
0.0784313725490196 0.12418300653594772 0.06535947712418301 0.0784313725490196 0.6535947712418301 
0.10377358490566038 0.09433962264150944 0.09433962264150944 0.10377358490566038 0.6037735849056604 
0.06825938566552901 0.689419795221843 0.04436860068259386 0.040955631399317405 0.15699658703071673 
0.12142857142857143 0.15 0.07857142857142857 0.1357142857142857 0.5142857142857142 
0.6120401337792643 0.021739130434782608 0.014214046822742474 0.010033444816053512 0.3419732441471572 
0.07692307692307693 0.11449016100178891 0.23255813953488372 0.023255813953488372 0.552772808586762 
0.125 0.3181818181818182 0.09659090909090909 0.2727272727272727 0.1875 
0.05660377358490566 0.09056603773584905 0.052830188679245285 0.7396226415094339 0.06037735849056604 
0.2357142857142857 0.13333333333333333 0.20476190476190476 0.36428571428571427 0.06190476190476191 
0.13793103448275862 0.6245210727969349 0.09961685823754789 0.07662835249042145 0.06130268199233716 
0.0970873786407767 0.0970873786407767 0.10679611650485436 0.0970873786407767 0.6019417475728155 
0.1553398058252427 0.0970873786407767 0.5097087378640777 0.05339805825242718 0.18446601941747573 
0.11162790697674418 0.11627906976744186 0.2186046511627907 0.14418604651162792 0.40930232558139534 
0.07581227436823104 0.1263537906137184 0.05054151624548736 0.6967509025270758 0.05054151624548736 
0.15021459227467812 0.21030042918454936 0.17167381974248927 0.04935622317596566 0.4184549356223176 
0.10909090909090909 0.06909090909090909 0.05090909090909091 0.7127272727272728 0.05818181818181818 
0.20227272727272727 0.3340909090909091 0.3386363636363636 0.05227272727272727 0.07272727272727272 
0.8522588522588522 0.02442002442002442 0.0463980463980464 0.02197802197802198 0.054945054945054944 
0.07179487179487179 0.7153846153846154 0.05128205128205128 0.02564102564102564 0.1358974358974359 
0.5416666666666666 0.20833333333333334 0.058333333333333334 0.07916666666666666 0.1125 
0.1608695652173913 0.05217391304347826 0.1 0.05217391304347826 0.6347826086956522 
0.05687203791469194 0.05687203791469194 0.07109004739336493 0.052132701421800945 0.7630331753554502 
0.09505703422053231 0.596958174904943 0.1444866920152091 0.053231939163498096 0.11026615969581749 
0.10450297366185217 0.07646559048428207 0.47748513169073914 0.01784197111299915 0.32370433305012747 
0.11013215859030837 0.09691629955947137 0.5594713656387665 0.11894273127753303 0.1145374449339207 
0.046341463414634146 0.348780487804878 0.036585365853658534 0.05853658536585366 0.5097560975609756 
0.18626155878467635 0.5614266842800528 0.13606340819022458 0.022457067371202115 0.09379128137384413 
0.06451612903225806 0.12903225806451613 0.03942652329749104 0.7096774193548387 0.05734767025089606 
0.07025411061285501 0.40059790732436473 0.026905829596412557 0.026905829596412557 0.47533632286995514 
0.0719656283566058 0.2696025778732546 0.06337271750805586 0.22556390977443608 0.3694951664876477 
0.2178988326848249 0.2178988326848249 0.08754863813229571 0.35797665369649806 0.11867704280155641 
0.046875 0.0625 0.05078125 0.78515625 0.0546875 
0.02745664739884393 0.031791907514450865 0.8872832369942196 0.028901734104046242 0.024566473988439308 
0.17673048600883653 0.048600883652430045 0.15169366715758467 0.014727540500736377 0.6082474226804123 
0.08064516129032258 0.10483870967741936 0.11290322580645161 0.08064516129032258 0.6209677419354839 
0.10584958217270195 0.14484679665738162 0.09749303621169916 0.07242339832869081 0.5793871866295265 
0.07566765578635015 0.6780415430267063 0.04747774480712166 0.017804154302670624 0.18100890207715134 
0.05223880597014925 0.03731343283582089 0.13805970149253732 0.7238805970149254 0.048507462686567165 
0.5308988764044944 0.3061797752808989 0.06179775280898876 0.05337078651685393 0.047752808988764044 
0.0996309963099631 0.6789667896678967 0.055350553505535055 0.05166051660516605 0.11439114391143912 
0.6021684737281068 0.0316930775646372 0.010842368640533779 0.010008340283569641 0.34528773978315264 
0.038825757575757576 0.07670454545454546 0.058712121212121215 0.016098484848484848 0.8096590909090909 
0.03201970443349754 0.034482758620689655 0.05172413793103448 0.027093596059113302 0.854679802955665 
0.04827586206896552 0.06551724137931035 0.041379310344827586 0.03793103448275862 0.8068965517241379 
0.21020408163265306 0.04897959183673469 0.05918367346938776 0.024489795918367346 0.6571428571428571 
0.09038461538461538 0.6519230769230769 0.06538461538461539 0.03076923076923077 0.16153846153846155 
0.1393643031784841 0.5941320293398533 0.0488997555012225 0.1466992665036675 0.07090464547677261 
0.1794871794871795 0.47435897435897434 0.08333333333333333 0.07692307692307693 0.1858974358974359 
0.6906584992343032 0.09800918836140889 0.13552833078101073 0.033690658499234305 0.04211332312404288 
0.12444444444444444 0.06222222222222222 0.5022222222222222 0.025185185185185185 0.2859259259259259 
0.3084495488105004 0.18867924528301888 0.31501230516817064 0.031173092698933553 0.15668580803937654 
0.03262955854126679 0.8119001919385797 0.08637236084452975 0.03262955854126679 0.036468330134357005 
0.052083333333333336 0.07291666666666667 0.057291666666666664 0.052083333333333336 0.765625 
0.15648854961832062 0.05725190839694656 0.5725190839694656 0.09541984732824428 0.1183206106870229 
0.05154639175257732 0.037800687285223365 0.13745704467353953 0.7250859106529209 0.048109965635738834 
0.6079258010118044 0.025295109612141653 0.013490725126475547 0.00927487352445194 0.3440134907251265 
0.051194539249146756 0.7167235494880546 0.04778156996587031 0.034129692832764506 0.15017064846416384 
0.13805970149253732 0.332089552238806 0.0960820895522388 0.01958955223880597 0.4141791044776119 
0.09903381642512077 0.057971014492753624 0.11594202898550725 0.057971014492753624 0.6690821256038647 
0.090625 0.69375 0.04375 0.05 0.121875 
0.20512820512820512 0.3516483516483517 0.12454212454212454 0.26373626373626374 0.054945054945054944 
0.10766423357664233 0.7798053527980535 0.045012165450121655 0.01824817518248175 0.04927007299270073 
0.0625 0.6770833333333334 0.0625 0.04513888888888889 0.1527777777777778 
0.11504424778761062 0.17699115044247787 0.1504424778761062 0.1415929203539823 0.415929203539823 
0.17474302496328928 0.6989720998531571 0.042584434654919234 0.032305433186490456 0.0513950073421439 
0.056818181818181816 0.045454545454545456 0.09090909090909091 0.7386363636363636 0.06818181818181818 
0.08496732026143791 0.13071895424836602 0.08496732026143791 0.0718954248366013 0.6274509803921569 
0.07434944237918216 0.31226765799256506 0.05947955390334572 0.055762081784386616 0.49814126394052044 
0.20170454545454544 0.0625 0.26136363636363635 0.03409090909090909 0.4403409090909091 
0.13227513227513227 0.11375661375661375 0.07142857142857142 0.0582010582010582 0.6243386243386243 
0.029850746268656716 0.8376865671641791 0.0708955223880597 0.03171641791044776 0.029850746268656716 
0.2630208333333333 0.21614583333333334 0.12760416666666666 0.3046875 0.08854166666666667 
0.04693140794223827 0.04332129963898917 0.061371841155234655 0.039711191335740074 0.8086642599277978 
0.03962264150943396 0.09056603773584905 0.03207547169811321 0.020754716981132074 0.8169811320754717 
0.05106382978723404 0.05531914893617021 0.07234042553191489 0.07234042553191489 0.7489361702127659 
0.08664772727272728 0.7088068181818182 0.09943181818181818 0.048295454545454544 0.056818181818181816 
0.05439330543933055 0.11297071129707113 0.058577405857740586 0.05439330543933055 0.7196652719665272 
0.3348623853211009 0.11926605504587157 0.1743119266055046 0.19954128440366972 0.1720183486238532 
0.21145374449339208 0.5198237885462555 0.05726872246696035 0.07929515418502203 0.13215859030837004 
0.11278195488721804 0.07142857142857142 0.041353383458646614 0.7255639097744361 0.04887218045112782 
0.04861111111111111 0.08333333333333333 0.08796296296296297 0.032407407407407406 0.7476851851851852 
0.07196969696969698 0.6477272727272727 0.07575757575757576 0.05303030303030303 0.15151515151515152 
0.08707865168539326 0.25280898876404495 0.17134831460674158 0.05337078651685393 0.4353932584269663 
0.176 0.312 0.144 0.144 0.224 
0.19923371647509577 0.1724137931034483 0.4099616858237548 0.1111111111111111 0.10727969348659004 
0.28272251308900526 0.11518324607329843 0.13612565445026178 0.39790575916230364 0.06806282722513089 
0.045283018867924525 0.045283018867924525 0.06415094339622641 0.7924528301886793 0.052830188679245285 
0.06456043956043957 0.020604395604395604 0.027472527472527472 0.023351648351648352 0.864010989010989 
0.11002604166666667 0.107421875 0.236328125 0.016927083333333332 0.529296875 
0.18983957219251338 0.2967914438502674 0.19385026737967914 0.08155080213903744 0.23796791443850268 
0.07602339181286549 0.09941520467836257 0.5497076023391813 0.06432748538011696 0.21052631578947367 
