0.10596026490066225 0.08940397350993377 0.15562913907284767 0.6158940397350994 0.033112582781456956 
0.09595959595959595 0.050505050505050504 0.6767676767676768 0.12626262626262627 0.050505050505050504 
0.19607843137254902 0.19607843137254902 0.19607843137254902 0.21568627450980393 0.19607843137254902 
0.009871668311944718 0.009871668311944718 0.009871668311944718 0.01085883514313919 0.9595261599210266 
0.19230769230769232 0.21153846153846154 0.21153846153846154 0.19230769230769232 0.19230769230769232 
0.08571428571428572 0.05974025974025974 0.06493506493506493 0.7636363636363637 0.025974025974025976 
0.17543859649122806 0.2631578947368421 0.19298245614035087 0.17543859649122806 0.19298245614035087 
0.14210526315789473 0.06842105263157895 0.09473684210526316 0.6421052631578947 0.05263157894736842 
0.18666666666666668 0.21333333333333335 0.30666666666666664 0.16 0.13333333333333333 
0.8686974789915967 0.07563025210084033 0.01995798319327731 0.025210084033613446 0.01050420168067227 
0.05864197530864197 0.037037037037037035 0.8240740740740741 0.04938271604938271 0.030864197530864196 
0.09433962264150944 0.09433962264150944 0.07008086253369272 0.7142857142857143 0.026954177897574125 
0.008710801393728223 0.008710801393728223 0.008710801393728223 0.008710801393728223 0.9651567944250871 
0.08641975308641975 0.06790123456790123 0.6296296296296297 0.14814814814814814 0.06790123456790123 
0.12264150943396226 0.09433962264150944 0.1320754716981132 0.5566037735849056 0.09433962264150944 
0.06521739130434782 0.16847826086956522 0.6467391304347826 0.06521739130434782 0.05434782608695652 
0.08955223880597014 0.05223880597014925 0.6902985074626866 0.11194029850746269 0.055970149253731345 
0.1984732824427481 0.21755725190839695 0.40076335877862596 0.1450381679389313 0.03816793893129771 
0.11304347826086956 0.09565217391304348 0.5565217391304348 0.14782608695652175 0.08695652173913043 
0.18518518518518517 0.2037037037037037 0.2222222222222222 0.18518518518518517 0.2037037037037037 
0.1491442542787286 0.05134474327628362 0.7237163814180929 0.0488997555012225 0.02689486552567237 
0.19298245614035087 0.22807017543859648 0.21052631578947367 0.19298245614035087 0.17543859649122806 
0.09387755102040816 0.044897959183673466 0.7714285714285715 0.04897959183673469 0.04081632653061224 
0.23214285714285715 0.17857142857142858 0.23214285714285715 0.17857142857142858 0.17857142857142858 
0.08571428571428572 0.06285714285714286 0.7028571428571428 0.09142857142857143 0.05714285714285714 
0.008227374719521317 0.008227374719521317 0.0074794315632011965 0.0074794315632011965 0.9685863874345549 
0.18181818181818182 0.18181818181818182 0.2545454545454545 0.2 0.18181818181818182 
0.04477611940298507 0.04477611940298507 0.8208955223880597 0.048507462686567165 0.041044776119402986 
0.2 0.2 0.2 0.2 0.2 
0.46788990825688076 0.05045871559633028 0.1651376146788991 0.2706422018348624 0.045871559633027525 
0.11805555555555555 0.1388888888888889 0.10416666666666667 0.5694444444444444 0.06944444444444445 
0.48627450980392156 0.16862745098039217 0.12941176470588237 0.19607843137254902 0.0196078431372549 
0.08579881656804733 0.6923076923076923 0.05029585798816568 0.14201183431952663 0.029585798816568046 
0.3945578231292517 0.14285714285714285 0.23129251700680273 0.1564625850340136 0.07482993197278912 
0.10869565217391304 0.08695652173913043 0.6739130434782609 0.07608695652173914 0.05434782608695652 
0.03856749311294766 0.699724517906336 0.14049586776859505 0.09090909090909091 0.030303030303030304 
0.7490196078431373 0.1411764705882353 0.03725490196078431 0.052941176470588235 0.0196078431372549 
0.04283054003724395 0.03910614525139665 0.851024208566108 0.04655493482309125 0.020484171322160148 
0.20512820512820512 0.4981684981684982 0.1684981684981685 0.08058608058608059 0.047619047619047616 
0.09815950920245399 0.1165644171779141 0.5766871165644172 0.1411042944785276 0.06748466257668712 
0.8550247116968699 0.0214168039538715 0.0757825370675453 0.03130148270181219 0.016474464579901153 
0.19428571428571428 0.30857142857142855 0.2057142857142857 0.22285714285714286 0.06857142857142857 
0.11814345991561181 0.04008438818565401 0.7742616033755274 0.04430379746835443 0.023206751054852322 
0.016051364365971106 0.016051364365971106 0.016051364365971106 0.016051364365971106 0.9357945425361156 
0.06856023506366307 0.22918707149853085 0.6023506366307542 0.089128305582762 0.010773751224289911 
0.19230769230769232 0.21153846153846154 0.19230769230769232 0.21153846153846154 0.19230769230769232 
0.007575757575757576 0.007575757575757576 0.007575757575757576 0.007575757575757576 0.9696969696969697 
0.1076388888888889 0.6597222222222222 0.10416666666666667 0.08333333333333333 0.04513888888888889 
0.1037344398340249 0.1078838174273859 0.12448132780082988 0.6141078838174274 0.04979253112033195 
0.12238055322715842 0.7267393126571668 0.11567476948868399 0.025984911986588432 0.009220452640402346 
0.8660933660933661 0.06511056511056511 0.02334152334152334 0.033169533169533166 0.012285012285012284 
0.06233766233766234 0.04415584415584416 0.812987012987013 0.05454545454545454 0.025974025974025976 
0.09174311926605505 0.15137614678899083 0.0779816513761468 0.6330275229357798 0.045871559633027525 
0.10625 0.08125 0.640625 0.140625 0.03125 
0.06790123456790123 0.09567901234567901 0.08024691358024691 0.7222222222222222 0.033950617283950615 
0.10606060606060606 0.20454545454545456 0.49242424242424243 0.12121212121212122 0.07575757575757576 
0.08333333333333333 0.07051282051282051 0.6089743589743589 0.17307692307692307 0.0641025641025641 
0.7350649350649351 0.06753246753246753 0.08051948051948052 0.08831168831168831 0.02857142857142857 
0.829686013320647 0.0780209324452902 0.021883920076117985 0.058991436726926735 0.011417697431018078 
0.06958762886597938 0.05670103092783505 0.7757731958762887 0.07216494845360824 0.02577319587628866 
0.0875 0.0875 0.65625 0.1 0.06875 
0.0857843137254902 0.03676470588235294 0.803921568627451 0.049019607843137254 0.024509803921568627 
0.0949367088607595 0.0759493670886076 0.6582278481012658 0.10759493670886076 0.06329113924050633 
0.054945054945054944 0.040293040293040296 0.8205128205128205 0.040293040293040296 0.04395604395604396 
0.3844241922120961 0.3587406793703397 0.15907207953603977 0.08616404308202154 0.0115990057995029 
0.04310344827586207 0.034482758620689655 0.8505747126436781 0.04310344827586207 0.028735632183908046 
0.00620347394540943 0.00620347394540943 0.00620347394540943 0.00620347394540943 0.9751861042183623 
0.007473841554559043 0.007473841554559043 0.007473841554559043 0.007473841554559043 0.9701046337817638 
0.09392265193370165 0.03591160220994475 0.7928176795580111 0.04696132596685083 0.03038674033149171 
0.410958904109589 0.0958904109589041 0.22602739726027396 0.19863013698630136 0.0684931506849315 
0.960254854368932 0.01183252427184466 0.013349514563106795 0.011529126213592233 0.003033980582524272 
0.11801242236024845 0.11180124223602485 0.5652173913043478 0.14285714285714285 0.062111801242236024 
0.05714285714285714 0.7714285714285715 0.05714285714285714 0.07346938775510205 0.04081632653061224 
0.35462555066079293 0.039647577092511016 0.07048458149779736 0.513215859030837 0.022026431718061675 
0.14736842105263157 0.042105263157894736 0.6763157894736842 0.10789473684210527 0.02631578947368421 
0.09782608695652174 0.6630434782608695 0.08695652173913043 0.09782608695652174 0.05434782608695652 
0.07053941908713693 0.04564315352697095 0.7468879668049793 0.0954356846473029 0.04149377593360996 
0.09022556390977443 0.18421052631578946 0.5676691729323309 0.11654135338345864 0.041353383458646614 
0.36134453781512604 0.14285714285714285 0.24369747899159663 0.16806722689075632 0.08403361344537816 
0.09933774834437085 0.06291390728476821 0.6688741721854304 0.13245033112582782 0.03642384105960265 
0.3370165745856354 0.09944751381215469 0.34806629834254144 0.15469613259668508 0.06077348066298342 
0.782991202346041 0.02932551319648094 0.10557184750733138 0.05278592375366569 0.02932551319648094 
0.032520325203252036 0.032520325203252036 0.8482384823848238 0.05962059620596206 0.02710027100271003 
0.02577319587628866 0.028350515463917526 0.030927835051546393 0.02577319587628866 0.8891752577319587 
0.3235294117647059 0.3735294117647059 0.18529411764705883 0.08823529411764706 0.029411764705882353 
0.1527777777777778 0.4027777777777778 0.1527777777777778 0.1527777777777778 0.1388888888888889 
0.008873114463176575 0.009760425909494233 0.009760425909494233 0.008873114463176575 0.9627329192546584 
0.20967741935483872 0.25806451612903225 0.1935483870967742 0.1774193548387097 0.16129032258064516 
0.09223300970873786 0.06310679611650485 0.1407766990291262 0.6553398058252428 0.04854368932038835 
0.13452914798206278 0.2040358744394619 0.5717488789237668 0.06502242152466367 0.02466367713004484 
0.22666666666666666 0.18666666666666668 0.29333333333333333 0.16 0.13333333333333333 
0.902330743618202 0.038845726970033294 0.025527192008879023 0.022197558268590455 0.011098779134295227 
0.06045865184155664 0.7414871438498958 0.14662960389159138 0.04447533009034051 0.006949270326615705 
0.0891089108910891 0.054455445544554455 0.7475247524752475 0.0594059405940594 0.04950495049504951 
0.19607843137254902 0.21568627450980393 0.19607843137254902 0.19607843137254902 0.19607843137254902 
0.9576372315035799 0.010739856801909307 0.019391408114558473 0.008353221957040573 0.0038782816229116944 
0.06372549019607843 0.12745098039215685 0.6813725490196079 0.0784313725490196 0.049019607843137254 
0.0958904109589041 0.1506849315068493 0.541095890410959 0.136986301369863 0.07534246575342465 
0.045627376425855515 0.7908745247148289 0.07604562737642585 0.049429657794676805 0.03802281368821293 
0.19101123595505617 0.16853932584269662 0.3707865168539326 0.14606741573033707 0.12359550561797752 
0.19642857142857142 0.17857142857142858 0.23214285714285715 0.21428571428571427 0.17857142857142858 
0.09126984126984126 0.027777777777777776 0.8293650793650794 0.02976190476190476 0.021825396825396824 
0.1568627450980392 0.04411764705882353 0.7156862745098039 0.058823529411764705 0.024509803921568627 
0.15076923076923077 0.6338461538461538 0.1076923076923077 0.07692307692307693 0.03076923076923077 
0.2236842105263158 0.23464912280701755 0.3991228070175439 0.11842105263157894 0.02412280701754386 
0.06565656565656566 0.050505050505050504 0.7575757575757576 0.07575757575757576 0.050505050505050504 
0.0044194455604660505 0.0044194455604660505 0.004017677782241864 0.0044194455604660505 0.98272398553636 
0.09558823529411764 0.04963235294117647 0.7867647058823529 0.04779411764705882 0.02022058823529412 
0.00510204081632653 0.005612244897959183 0.00510204081632653 0.00510204081632653 0.9790816326530613 
0.10869565217391304 0.059782608695652176 0.7065217391304348 0.07065217391304347 0.05434782608695652 
0.2222222222222222 0.18518518518518517 0.18518518518518517 0.2222222222222222 0.18518518518518517 
0.13245033112582782 0.31125827814569534 0.33774834437086093 0.1456953642384106 0.0728476821192053 
0.14054054054054055 0.2810810810810811 0.3675675675675676 0.14594594594594595 0.06486486486486487 
0.37606837606837606 0.05128205128205128 0.5299145299145299 0.02564102564102564 0.017094017094017096 
0.10596026490066225 0.5496688741721855 0.08609271523178808 0.19205298013245034 0.06622516556291391 
0.05811138014527845 0.029055690072639227 0.8547215496368039 0.03389830508474576 0.024213075060532687 
0.2012779552715655 0.3003194888178914 0.402555910543131 0.054313099041533544 0.04153354632587859 
0.23636363636363636 0.2 0.18181818181818182 0.2 0.18181818181818182 
0.3769633507853403 0.03315881326352531 0.5340314136125655 0.03664921465968586 0.019197207678883072 
0.05787781350482315 0.04823151125401929 0.7909967845659164 0.06752411575562701 0.03536977491961415 
0.19230769230769232 0.21153846153846154 0.19230769230769232 0.21153846153846154 0.19230769230769232 
0.10133843212237094 0.06500956022944551 0.7743785850860421 0.03824091778202677 0.021032504780114723 
0.009478672985781991 0.009478672985781991 0.01042654028436019 0.009478672985781991 0.9611374407582939 
0.07009345794392523 0.7710280373831776 0.12242990654205607 0.026168224299065422 0.010280373831775701 
0.2033898305084746 0.2711864406779661 0.1864406779661017 0.1694915254237288 0.1694915254237288 
0.014970059880239521 0.014970059880239521 0.019461077844311378 0.016467065868263474 0.9341317365269461 
0.22413793103448276 0.1810344827586207 0.1896551724137931 0.31896551724137934 0.08620689655172414 
0.18867924528301888 0.18867924528301888 0.20754716981132076 0.22641509433962265 0.18867924528301888 
0.009671179883945842 0.010638297872340425 0.010638297872340425 0.009671179883945842 0.9593810444874274 
0.054481546572934976 0.04569420035149385 0.8400702987697716 0.0421792618629174 0.01757469244288225 
0.27920792079207923 0.48316831683168315 0.09900990099009901 0.10891089108910891 0.0297029702970297 
0.4967948717948718 0.20192307692307693 0.15064102564102563 0.11858974358974358 0.03205128205128205 
0.6556016597510373 0.07883817427385892 0.13278008298755187 0.08713692946058091 0.04564315352697095 
0.19718309859154928 0.2535211267605634 0.2605633802816901 0.21830985915492956 0.07042253521126761 
0.21794871794871795 0.14102564102564102 0.21794871794871795 0.2948717948717949 0.1282051282051282 
0.05128205128205128 0.15897435897435896 0.6615384615384615 0.07692307692307693 0.05128205128205128 
0.05457227138643068 0.0471976401179941 0.8525073746312685 0.030973451327433628 0.014749262536873156 
0.42073170731707316 0.12195121951219512 0.25609756097560976 0.1402439024390244 0.06097560975609756 
0.4824120603015075 0.23115577889447236 0.11557788944723618 0.1457286432160804 0.02512562814070352 
0.06967213114754098 0.07377049180327869 0.7540983606557377 0.05737704918032787 0.045081967213114756 
0.43283582089552236 0.16417910447761194 0.19402985074626866 0.14925373134328357 0.05970149253731343 
0.1262135922330097 0.10679611650485436 0.5339805825242718 0.13592233009708737 0.0970873786407767 
0.10231660231660232 0.02702702702702703 0.8281853281853282 0.023166023166023165 0.019305019305019305 
0.1917024320457797 0.2503576537911302 0.03862660944206009 0.5021459227467812 0.017167381974248927 
0.18181818181818182 0.18181818181818182 0.23636363636363636 0.21818181818181817 0.18181818181818182 
0.17254901960784313 0.11372549019607843 0.5568627450980392 0.10196078431372549 0.054901960784313725 
0.059006211180124224 0.037267080745341616 0.8260869565217391 0.046583850931677016 0.031055900621118012 
0.12643678160919541 0.05747126436781609 0.6954022988505747 0.06321839080459771 0.05747126436781609 
0.012106537530266344 0.012106537530266344 0.012106537530266344 0.013317191283292978 0.950363196125908 
0.002783400809716599 0.0025303643724696357 0.0025303643724696357 0.0025303643724696357 0.9896255060728745 
0.0036596523330283625 0.0030497102775236353 0.0030497102775236353 0.0030497102775236353 0.9871912168344007 
0.10416666666666667 0.10416666666666667 0.6319444444444444 0.09027777777777778 0.06944444444444445 
0.13651877133105803 0.1296928327645051 0.6109215017064846 0.08873720136518772 0.034129692832764506 
0.20402298850574713 0.04885057471264368 0.6522988505747126 0.06609195402298851 0.028735632183908046 
0.10743801652892562 0.06060606060606061 0.699724517906336 0.10192837465564739 0.030303030303030304 
0.05176470588235294 0.04941176470588235 0.8211764705882353 0.05411764705882353 0.023529411764705882 
0.06060606060606061 0.05303030303030303 0.7537878787878788 0.0946969696969697 0.03787878787878788 
0.13513513513513514 0.05405405405405406 0.6531531531531531 0.11261261261261261 0.04504504504504504 
0.10526315789473684 0.05789473684210526 0.7157894736842105 0.06842105263157895 0.05263157894736842 
0.12173913043478261 0.10434782608695652 0.5217391304347826 0.16521739130434782 0.08695652173913043 
0.19230769230769232 0.21153846153846154 0.21153846153846154 0.19230769230769232 0.19230769230769232 
0.07894736842105263 0.038011695906432746 0.7543859649122807 0.09064327485380116 0.038011695906432746 
0.027548209366391185 0.027548209366391185 0.027548209366391185 0.027548209366391185 0.8898071625344353 
0.10317460317460317 0.47619047619047616 0.15079365079365079 0.16666666666666666 0.10317460317460317 
0.5551724137931034 0.1724137931034483 0.11724137931034483 0.1206896551724138 0.034482758620689655 
0.009157509157509158 0.010073260073260074 0.009157509157509158 0.010073260073260074 0.9615384615384616 
0.8902027027027027 0.033783783783783786 0.03209459459459459 0.02702702702702703 0.016891891891891893 
0.01838235294117647 0.01838235294117647 0.01838235294117647 0.02022058823529412 0.9246323529411765 
0.11297071129707113 0.1506276150627615 0.6317991631799164 0.06276150627615062 0.04184100418410042 
0.065625 0.090625 0.040625 0.771875 0.03125 
0.885145482388974 0.03828483920367534 0.02450229709035222 0.036753445635528334 0.015313935681470138 
0.17857142857142858 0.19642857142857142 0.25 0.19642857142857142 0.17857142857142858 
0.07714285714285714 0.06857142857142857 0.10571428571428572 0.72 0.02857142857142857 
0.16942148760330578 0.23760330578512398 0.07231404958677685 0.4896694214876033 0.030991735537190084 
0.07179487179487179 0.09230769230769231 0.10256410256410256 0.6666666666666666 0.06666666666666667 
0.19642857142857142 0.19642857142857142 0.19642857142857142 0.23214285714285715 0.17857142857142858 
0.13125 0.225 0.38125 0.2 0.0625 
0.072992700729927 0.11313868613138686 0.08029197080291971 0.6861313868613139 0.04744525547445255 
0.5546875 0.23177083333333334 0.12760416666666666 0.059895833333333336 0.026041666666666668 
0.07142857142857142 0.05612244897959184 0.7346938775510204 0.08673469387755102 0.05102040816326531 
0.17616580310880828 0.49740932642487046 0.07253886010362694 0.19689119170984457 0.05699481865284974 
0.07734806629834254 0.06077348066298342 0.7182320441988951 0.0718232044198895 0.0718232044198895 
0.075 0.06875 0.71875 0.075 0.0625 
0.10396039603960396 0.14356435643564355 0.07425742574257425 0.6237623762376238 0.054455445544554455 
0.12631578947368421 0.07017543859649122 0.712280701754386 0.05263157894736842 0.03859649122807018 
0.059895833333333336 0.033854166666666664 0.8229166666666666 0.057291666666666664 0.026041666666666668 
0.10320284697508897 0.0498220640569395 0.697508896797153 0.08896797153024912 0.060498220640569395 
0.003324468085106383 0.003324468085106383 0.003324468085106383 0.003989361702127659 0.9860372340425532 
0.007668711656441718 0.007668711656441718 0.007668711656441718 0.007668711656441718 0.9693251533742331 
0.10997442455242967 0.08695652173913043 0.6112531969309463 0.1636828644501279 0.028132992327365727 
0.03546099290780142 0.03546099290780142 0.03546099290780142 0.03546099290780142 0.8581560283687943 
0.21428571428571427 0.17857142857142858 0.19642857142857142 0.21428571428571427 0.19642857142857142 
0.135 0.07 0.67 0.07 0.055 
0.13649851632047477 0.0712166172106825 0.314540059347181 0.44807121661721067 0.02967359050445104 
0.3026315789473684 0.15789473684210525 0.2236842105263158 0.18421052631578946 0.13157894736842105 
0.05865102639296188 0.06744868035190615 0.7478005865102639 0.093841642228739 0.03225806451612903 
0.7828571428571428 0.04285714285714286 0.10857142857142857 0.037142857142857144 0.02857142857142857 
0.13445378151260504 0.5630252100840336 0.1092436974789916 0.1092436974789916 0.08403361344537816 
0.10666666666666667 0.05333333333333334 0.6755555555555556 0.12 0.044444444444444446 
0.005227391531625719 0.005227391531625719 0.00575013068478829 0.006272869837950863 0.9775222164140094 
0.07792207792207792 0.14285714285714285 0.5064935064935064 0.2077922077922078 0.06493506493506493 
0.19607843137254902 0.19607843137254902 0.19607843137254902 0.21568627450980393 0.19607843137254902 
0.008613264427217916 0.008613264427217916 0.008613264427217916 0.008613264427217916 0.9655469422911284 
0.22160664819944598 0.592797783933518 0.08310249307479224 0.07202216066481995 0.030470914127423823 
0.14473684210526316 0.14473684210526316 0.19736842105263158 0.3815789473684211 0.13157894736842105 
0.008756567425569177 0.008756567425569177 0.009632224168126095 0.009632224168126095 0.9632224168126094 
0.7203791469194313 0.1627172195892575 0.04265402843601896 0.05845181674565561 0.01579778830963665 
0.584070796460177 0.22123893805309736 0.09292035398230089 0.0752212389380531 0.02654867256637168 
0.015037593984962405 0.01804511278195489 0.015037593984962405 0.016541353383458645 0.9353383458646617 
0.9182130584192439 0.010309278350515464 0.02336769759450172 0.041237113402061855 0.006872852233676976 
0.058997050147492625 0.06489675516224189 0.12684365781710916 0.7197640117994101 0.029498525073746312 
0.13675213675213677 0.27350427350427353 0.1623931623931624 0.3418803418803419 0.08547008547008547 
0.19607843137254902 0.19607843137254902 0.19607843137254902 0.21568627450980393 0.19607843137254902 
0.1927710843373494 0.19879518072289157 0.19879518072289157 0.3373493975903614 0.07228915662650602 
0.14192708333333334 0.3697916666666667 0.09114583333333333 0.3802083333333333 0.016927083333333332 
0.08793969849246232 0.5050251256281407 0.09045226130653267 0.2889447236180904 0.02763819095477387 
0.5582010582010583 0.15608465608465608 0.10317460317460317 0.15343915343915343 0.0291005291005291 
0.060109289617486336 0.060109289617486336 0.7540983606557377 0.07103825136612021 0.0546448087431694 
0.10152284263959391 0.06598984771573604 0.08121827411167512 0.700507614213198 0.050761421319796954 
0.08531468531468532 0.6475524475524476 0.04895104895104895 0.2041958041958042 0.013986013986013986 
0.05067567567567568 0.037162162162162164 0.8141891891891891 0.06418918918918919 0.033783783783783786 
0.08854166666666667 0.06770833333333333 0.07291666666666667 0.71875 0.052083333333333336 
0.0038109756097560975 0.0040650406504065045 0.009146341463414634 0.9801829268292683 0.0027947154471544716 
0.10526315789473684 0.2781954887218045 0.40601503759398494 0.13533834586466165 0.07518796992481203 
0.05785123966942149 0.08884297520661157 0.737603305785124 0.09504132231404959 0.02066115702479339 
0.08627450980392157 0.06666666666666667 0.7176470588235294 0.09019607843137255 0.0392156862745098 
0.059734513274336286 0.048672566371681415 0.061946902654867256 0.8075221238938053 0.022123893805309734 
0.003672420124862284 0.003672420124862284 0.003672420124862284 0.003672420124862284 0.9853103195005508 
0.07317073170731707 0.07317073170731707 0.6402439024390244 0.1524390243902439 0.06097560975609756 
0.007446016381236039 0.010424422933730455 0.008935219657483246 0.007446016381236039 0.9657483246463142 
0.1276595744680851 0.10638297872340426 0.5886524822695035 0.09929078014184398 0.07801418439716312 
0.008984725965858042 0.008984725965858042 0.008984725965858042 0.008984725965858042 0.9640610961365679 
0.024509803921568627 0.02696078431372549 0.024509803921568627 0.024509803921568627 0.8995098039215687 
0.18840579710144928 0.13043478260869565 0.30434782608695654 0.2826086956521739 0.09420289855072464 
0.5882352941176471 0.016042780748663103 0.0427807486631016 0.3422459893048128 0.0106951871657754 
0.7559966914805625 0.08602150537634409 0.08023159636062861 0.06865177832919768 0.009098428453267164 
0.1016949152542373 0.0847457627118644 0.6214689265536724 0.1638418079096045 0.02824858757062147 
0.5103926096997691 0.12471131639722864 0.13163972286374134 0.20785219399538107 0.025404157043879907 
0.08092485549132948 0.08670520231213873 0.6936416184971098 0.08092485549132948 0.057803468208092484 
0.0055617352614015575 0.0055617352614015575 0.0055617352614015575 0.0055617352614015575 0.9777530589543938 
0.15267175572519084 0.183206106870229 0.09923664122137404 0.48854961832061067 0.07633587786259542 
0.19607843137254902 0.19607843137254902 0.19607843137254902 0.21568627450980393 0.19607843137254902 
0.18181818181818182 0.23636363636363636 0.18181818181818182 0.21818181818181817 0.18181818181818182 
0.005256241787122208 0.004380201489268506 0.004380201489268506 0.004380201489268506 0.9816031537450722 
0.5695364238410596 0.07947019867549669 0.1986754966887417 0.09933774834437085 0.052980132450331126 
0.059006211180124224 0.13043478260869565 0.7204968944099379 0.059006211180124224 0.031055900621118012 
0.0034106412005457027 0.0034106412005457027 0.004092769440654843 0.0034106412005457027 0.985675306957708 
0.040396881644223954 0.771793054571226 0.15379163713678243 0.022678951098511695 0.011339475549255847 
0.07723577235772358 0.07723577235772358 0.07317073170731707 0.7520325203252033 0.02032520325203252 
0.16393442622950818 0.2540983606557377 0.2827868852459016 0.25 0.04918032786885246 
0.006489292667099286 0.007138221933809215 0.007787151200519144 0.007138221933809215 0.9714471122647631 
0.21761658031088082 0.1848013816925734 0.11398963730569948 0.46632124352331605 0.017271157167530225 
0.05241935483870968 0.07661290322580645 0.0967741935483871 0.7338709677419355 0.04032258064516129 
0.13973799126637554 0.4017467248908297 0.09606986899563319 0.31004366812227074 0.05240174672489083 
0.0653061224489796 0.7224489795918367 0.08979591836734693 0.08163265306122448 0.04081632653061224 
0.18867924528301888 0.18867924528301888 0.22641509433962265 0.20754716981132076 0.18867924528301888 
0.04526748971193416 0.0823045267489712 0.06995884773662552 0.757201646090535 0.04526748971193416 
0.8967082860385925 0.036322360953461974 0.03178206583427923 0.02383654937570942 0.011350737797956867 
0.134 0.075 0.071 0.707 0.013 
0.12101910828025478 0.1464968152866242 0.08917197452229299 0.5414012738853503 0.10191082802547771 
0.10266159695817491 0.3269961977186312 0.41064638783269963 0.12167300380228137 0.03802281368821293 
0.08235294117647059 0.06274509803921569 0.08627450980392157 0.7176470588235294 0.050980392156862744 
0.09462915601023018 0.09462915601023018 0.061381074168797956 0.7237851662404092 0.02557544757033248 
0.17543859649122806 0.17543859649122806 0.24561403508771928 0.22807017543859648 0.17543859649122806 
0.10679611650485436 0.05825242718446602 0.7184466019417476 0.06796116504854369 0.04854368932038835 
0.2402464065708419 0.2782340862422998 0.4137577002053388 0.053388090349075976 0.014373716632443531 
0.09490740740740741 0.0625 0.08333333333333333 0.7361111111111112 0.023148148148148147 
0.0029824038174768863 0.003280644199224575 0.003280644199224575 0.0029824038174768863 0.9874739039665971 
0.06470588235294118 0.03823529411764706 0.7558823529411764 0.1 0.041176470588235294 
0.09722222222222222 0.0763888888888889 0.6458333333333334 0.1111111111111111 0.06944444444444445 
0.003316749585406302 0.003316749585406302 0.003648424543946932 0.003316749585406302 0.9864013266998342 
0.08860759493670886 0.08860759493670886 0.6708860759493671 0.08227848101265822 0.06962025316455696 
0.006657789613848202 0.007323568575233023 0.006657789613848202 0.006657789613848202 0.9727030625832224 
0.017064846416382253 0.017064846416382253 0.017064846416382253 0.020477815699658702 0.9283276450511946 
0.044905008635578586 0.037132987910189985 0.8808290155440415 0.027633851468048358 0.009499136442141624 
0.06912442396313365 0.6774193548387096 0.08294930875576037 0.12442396313364056 0.04608294930875576 
0.01926444833625219 0.024518388791593695 0.8896672504378283 0.03502626970227671 0.03152364273204904 
0.0273972602739726 0.03287671232876712 0.030136986301369864 0.0273972602739726 0.8821917808219178 
0.054481546572934976 0.8383128295254832 0.03690685413005272 0.05272407732864675 0.01757469244288225 
0.19230769230769232 0.19230769230769232 0.19230769230769232 0.23076923076923078 0.19230769230769232 
0.23076923076923078 0.19230769230769232 0.19230769230769232 0.19230769230769232 0.19230769230769232 
0.005055611729019211 0.005055611729019211 0.005055611729019211 0.005561172901921132 0.9792719919110212 
0.6426592797783933 0.19667590027700832 0.06371191135734072 0.06925207756232687 0.027700831024930747 
0.2033898305084746 0.22033898305084745 0.1864406779661017 0.22033898305084745 0.1694915254237288 
0.01020408163265306 0.01020408163265306 0.013265306122448979 0.011224489795918367 0.9551020408163265 
0.17540322580645162 0.056451612903225805 0.13911290322580644 0.6068548387096774 0.02217741935483871 
0.2962962962962963 0.45454545454545453 0.06060606060606061 0.15488215488215487 0.03367003367003367 
0.02689486552567237 0.02444987775061125 0.02444987775061125 0.02444987775061125 0.8997555012224939 
0.15555555555555556 0.10555555555555556 0.25 0.43333333333333335 0.05555555555555555 
0.21153846153846154 0.19230769230769232 0.19230769230769232 0.21153846153846154 0.19230769230769232 
0.2037037037037037 0.18518518518518517 0.2222222222222222 0.2037037037037037 0.18518518518518517 
0.05246913580246913 0.05555555555555555 0.31790123456790126 0.5432098765432098 0.030864197530864196 
0.05317460317460317 0.8753968253968254 0.0373015873015873 0.02619047619047619 0.007936507936507936 
0.4244604316546763 0.1223021582733813 0.23741007194244604 0.14388489208633093 0.07194244604316546 
0.12162162162162163 0.08783783783783784 0.0945945945945946 0.6283783783783784 0.06756756756756757 
0.10299003322259136 0.12292358803986711 0.05149501661129568 0.7059800664451827 0.016611295681063124 
0.3188405797101449 0.2318840579710145 0.15942028985507245 0.14492753623188406 0.14492753623188406 
0.0787037037037037 0.10185185185185185 0.1111111111111111 0.6527777777777778 0.05555555555555555 
0.08873720136518772 0.08873720136518772 0.06143344709897611 0.7235494880546075 0.03754266211604096 
0.13861386138613863 0.1188118811881188 0.4752475247524752 0.16831683168316833 0.09900990099009901 
0.11560693641618497 0.6127167630057804 0.15028901734104047 0.06358381502890173 0.057803468208092484 
0.26299694189602446 0.23547400611620795 0.1743119266055046 0.29357798165137616 0.03363914373088685 
0.06744868035190615 0.0469208211143695 0.8181818181818182 0.03812316715542522 0.02932551319648094 
0.051587301587301584 0.11904761904761904 0.7222222222222222 0.06746031746031746 0.03968253968253968 
0.06497175141242938 0.11299435028248588 0.06779661016949153 0.7231638418079096 0.031073446327683617 
0.07547169811320754 0.0274442538593482 0.8267581475128645 0.04974271012006861 0.02058319039451115 
0.008361204013377926 0.008361204013377926 0.008361204013377926 0.00919732441471572 0.9657190635451505 
0.06818181818181818 0.11818181818181818 0.1409090909090909 0.6272727272727273 0.045454545454545456 
0.0744047619047619 0.041666666666666664 0.7976190476190477 0.05357142857142857 0.03273809523809524 
0.00843558282208589 0.007668711656441718 0.007668711656441718 0.007668711656441718 0.968558282208589 
0.006297229219143577 0.006297229219143577 0.007556675062972292 0.006297229219143577 0.9735516372795969 
0.0625 0.075 0.6125 0.18125 0.06875 
0.01567398119122257 0.01567398119122257 0.01567398119122257 0.017241379310344827 0.9357366771159875 
0.19298245614035087 0.22807017543859648 0.21052631578947367 0.19298245614035087 0.17543859649122806 
0.14130434782608695 0.15217391304347827 0.4782608695652174 0.11956521739130435 0.10869565217391304 
0.06463878326996197 0.06844106463878327 0.7414448669201521 0.08365019011406843 0.04182509505703422 
0.07623318385650224 0.053811659192825115 0.7399103139013453 0.07623318385650224 0.053811659192825115 
0.01088139281828074 0.01088139281828074 0.011969532100108813 0.01088139281828074 0.955386289445049 
0.8733944954128441 0.03302752293577982 0.045871559633027525 0.029357798165137616 0.01834862385321101 
0.19607843137254902 0.19607843137254902 0.19607843137254902 0.19607843137254902 0.21568627450980393 
0.023310023310023312 0.023310023310023312 0.027972027972027972 0.023310023310023312 0.9020979020979021 
0.7176165803108808 0.12694300518134716 0.06476683937823834 0.06217616580310881 0.02849740932642487 
0.1839323467230444 0.6173361522198731 0.1331923890063425 0.04439746300211417 0.021141649048625793 
0.18518518518518517 0.18518518518518517 0.2037037037037037 0.24074074074074073 0.18518518518518517 
0.0065832784726793945 0.0065832784726793945 0.007899934167215274 0.0065832784726793945 0.9723502304147466 
0.152317880794702 0.31788079470198677 0.11258278145695365 0.3509933774834437 0.06622516556291391 
0.07258064516129033 0.11559139784946236 0.7365591397849462 0.0456989247311828 0.02956989247311828 
0.19360902255639098 0.6456766917293233 0.05545112781954887 0.09398496240601503 0.011278195488721804 
0.019469026548672566 0.017699115044247787 0.017699115044247787 0.017699115044247787 0.9274336283185841 
0.18885448916408668 0.16718266253869968 0.23529411764705882 0.3746130030959752 0.034055727554179564 
0.21153846153846154 0.21153846153846154 0.19230769230769232 0.19230769230769232 0.19230769230769232 
0.2037037037037037 0.18518518518518517 0.2222222222222222 0.2037037037037037 0.18518518518518517 
0.11261261261261261 0.0990990990990991 0.5135135135135135 0.22522522522522523 0.04954954954954955 
0.125 0.09027777777777778 0.08333333333333333 0.65625 0.04513888888888889 
0.6148491879350348 0.015081206496519721 0.03480278422273782 0.3236658932714617 0.01160092807424594 
0.43448275862068964 0.27586206896551724 0.15517241379310345 0.09310344827586207 0.041379310344827586 
0.06666666666666667 0.1511111111111111 0.08 0.6488888888888888 0.05333333333333334 
0.07180851063829788 0.3670212765957447 0.44148936170212766 0.08776595744680851 0.031914893617021274 
0.1907514450867052 0.12716763005780346 0.12138728323699421 0.49710982658959535 0.06358381502890173 
0.08695652173913043 0.07608695652173914 0.10507246376811594 0.6920289855072463 0.03985507246376811 
0.11297071129707113 0.13807531380753138 0.08786610878661087 0.6150627615062761 0.04602510460251046 
0.07474226804123711 0.09278350515463918 0.06443298969072164 0.7396907216494846 0.028350515463917526 
0.038929440389294405 0.051094890510948905 0.0681265206812652 0.8175182481751825 0.024330900243309004 
0.18873239436619718 0.16901408450704225 0.4732394366197183 0.13802816901408452 0.030985915492957747 
0.1056338028169014 0.16901408450704225 0.5492957746478874 0.1056338028169014 0.07042253521126761 
0.05813953488372093 0.04152823920265781 0.04817275747508306 0.8322259136212624 0.019933554817275746 
0.005070993914807302 0.005578093306288032 0.005070993914807302 0.005578093306288032 0.9787018255578094 
0.1310344827586207 0.15172413793103448 0.4413793103448276 0.23793103448275862 0.03793103448275862 
0.05930470347648262 0.09406952965235174 0.12065439672801637 0.7014314928425358 0.024539877300613498 
0.008375209380234505 0.008375209380234505 0.008375209380234505 0.008375209380234505 0.966499162479062 
0.13131313131313133 0.10101010101010101 0.5454545454545454 0.1111111111111111 0.1111111111111111 
0.016778523489932886 0.016778523489932886 0.016778523489932886 0.016778523489932886 0.9328859060402684 
0.0784313725490196 0.0718954248366013 0.6993464052287581 0.08496732026143791 0.06535947712418301 
0.017921146953405017 0.017921146953405017 0.017921146953405017 0.017921146953405017 0.9283154121863799 
0.07692307692307693 0.054945054945054944 0.7362637362637363 0.07692307692307693 0.054945054945054944 
0.16216216216216217 0.17117117117117117 0.4594594594594595 0.11711711711711711 0.09009009009009009 
0.06951871657754011 0.058823529411764705 0.7486631016042781 0.06951871657754011 0.053475935828877004 
0.5174825174825175 0.0979020979020979 0.2097902097902098 0.08391608391608392 0.09090909090909091 
0.24666666666666667 0.12666666666666668 0.31333333333333335 0.24666666666666667 0.06666666666666667 
0.025974025974025976 0.025974025974025976 0.02857142857142857 0.025974025974025976 0.8935064935064935 
0.2066869300911854 0.2006079027355623 0.08814589665653495 0.47416413373860183 0.030395136778115502 
0.21052631578947367 0.17543859649122806 0.22807017543859648 0.21052631578947367 0.17543859649122806 
0.3208092485549133 0.430635838150289 0.06936416184971098 0.15028901734104047 0.028901734104046242 
0.125 0.1375 0.15 0.1375 0.45 
0.11956521739130435 0.14130434782608695 0.4782608695652174 0.15217391304347827 0.10869565217391304 
0.18032786885245902 0.19672131147540983 0.18032786885245902 0.2459016393442623 0.19672131147540983 
0.18181818181818182 0.2 0.2545454545454545 0.18181818181818182 0.18181818181818182 
0.015015015015015015 0.015015015015015015 0.015015015015015015 0.015015015015015015 0.93993993993994 
0.13829787234042554 0.06914893617021277 0.05851063829787234 0.6808510638297872 0.05319148936170213 
0.23809523809523808 0.1746031746031746 0.2698412698412698 0.15873015873015872 0.15873015873015872 
0.057660626029654036 0.06754530477759473 0.04942339373970346 0.8088962108731467 0.016474464579901153 
0.8419047619047619 0.024761904761904763 0.045714285714285714 0.06857142857142857 0.01904761904761905 
0.08278145695364239 0.07947019867549669 0.10264900662251655 0.6986754966887417 0.03642384105960265 
0.18867924528301888 0.18867924528301888 0.24528301886792453 0.18867924528301888 0.18867924528301888 
0.04198473282442748 0.06297709923664122 0.02862595419847328 0.8454198473282443 0.02099236641221374 
0.05396825396825397 0.09365079365079365 0.03333333333333333 0.7936507936507936 0.025396825396825397 
0.10457516339869281 0.6274509803921569 0.0915032679738562 0.1111111111111111 0.06535947712418301 
0.14814814814814814 0.48148148148148145 0.1574074074074074 0.12037037037037036 0.09259259259259259 
0.2215568862275449 0.12574850299401197 0.10778443113772455 0.47904191616766467 0.0658682634730539 
0.0611353711790393 0.18340611353711792 0.06550218340611354 0.6375545851528385 0.05240174672489083 
0.14084507042253522 0.5070422535211268 0.11971830985915492 0.1619718309859155 0.07042253521126761 
0.1242603550295858 0.5443786982248521 0.14792899408284024 0.11834319526627218 0.0650887573964497 
0.0391644908616188 0.0783289817232376 0.07571801566579635 0.7780678851174935 0.028720626631853787 
0.10275229357798166 0.05871559633027523 0.7889908256880734 0.029357798165137616 0.02018348623853211 
0.07818930041152264 0.11934156378600823 0.5061728395061729 0.2551440329218107 0.0411522633744856 
0.072 0.10133333333333333 0.056 0.7333333333333333 0.037333333333333336 
0.06951871657754011 0.053475935828877004 0.7647058823529411 0.058823529411764705 0.053475935828877004 
0.21739130434782608 0.15217391304347827 0.1956521739130435 0.35507246376811596 0.07971014492753623 
0.0041946308724832215 0.004614093959731544 0.0041946308724832215 0.005453020134228188 0.9815436241610739 
0.05172413793103448 0.6149425287356322 0.22701149425287356 0.07471264367816093 0.031609195402298854 
0.0896551724137931 0.16206896551724137 0.0896551724137931 0.6241379310344828 0.034482758620689655 
0.11235955056179775 0.1348314606741573 0.4943820224719101 0.14606741573033707 0.11235955056179775 
0.00510204081632653 0.005612244897959183 0.00510204081632653 0.00510204081632653 0.9790816326530613 
0.10869565217391304 0.11956521739130435 0.5217391304347826 0.14130434782608695 0.10869565217391304 
0.006811989100817439 0.006811989100817439 0.007493188010899182 0.007493188010899182 0.9713896457765667 
0.08904109589041095 0.08904109589041095 0.6232876712328768 0.13013698630136986 0.0684931506849315 
0.09900990099009901 0.13861386138613863 0.5445544554455446 0.1188118811881188 0.09900990099009901 
0.10891089108910891 0.08415841584158416 0.6732673267326733 0.08415841584158416 0.04950495049504951 
0.047337278106508875 0.8446745562130178 0.04437869822485207 0.04881656804733728 0.014792899408284023 
0.8389513108614233 0.0299625468164794 0.054307116104868915 0.05805243445692884 0.018726591760299626 
0.019120458891013385 0.021032504780114723 0.019120458891013385 0.019120458891013385 0.9216061185468452 
0.8403990024937655 0.05236907730673317 0.04987531172069826 0.032418952618453865 0.02493765586034913 
0.19230769230769232 0.21153846153846154 0.19230769230769232 0.21153846153846154 0.19230769230769232 
0.026385224274406333 0.029023746701846966 0.029023746701846966 0.026385224274406333 0.8891820580474934 
0.4137254901960784 0.1568627450980392 0.32745098039215687 0.08235294117647059 0.0196078431372549 
0.1774193548387097 0.1935483870967742 0.2903225806451613 0.16129032258064516 0.1774193548387097 
