0.11589403973509933 0.09602649006622517 0.17218543046357615 0.5827814569536424 0.033112582781456956 
0.12121212121212122 0.0707070707070707 0.6616161616161617 0.09595959595959595 0.050505050505050504 
0.21568627450980393 0.19607843137254902 0.19607843137254902 0.19607843137254902 0.19607843137254902 
0.009871668311944718 0.009871668311944718 0.009871668311944718 0.009871668311944718 0.9605133267522211 
0.19230769230769232 0.23076923076923078 0.19230769230769232 0.19230769230769232 0.19230769230769232 
0.08311688311688312 0.07272727272727272 0.05974025974025974 0.7584415584415585 0.025974025974025976 
0.17543859649122806 0.24561403508771928 0.21052631578947367 0.19298245614035087 0.17543859649122806 
0.1631578947368421 0.07894736842105263 0.07368421052631578 0.631578947368421 0.05263157894736842 
0.28 0.16 0.28 0.14666666666666667 0.13333333333333333 
0.8760504201680672 0.06092436974789916 0.01680672268907563 0.03571428571428571 0.01050420168067227 
0.043209876543209874 0.040123456790123455 0.8395061728395061 0.046296296296296294 0.030864197530864196 
0.07547169811320754 0.08355795148247978 0.07008086253369272 0.7412398921832885 0.029649595687331536 
0.008710801393728223 0.008710801393728223 0.008710801393728223 0.01132404181184669 0.9625435540069687 
0.08641975308641975 0.07407407407407407 0.6481481481481481 0.11728395061728394 0.07407407407407407 
0.14150943396226415 0.12264150943396226 0.10377358490566038 0.5377358490566038 0.09433962264150944 
0.08152173913043478 0.5869565217391305 0.21195652173913043 0.06521739130434782 0.05434782608695652 
0.0708955223880597 0.06716417910447761 0.6828358208955224 0.13059701492537312 0.048507462686567165 
0.11450381679389313 0.24045801526717558 0.45038167938931295 0.15648854961832062 0.03816793893129771 
0.10434782608695652 0.11304347826086956 0.5565217391304348 0.1391304347826087 0.08695652173913043 
0.18518518518518517 0.2037037037037037 0.2222222222222222 0.2037037037037037 0.18518518518518517 
0.11735941320293398 0.05867970660146699 0.7628361858190709 0.034229828850855744 0.02689486552567237 
0.21052631578947367 0.21052631578947367 0.22807017543859648 0.17543859649122806 0.17543859649122806 
0.11428571428571428 0.05714285714285714 0.746938775510204 0.04081632653061224 0.04081632653061224 
0.19642857142857142 0.19642857142857142 0.25 0.17857142857142858 0.17857142857142858 
0.08 0.06285714285714286 0.7142857142857143 0.08571428571428572 0.05714285714285714 
0.0074794315632011965 0.0074794315632011965 0.0074794315632011965 0.0074794315632011965 0.9700822737471952 
0.18181818181818182 0.18181818181818182 0.23636363636363636 0.21818181818181817 0.18181818181818182 
0.04477611940298507 0.041044776119402986 0.835820895522388 0.041044776119402986 0.03731343283582089 
0.2 0.2 0.2 0.2 0.2 
0.28440366972477066 0.07339449541284404 0.17889908256880735 0.41743119266055045 0.045871559633027525 
0.10416666666666667 0.125 0.125 0.5763888888888888 0.06944444444444445 
0.46078431372549017 0.16666666666666666 0.1568627450980392 0.19411764705882353 0.021568627450980392 
0.07396449704142012 0.7514792899408284 0.04142011834319527 0.10059171597633136 0.03254437869822485 
0.4013605442176871 0.1360544217687075 0.23129251700680273 0.1564625850340136 0.07482993197278912 
0.09782608695652174 0.10869565217391304 0.6739130434782609 0.06521739130434782 0.05434782608695652 
0.05509641873278237 0.650137741046832 0.15977961432506887 0.10743801652892562 0.027548209366391185 
0.807843137254902 0.060784313725490195 0.058823529411764705 0.052941176470588235 0.0196078431372549 
0.0521415270018622 0.04283054003724395 0.8528864059590316 0.03165735567970205 0.020484171322160148 
0.15384615384615385 0.4652014652014652 0.21978021978021978 0.11721611721611722 0.04395604395604396 
0.11042944785276074 0.10429447852760736 0.5705521472392638 0.15337423312883436 0.06134969325153374 
0.8467874794069192 0.03459637561779242 0.07742998352553541 0.02471169686985173 0.016474464579901153 
0.21142857142857144 0.30857142857142855 0.16 0.24571428571428572 0.07428571428571429 
0.12236286919831224 0.06329113924050633 0.7510548523206751 0.04219409282700422 0.02109704641350211 
0.016051364365971106 0.016051364365971106 0.016051364365971106 0.019261637239165328 0.9325842696629213 
0.09500489715964741 0.22331047992164543 0.5984329089128305 0.07247796278158668 0.010773751224289911 
0.19230769230769232 0.23076923076923078 0.19230769230769232 0.19230769230769232 0.19230769230769232 
0.007575757575757576 0.007575757575757576 0.008333333333333333 0.007575757575757576 0.968939393939394 
0.08680555555555555 0.6944444444444444 0.08333333333333333 0.09722222222222222 0.03819444444444445 
0.0912863070539419 0.14937759336099585 0.12863070539419086 0.5892116182572614 0.04149377593360996 
0.11316010058675607 0.7292539815590947 0.12321877619446772 0.025146689019279127 0.009220452640402346 
0.8820638820638821 0.052825552825552825 0.02457002457002457 0.028255528255528257 0.012285012285012284 
0.08051948051948052 0.046753246753246755 0.787012987012987 0.05974025974025974 0.025974025974025976 
0.07339449541284404 0.13761467889908258 0.11009174311926606 0.6284403669724771 0.05045871559633028 
0.090625 0.096875 0.665625 0.115625 0.03125 
0.05555555555555555 0.08641975308641975 0.07407407407407407 0.75 0.033950617283950615 
0.09848484848484848 0.5075757575757576 0.20454545454545456 0.11363636363636363 0.07575757575757576 
0.09615384615384616 0.07692307692307693 0.6025641025641025 0.16025641025641027 0.0641025641025641 
0.7116883116883117 0.04935064935064935 0.1038961038961039 0.10649350649350649 0.02857142857142857 
0.8268315889628924 0.06660323501427212 0.022835394862036156 0.07326355851569934 0.010466222645099905 
0.10051546391752578 0.08505154639175258 0.7371134020618557 0.05154639175257732 0.02577319587628866 
0.09375 0.1 0.63125 0.10625 0.06875 
0.0784313725490196 0.041666666666666664 0.8063725490196079 0.049019607843137254 0.024509803921568627 
0.12658227848101267 0.08860759493670886 0.6075949367088608 0.11392405063291139 0.06329113924050633 
0.0695970695970696 0.040293040293040296 0.7985347985347986 0.054945054945054944 0.03663003663003663 
0.3860811930405965 0.37033968516984256 0.140016570008285 0.0936205468102734 0.009942004971002486 
0.05172413793103448 0.028735632183908046 0.8477011494252874 0.04310344827586207 0.028735632183908046 
0.00620347394540943 0.00620347394540943 0.00620347394540943 0.00620347394540943 0.9751861042183623 
0.007473841554559043 0.007473841554559043 0.007473841554559043 0.007473841554559043 0.9701046337817638 
0.08839779005524862 0.03314917127071823 0.8011049723756906 0.049723756906077346 0.027624309392265192 
0.2876712328767123 0.0958904109589041 0.1780821917808219 0.3698630136986301 0.0684931506849315 
0.9599514563106796 0.012135922330097087 0.015776699029126214 0.008798543689320388 0.003337378640776699 
0.08695652173913043 0.13664596273291926 0.5590062111801242 0.14906832298136646 0.06832298136645963 
0.07755102040816327 0.7591836734693878 0.053061224489795916 0.06938775510204082 0.04081632653061224 
0.28634361233480177 0.05286343612334802 0.06828193832599119 0.5682819383259912 0.024229074889867842 
0.15263157894736842 0.05 0.631578947368421 0.13421052631578947 0.031578947368421054 
0.09782608695652174 0.6684782608695652 0.07608695652173914 0.10326086956521739 0.05434782608695652 
0.07468879668049792 0.058091286307053944 0.7344398340248963 0.0912863070539419 0.04149377593360996 
0.13909774436090225 0.11654135338345864 0.5827067669172933 0.12030075187969924 0.041353383458646614 
0.3949579831932773 0.13445378151260504 0.17647058823529413 0.21008403361344538 0.08403361344537816 
0.10596026490066225 0.08609271523178808 0.6291390728476821 0.1390728476821192 0.039735099337748346 
0.30386740331491713 0.12154696132596685 0.34806629834254144 0.1712707182320442 0.055248618784530384 
0.7712609970674487 0.04398826979472141 0.10557184750733138 0.04985337243401759 0.02932551319648094 
0.04878048780487805 0.051490514905149054 0.8157181571815718 0.056910569105691054 0.02710027100271003 
0.02577319587628866 0.02577319587628866 0.02577319587628866 0.028350515463917526 0.8943298969072165 
0.29411764705882354 0.42058823529411765 0.16470588235294117 0.09117647058823529 0.029411764705882353 
0.1388888888888889 0.4027777777777778 0.16666666666666666 0.1527777777777778 0.1388888888888889 
0.008873114463176575 0.008873114463176575 0.008873114463176575 0.009760425909494233 0.963620230700976 
0.22580645161290322 0.25806451612903225 0.1935483870967742 0.16129032258064516 0.16129032258064516 
0.08737864077669903 0.10679611650485436 0.13592233009708737 0.6213592233009708 0.04854368932038835 
0.1412556053811659 0.19955156950672645 0.5896860986547086 0.04484304932735426 0.02466367713004484 
0.25333333333333335 0.13333333333333333 0.30666666666666664 0.17333333333333334 0.13333333333333333 
0.8945615982241953 0.051054384017758046 0.023307436182019976 0.01997780244173141 0.011098779134295227 
0.06254343293954134 0.7366226546212647 0.14523974982626825 0.0472550382209868 0.008339124391938846 
0.07920792079207921 0.07425742574257425 0.7326732673267327 0.0594059405940594 0.054455445544554455 
0.19607843137254902 0.21568627450980393 0.19607843137254902 0.19607843137254902 0.19607843137254902 
0.9567422434367542 0.016109785202863963 0.014618138424821002 0.00954653937947494 0.0029832935560859188 
0.0784313725490196 0.5441176470588235 0.21568627450980393 0.11274509803921569 0.049019607843137254 
0.08904109589041095 0.10273972602739725 0.5684931506849316 0.1643835616438356 0.07534246575342465 
0.06844106463878327 0.7680608365019012 0.06844106463878327 0.057034220532319393 0.03802281368821293 
0.1348314606741573 0.16853932584269662 0.33707865168539325 0.23595505617977527 0.12359550561797752 
0.17857142857142858 0.17857142857142858 0.23214285714285715 0.21428571428571427 0.19642857142857142 
0.1111111111111111 0.025793650793650792 0.8154761904761905 0.027777777777777776 0.01984126984126984 
0.12009803921568628 0.06862745098039216 0.7377450980392157 0.04411764705882353 0.029411764705882353 
0.14153846153846153 0.6123076923076923 0.09538461538461539 0.11692307692307692 0.033846153846153845 
0.12719298245614036 0.30043859649122806 0.40350877192982454 0.14035087719298245 0.02850877192982456 
0.06060606060606061 0.06060606060606061 0.7727272727272727 0.05555555555555555 0.050505050505050504 
0.0044194455604660505 0.0044194455604660505 0.005222981116914423 0.004017677782241864 0.9819204499799116 
0.08823529411764706 0.04044117647058824 0.8125 0.03860294117647059 0.02022058823529412 
0.00510204081632653 0.00510204081632653 0.00510204081632653 0.00510204081632653 0.9795918367346939 
0.08695652173913043 0.05434782608695652 0.7445652173913043 0.059782608695652176 0.05434782608695652 
0.18518518518518517 0.18518518518518517 0.2222222222222222 0.2222222222222222 0.18518518518518517 
0.15894039735099338 0.271523178807947 0.3708609271523179 0.13245033112582782 0.06622516556291391 
0.13513513513513514 0.25405405405405407 0.3783783783783784 0.1783783783783784 0.05405405405405406 
0.3418803418803419 0.041025641025641026 0.558974358974359 0.041025641025641026 0.017094017094017096 
0.07947019867549669 0.5695364238410596 0.0728476821192053 0.2119205298013245 0.06622516556291391 
0.0387409200968523 0.024213075060532687 0.8716707021791767 0.04116222760290557 0.024213075060532687 
0.17891373801916932 0.2939297124600639 0.43769968051118213 0.05750798722044728 0.03194888178913738 
0.23636363636363636 0.2 0.2 0.18181818181818182 0.18181818181818182 
0.32809773123909247 0.04013961605584642 0.5602094240837696 0.05410122164048865 0.017452006980802792 
0.05787781350482315 0.06752411575562701 0.7717041800643086 0.06752411575562701 0.03536977491961415 
0.19230769230769232 0.23076923076923078 0.19230769230769232 0.19230769230769232 0.19230769230769232 
0.07074569789674952 0.06309751434034416 0.8030592734225621 0.04397705544933078 0.019120458891013385 
0.009478672985781991 0.01042654028436019 0.01042654028436019 0.009478672985781991 0.9601895734597157 
0.0794392523364486 0.7654205607476635 0.1261682242990654 0.019626168224299065 0.009345794392523364 
0.2033898305084746 0.288135593220339 0.1694915254237288 0.1694915254237288 0.1694915254237288 
0.014970059880239521 0.014970059880239521 0.014970059880239521 0.014970059880239521 0.9401197604790419 
0.25862068965517243 0.15517241379310345 0.25862068965517243 0.2413793103448276 0.08620689655172414 
0.18867924528301888 0.18867924528301888 0.20754716981132076 0.22641509433962265 0.18867924528301888 
0.010638297872340425 0.009671179883945842 0.009671179883945842 0.01160541586073501 0.9584139264990329 
0.05272407732864675 0.04745166959578207 0.8418277680140598 0.03866432337434095 0.019332161687170474 
0.3108910891089109 0.4396039603960396 0.07920792079207921 0.14653465346534653 0.023762376237623763 
0.5448717948717948 0.17307692307692307 0.10576923076923077 0.14102564102564102 0.035256410256410256 
0.6804979253112033 0.08713692946058091 0.11203319502074689 0.07883817427385892 0.04149377593360996 
0.2112676056338028 0.19014084507042253 0.2676056338028169 0.2535211267605634 0.07746478873239436 
0.16666666666666666 0.15384615384615385 0.1794871794871795 0.3717948717948718 0.1282051282051282 
0.06666666666666667 0.5641025641025641 0.23076923076923078 0.08717948717948718 0.05128205128205128 
0.05014749262536873 0.03392330383480826 0.8731563421828908 0.028023598820058997 0.014749262536873156 
0.4329268292682927 0.10365853658536585 0.23780487804878048 0.16463414634146342 0.06097560975609756 
0.48743718592964824 0.21608040201005024 0.1407035175879397 0.12814070351758794 0.02763819095477387 
0.05327868852459016 0.0778688524590164 0.7459016393442623 0.08196721311475409 0.040983606557377046 
0.4626865671641791 0.12935323383084577 0.19402985074626866 0.13432835820895522 0.07960199004975124 
0.11650485436893204 0.11650485436893204 0.5533980582524272 0.11650485436893204 0.0970873786407767 
0.08108108108108109 0.025096525096525095 0.8455598455598455 0.02895752895752896 0.019305019305019305 
0.2117310443490701 0.24034334763948498 0.044349070100143065 0.4864091559370529 0.017167381974248927 
0.21818181818181817 0.18181818181818182 0.23636363636363636 0.18181818181818182 0.18181818181818182 
0.1411764705882353 0.1411764705882353 0.5686274509803921 0.10196078431372549 0.047058823529411764 
0.062111801242236024 0.043478260869565216 0.8167701863354038 0.046583850931677016 0.031055900621118012 
0.13793103448275862 0.08620689655172414 0.6494252873563219 0.06896551724137931 0.05747126436781609 
0.013317191283292978 0.012106537530266344 0.012106537530266344 0.012106537530266344 0.950363196125908 
0.0025303643724696357 0.0025303643724696357 0.0025303643724696357 0.0025303643724696357 0.9898785425101214 
0.003354681305275999 0.0030497102775236353 0.003354681305275999 0.0030497102775236353 0.9871912168344007 
0.09722222222222222 0.09722222222222222 0.6388888888888888 0.09722222222222222 0.06944444444444445 
0.10238907849829351 0.09897610921501707 0.6040955631399317 0.15358361774744028 0.040955631399317405 
0.16954022988505746 0.0603448275862069 0.6810344827586207 0.05747126436781609 0.031609195402298854 
0.15702479338842976 0.03856749311294766 0.650137741046832 0.12672176308539945 0.027548209366391185 
0.04941176470588235 0.04 0.8305882352941176 0.05647058823529412 0.023529411764705882 
0.045454545454545456 0.07196969696969698 0.7537878787878788 0.08712121212121213 0.041666666666666664 
0.11711711711711711 0.05405405405405406 0.5945945945945946 0.18018018018018017 0.05405405405405406 
0.12105263157894737 0.05789473684210526 0.7105263157894737 0.05789473684210526 0.05263157894736842 
0.12173913043478261 0.12173913043478261 0.4956521739130435 0.17391304347826086 0.08695652173913043 
0.19230769230769232 0.23076923076923078 0.19230769230769232 0.19230769230769232 0.19230769230769232 
0.05263157894736842 0.049707602339181284 0.7456140350877193 0.11403508771929824 0.038011695906432746 
0.027548209366391185 0.027548209366391185 0.027548209366391185 0.027548209366391185 0.8898071625344353 
0.09523809523809523 0.5634920634920635 0.11904761904761904 0.12698412698412698 0.09523809523809523 
0.6241379310344828 0.1482758620689655 0.10689655172413794 0.07931034482758621 0.041379310344827586 
0.009157509157509158 0.010073260073260074 0.009157509157509158 0.01098901098901099 0.9606227106227107 
0.8969594594594594 0.02027027027027027 0.04054054054054054 0.02364864864864865 0.018581081081081082 
0.02022058823529412 0.02022058823529412 0.02022058823529412 0.027573529411764705 0.9117647058823529 
0.09623430962343096 0.17154811715481172 0.5983263598326359 0.08368200836820083 0.0502092050209205 
0.059375 0.1 0.05625 0.753125 0.03125 
0.8836140888208269 0.042879019908116385 0.021439509954058193 0.036753445635528334 0.015313935681470138 
0.17857142857142858 0.17857142857142858 0.25 0.21428571428571427 0.17857142857142858 
0.08 0.07714285714285714 0.1 0.7085714285714285 0.03428571428571429 
0.16115702479338842 0.1756198347107438 0.09090909090909091 0.5516528925619835 0.02066115702479339 
0.06666666666666667 0.08205128205128205 0.09743589743589744 0.6923076923076923 0.06153846153846154 
0.17857142857142858 0.19642857142857142 0.19642857142857142 0.25 0.17857142857142858 
0.11875 0.35625 0.24375 0.21875 0.0625 
0.09854014598540146 0.10218978102189781 0.06934306569343066 0.6824817518248175 0.04744525547445255 
0.578125 0.171875 0.16145833333333334 0.059895833333333336 0.028645833333333332 
0.05612244897959184 0.05612244897959184 0.7806122448979592 0.05612244897959184 0.05102040816326531 
0.17616580310880828 0.5077720207253886 0.09326424870466321 0.17098445595854922 0.05181347150259067 
0.07734806629834254 0.06629834254143646 0.7292817679558011 0.0718232044198895 0.055248618784530384 
0.06875 0.0625 0.74375 0.0625 0.0625 
0.0891089108910891 0.12871287128712872 0.07920792079207921 0.6435643564356436 0.0594059405940594 
0.10877192982456141 0.05263157894736842 0.7368421052631579 0.06666666666666667 0.03508771929824561 
0.07552083333333333 0.041666666666666664 0.8125 0.044270833333333336 0.026041666666666668 
0.06761565836298933 0.05693950177935943 0.7508896797153025 0.08185053380782918 0.042704626334519574 
0.003324468085106383 0.003324468085106383 0.003324468085106383 0.004321808510638298 0.9857047872340425 
0.007668711656441718 0.007668711656441718 0.007668711656441718 0.007668711656441718 0.9693251533742331 
0.12276214833759591 0.09207161125319693 0.629156010230179 0.1278772378516624 0.028132992327365727 
0.03900709219858156 0.03546099290780142 0.03546099290780142 0.03900709219858156 0.851063829787234 
0.19642857142857142 0.17857142857142858 0.21428571428571427 0.23214285714285715 0.17857142857142858 
0.135 0.075 0.655 0.085 0.05 
0.13649851632047477 0.05637982195845697 0.2403560830860534 0.5370919881305638 0.02967359050445104 
0.27631578947368424 0.15789473684210525 0.19736842105263158 0.23684210526315788 0.13157894736842105 
0.05571847507331378 0.06451612903225806 0.7536656891495601 0.0967741935483871 0.02932551319648094 
0.7857142857142857 0.04285714285714286 0.10857142857142857 0.03428571428571429 0.02857142857142857 
0.14285714285714285 0.5210084033613446 0.12605042016806722 0.12605042016806722 0.08403361344537816 
0.11555555555555555 0.08888888888888889 0.6533333333333333 0.09777777777777778 0.044444444444444446 
0.006272869837950863 0.00575013068478829 0.006272869837950863 0.005227391531625719 0.9764767381076843 
0.07142857142857142 0.11038961038961038 0.5974025974025974 0.15584415584415584 0.06493506493506493 
0.21568627450980393 0.19607843137254902 0.19607843137254902 0.19607843137254902 0.19607843137254902 
0.008613264427217916 0.008613264427217916 0.008613264427217916 0.008613264427217916 0.9655469422911284 
0.25761772853185594 0.5650969529085873 0.09418282548476455 0.055401662049861494 0.027700831024930747 
0.13157894736842105 0.14473684210526316 0.15789473684210525 0.4342105263157895 0.13157894736842105 
0.008756567425569177 0.008756567425569177 0.008756567425569177 0.008756567425569177 0.9649737302977233 
0.764612954186414 0.08530805687203792 0.07740916271721959 0.05687203791469194 0.01579778830963665 
0.6438053097345132 0.20353982300884957 0.06858407079646017 0.061946902654867256 0.022123893805309734 
0.015037593984962405 0.015037593984962405 0.016541353383458645 0.015037593984962405 0.9383458646616541 
0.9326460481099657 0.008247422680412371 0.021305841924398626 0.030927835051546393 0.006872852233676976 
0.07079646017699115 0.07964601769911504 0.11504424778761062 0.6991150442477876 0.035398230088495575 
0.17094017094017094 0.23076923076923078 0.11965811965811966 0.39316239316239315 0.08547008547008547 
0.19607843137254902 0.21568627450980393 0.19607843137254902 0.19607843137254902 0.19607843137254902 
0.2289156626506024 0.16265060240963855 0.24096385542168675 0.29518072289156627 0.07228915662650602 
0.12239583333333333 0.3020833333333333 0.12760416666666666 0.42578125 0.022135416666666668 
0.10050251256281408 0.46984924623115576 0.11055276381909548 0.29396984924623115 0.02512562814070352 
0.626984126984127 0.15343915343915343 0.09259259259259259 0.09788359788359788 0.0291005291005291 
0.060109289617486336 0.0546448087431694 0.7540983606557377 0.07650273224043716 0.0546448087431694 
0.116751269035533 0.09137055837563451 0.08629441624365482 0.6548223350253807 0.050761421319796954 
0.1020979020979021 0.6223776223776224 0.06573426573426573 0.1958041958041958 0.013986013986013986 
0.0472972972972973 0.0472972972972973 0.8175675675675675 0.05405405405405406 0.033783783783783786 
0.0625 0.06770833333333333 0.06770833333333333 0.75 0.052083333333333336 
0.004573170731707317 0.005335365853658537 0.012957317073170731 0.9745934959349594 0.002540650406504065 
0.09022556390977443 0.16541353383458646 0.48872180451127817 0.18045112781954886 0.07518796992481203 
0.08471074380165289 0.09504132231404959 0.7396694214876033 0.05991735537190083 0.02066115702479339 
0.0784313725490196 0.07450980392156863 0.7254901960784313 0.08235294117647059 0.0392156862745098 
0.06415929203539823 0.05088495575221239 0.05530973451327434 0.8075221238938053 0.022123893805309734 
0.004039662137348513 0.003672420124862284 0.003672420124862284 0.0044069041498347415 0.9842085934630922 
0.07926829268292683 0.07926829268292683 0.6280487804878049 0.1524390243902439 0.06097560975609756 
0.007446016381236039 0.007446016381236039 0.008190618019359643 0.007446016381236039 0.9694713328369322 
0.10638297872340426 0.10638297872340426 0.6099290780141844 0.10638297872340426 0.07092198581560284 
0.008984725965858042 0.008984725965858042 0.01078167115902965 0.008984725965858042 0.9622641509433962 
0.024509803921568627 0.024509803921568627 0.024509803921568627 0.029411764705882353 0.8970588235294118 
0.1956521739130435 0.10869565217391304 0.38405797101449274 0.21014492753623187 0.10144927536231885 
0.4481283422459893 0.03208556149732621 0.06631016042780749 0.44278074866310163 0.0106951871657754 
0.7551695616211745 0.08188585607940446 0.06699751861042183 0.08767576509511993 0.008271298593879239 
0.07909604519774012 0.07062146892655367 0.6836158192090396 0.1384180790960452 0.02824858757062147 
0.41570438799076215 0.12471131639722864 0.12933025404157045 0.3071593533487298 0.023094688221709007 
0.06358381502890173 0.06358381502890173 0.7456647398843931 0.06936416184971098 0.057803468208092484 
0.0055617352614015575 0.0055617352614015575 0.0055617352614015575 0.0055617352614015575 0.9777530589543938 
0.1450381679389313 0.16030534351145037 0.12213740458015267 0.4961832061068702 0.07633587786259542 
0.19607843137254902 0.19607843137254902 0.21568627450980393 0.19607843137254902 0.19607843137254902 
0.2 0.23636363636363636 0.18181818181818182 0.2 0.18181818181818182 
0.004818221638195357 0.004380201489268506 0.004380201489268506 0.004380201489268506 0.9820411738939991 
0.5629139072847682 0.10264900662251655 0.2052980132450331 0.07947019867549669 0.04966887417218543 
0.055900621118012424 0.15217391304347827 0.7018633540372671 0.059006211180124224 0.031055900621118012 
0.003751705320600273 0.003751705320600273 0.003751705320600273 0.004092769440654843 0.9846521145975443 
0.04961020552799433 0.781715095676825 0.13253012048192772 0.026931254429482635 0.009213323883770375 
0.06504065040650407 0.08739837398373984 0.0508130081300813 0.774390243902439 0.022357723577235773 
0.19672131147540983 0.2459016393442623 0.3073770491803279 0.20491803278688525 0.045081967213114756 
0.006489292667099286 0.006489292667099286 0.006489292667099286 0.006489292667099286 0.9740428293316029 
0.22797927461139897 0.20552677029360966 0.08981001727115717 0.459412780656304 0.017271157167530225 
0.08064516129032258 0.07661290322580645 0.125 0.6774193548387096 0.04032258064516129 
0.13973799126637554 0.14847161572052403 0.0611353711790393 0.5895196506550219 0.0611353711790393 
0.0653061224489796 0.7387755102040816 0.08163265306122448 0.06938775510204082 0.044897959183673466 
0.18867924528301888 0.18867924528301888 0.20754716981132076 0.22641509433962265 0.18867924528301888 
0.06172839506172839 0.08641975308641975 0.08641975308641975 0.7242798353909465 0.0411522633744856 
0.8910329171396141 0.03518728717366629 0.03518728717366629 0.02724177071509648 0.011350737797956867 
0.146 0.077 0.078 0.689 0.01 
0.10191082802547771 0.16560509554140126 0.07643312101910828 0.535031847133758 0.12101910828025478 
0.09885931558935361 0.3041825095057034 0.41825095057034223 0.14068441064638784 0.03802281368821293 
0.07058823529411765 0.08235294117647059 0.09411764705882353 0.7019607843137254 0.050980392156862744 
0.09974424552429667 0.10997442455242967 0.061381074168797956 0.7007672634271099 0.028132992327365727 
0.17543859649122806 0.17543859649122806 0.17543859649122806 0.2982456140350877 0.17543859649122806 
0.07281553398058252 0.06796116504854369 0.7621359223300971 0.04854368932038835 0.04854368932038835 
0.19507186858316222 0.36344969199178645 0.3973305954825462 0.030800821355236138 0.013347022587268994 
0.0787037037037037 0.05092592592592592 0.09953703703703703 0.7476851851851852 0.023148148148148147 
0.003280644199224575 0.0029824038174768863 0.003280644199224575 0.0029824038174768863 0.9874739039665971 
0.06764705882352941 0.052941176470588235 0.7411764705882353 0.1 0.03823529411764706 
0.11805555555555555 0.06944444444444445 0.6597222222222222 0.08333333333333333 0.06944444444444445 
0.003980099502487562 0.003316749585406302 0.003316749585406302 0.003648424543946932 0.9857379767827529 
0.0949367088607595 0.08860759493670886 0.6708860759493671 0.08227848101265822 0.06329113924050633 
0.007323568575233023 0.006657789613848202 0.006657789613848202 0.007989347536617843 0.9713715046604527 
0.01877133105802048 0.017064846416382253 0.017064846416382253 0.01877133105802048 0.9283276450511946 
0.039723661485319514 0.03367875647668394 0.8946459412780656 0.023316062176165803 0.008635578583765112 
0.07373271889400922 0.7142857142857143 0.07373271889400922 0.08755760368663594 0.05069124423963134 
0.02626970227670753 0.01926444833625219 0.9036777583187391 0.02276707530647986 0.028021015761821366 
0.0273972602739726 0.0273972602739726 0.0273972602739726 0.0273972602739726 0.8904109589041096 
0.061511423550087874 0.8154657293497364 0.0351493848857645 0.070298769771529 0.01757469244288225 
0.19230769230769232 0.23076923076923078 0.19230769230769232 0.19230769230769232 0.19230769230769232 
0.19230769230769232 0.19230769230769232 0.21153846153846154 0.21153846153846154 0.19230769230769232 
0.005561172901921132 0.005055611729019211 0.005055611729019211 0.005055611729019211 0.9792719919110212 
0.7534626038781164 0.12742382271468145 0.0443213296398892 0.04709141274238227 0.027700831024930747 
0.1864406779661017 0.23728813559322035 0.1864406779661017 0.22033898305084745 0.1694915254237288 
0.01020408163265306 0.01020408163265306 0.011224489795918367 0.011224489795918367 0.9571428571428572 
0.17540322580645162 0.07661290322580645 0.11088709677419355 0.6169354838709677 0.020161290322580645 
0.27946127946127947 0.4444444444444444 0.08080808080808081 0.15824915824915825 0.037037037037037035 
0.02444987775061125 0.02444987775061125 0.02444987775061125 0.02444987775061125 0.902200488997555 
0.14444444444444443 0.14444444444444443 0.16111111111111112 0.49444444444444446 0.05555555555555555 
0.21153846153846154 0.21153846153846154 0.19230769230769232 0.19230769230769232 0.19230769230769232 
0.18518518518518517 0.2037037037037037 0.2037037037037037 0.2222222222222222 0.18518518518518517 
0.04938271604938271 0.05864197530864197 0.33641975308641975 0.5246913580246914 0.030864197530864196 
0.07222222222222222 0.8595238095238096 0.03492063492063492 0.025396825396825397 0.007936507936507936 
0.43884892086330934 0.14388489208633093 0.20863309352517986 0.1366906474820144 0.07194244604316546 
0.12162162162162163 0.12837837837837837 0.12162162162162163 0.5608108108108109 0.06756756756756757 
0.12790697674418605 0.11794019933554817 0.0664451827242525 0.6710963455149501 0.016611295681063124 
0.3333333333333333 0.21739130434782608 0.15942028985507245 0.14492753623188406 0.14492753623188406 
0.08333333333333333 0.05555555555555555 0.1111111111111111 0.7037037037037037 0.046296296296296294 
0.06484641638225255 0.11262798634812286 0.05802047781569966 0.726962457337884 0.03754266211604096 
0.1188118811881188 0.1188118811881188 0.5247524752475248 0.13861386138613863 0.09900990099009901 
0.10982658959537572 0.6069364161849711 0.15028901734104047 0.07514450867052024 0.057803468208092484 
0.2996941896024465 0.1926605504587156 0.16819571865443425 0.308868501529052 0.03058103975535168 
0.06158357771260997 0.06158357771260997 0.8035190615835777 0.04398826979472141 0.02932551319648094 
0.04365079365079365 0.5357142857142857 0.30158730158730157 0.07936507936507936 0.03968253968253968 
0.08757062146892655 0.09322033898305085 0.07909604519774012 0.711864406779661 0.02824858757062147 
0.04288164665523156 0.032590051457975985 0.8679245283018868 0.036020583190394515 0.02058319039451115 
0.008361204013377926 0.010033444816053512 0.008361204013377926 0.008361204013377926 0.9648829431438127 
0.07727272727272727 0.08636363636363636 0.15454545454545454 0.6363636363636364 0.045454545454545456 
0.07142857142857142 0.050595238095238096 0.7827380952380952 0.0625 0.03273809523809524 
0.007668711656441718 0.009202453987730062 0.009202453987730062 0.007668711656441718 0.9662576687116564 
0.0069269521410579345 0.006297229219143577 0.0069269521410579345 0.006297229219143577 0.9735516372795969 
0.0875 0.09375 0.58125 0.175 0.0625 
0.01567398119122257 0.01567398119122257 0.01567398119122257 0.01567398119122257 0.9373040752351097 
0.17543859649122806 0.22807017543859648 0.22807017543859648 0.19298245614035087 0.17543859649122806 
0.11956521739130435 0.13043478260869565 0.4891304347826087 0.15217391304347827 0.10869565217391304 
0.08745247148288973 0.07984790874524715 0.7300380228136882 0.060836501901140684 0.04182509505703422 
0.05829596412556054 0.05829596412556054 0.757847533632287 0.07174887892376682 0.053811659192825115 
0.01088139281828074 0.01088139281828074 0.011969532100108813 0.01088139281828074 0.955386289445049 
0.8862385321100917 0.03302752293577982 0.03853211009174312 0.023853211009174313 0.01834862385321101 
0.19607843137254902 0.19607843137254902 0.19607843137254902 0.19607843137254902 0.21568627450980393 
0.023310023310023312 0.023310023310023312 0.023310023310023312 0.02564102564102564 0.9044289044289044 
0.7409326424870466 0.11139896373056994 0.05958549222797927 0.05958549222797927 0.02849740932642487 
0.080338266384778 0.7885835095137421 0.06765327695560254 0.042283298097251586 0.021141649048625793 
0.18518518518518517 0.18518518518518517 0.24074074074074073 0.2037037037037037 0.18518518518518517 
0.0065832784726793945 0.0065832784726793945 0.0065832784726793945 0.0065832784726793945 0.9736668861092824 
0.16556291390728478 0.2052980132450331 0.1456953642384106 0.40397350993377484 0.07947019867549669 
0.07795698924731183 0.12903225806451613 0.7204301075268817 0.04032258064516129 0.03225806451612903 
0.2236842105263158 0.6043233082706767 0.06860902255639098 0.09304511278195489 0.010338345864661654 
0.017699115044247787 0.017699115044247787 0.017699115044247787 0.017699115044247787 0.9292035398230089 
0.18885448916408668 0.16718266253869968 0.16718266253869968 0.43653250773993807 0.04024767801857585 
0.19230769230769232 0.21153846153846154 0.19230769230769232 0.21153846153846154 0.19230769230769232 
0.18518518518518517 0.18518518518518517 0.24074074074074073 0.2037037037037037 0.18518518518518517 
0.1036036036036036 0.08108108108108109 0.4954954954954955 0.2747747747747748 0.04504504504504504 
0.11805555555555555 0.11805555555555555 0.06944444444444445 0.6493055555555556 0.04513888888888889 
0.44779582366589327 0.025522041763341066 0.06612529002320186 0.44895591647331784 0.01160092807424594 
0.5241379310344828 0.23793103448275862 0.11379310344827587 0.0896551724137931 0.034482758620689655 
0.06222222222222222 0.1111111111111111 0.06666666666666667 0.7111111111111111 0.04888888888888889 
0.08244680851063829 0.1675531914893617 0.5452127659574468 0.1702127659574468 0.034574468085106384 
0.18497109826589594 0.11560693641618497 0.15028901734104047 0.47398843930635837 0.07514450867052024 
0.08695652173913043 0.07608695652173914 0.15942028985507245 0.6413043478260869 0.036231884057971016 
0.07531380753138076 0.18410041841004185 0.08786610878661087 0.602510460251046 0.0502092050209205 
0.09536082474226804 0.09278350515463918 0.061855670103092786 0.7242268041237113 0.02577319587628866 
0.043795620437956206 0.0948905109489051 0.07542579075425791 0.7615571776155717 0.024330900243309004 
0.2112676056338028 0.16901408450704225 0.49577464788732395 0.09014084507042254 0.03380281690140845 
0.1267605633802817 0.5563380281690141 0.14084507042253522 0.1056338028169014 0.07042253521126761 
0.07142857142857142 0.06312292358803986 0.03820598006644518 0.8023255813953488 0.024916943521594685 
0.005070993914807302 0.005070993914807302 0.005070993914807302 0.005578093306288032 0.97920892494929 
0.11724137931034483 0.0896551724137931 0.4896551724137931 0.2620689655172414 0.041379310344827586 
0.06134969325153374 0.0736196319018405 0.17995910020449898 0.6605316973415133 0.024539877300613498 
0.009212730318257957 0.008375209380234505 0.009212730318257957 0.009212730318257957 0.9639865996649917 
0.1111111111111111 0.10101010101010101 0.5656565656565656 0.1111111111111111 0.1111111111111111 
0.016778523489932886 0.016778523489932886 0.016778523489932886 0.016778523489932886 0.9328859060402684 
0.10457516339869281 0.0718954248366013 0.6470588235294118 0.09803921568627451 0.0784313725490196 
0.017921146953405017 0.017921146953405017 0.017921146953405017 0.017921146953405017 0.9283154121863799 
0.06593406593406594 0.06593406593406594 0.7252747252747253 0.08791208791208792 0.054945054945054944 
0.17117117117117117 0.24324324324324326 0.38738738738738737 0.10810810810810811 0.09009009009009009 
0.058823529411764705 0.06417112299465241 0.7593582887700535 0.06417112299465241 0.053475935828877004 
0.4405594405594406 0.06993006993006994 0.27972027972027974 0.1258741258741259 0.08391608391608392 
0.30666666666666664 0.11333333333333333 0.3 0.21333333333333335 0.06666666666666667 
0.025974025974025976 0.025974025974025976 0.02857142857142857 0.025974025974025976 0.8935064935064935 
0.17325227963525835 0.13069908814589665 0.13069908814589665 0.5288753799392097 0.0364741641337386 
0.17543859649122806 0.17543859649122806 0.19298245614035087 0.2807017543859649 0.17543859649122806 
0.35260115606936415 0.3988439306358382 0.08670520231213873 0.13005780346820808 0.031791907514450865 
0.125 0.15 0.15 0.1375 0.4375 
0.13043478260869565 0.13043478260869565 0.5 0.13043478260869565 0.10869565217391304 
0.19672131147540983 0.19672131147540983 0.21311475409836064 0.22950819672131148 0.16393442622950818 
0.2 0.2 0.2 0.21818181818181817 0.18181818181818182 
0.015015015015015015 0.015015015015015015 0.015015015015015015 0.015015015015015015 0.93993993993994 
0.11170212765957446 0.06914893617021277 0.09042553191489362 0.675531914893617 0.05319148936170213 
0.23809523809523808 0.19047619047619047 0.23809523809523808 0.1746031746031746 0.15873015873015872 
0.044481054365733116 0.06754530477759473 0.044481054365733116 0.8270181219110379 0.016474464579901153 
0.820952380952381 0.03619047619047619 0.05904761904761905 0.06476190476190476 0.01904761904761905 
0.08609271523178808 0.076158940397351 0.0695364238410596 0.7350993377483444 0.033112582781456956 
0.20754716981132076 0.18867924528301888 0.20754716981132076 0.20754716981132076 0.18867924528301888 
0.026717557251908396 0.07633587786259542 0.026717557251908396 0.8492366412213741 0.02099236641221374 
0.05873015873015873 0.10158730158730159 0.047619047619047616 0.7714285714285715 0.020634920634920634 
0.09803921568627451 0.6339869281045751 0.10457516339869281 0.09803921568627451 0.06535947712418301 
0.16666666666666666 0.5092592592592593 0.12962962962962962 0.10185185185185185 0.09259259259259259 
0.15568862275449102 0.18562874251497005 0.09580838323353294 0.49700598802395207 0.0658682634730539 
0.09170305676855896 0.1222707423580786 0.07423580786026202 0.6681222707423581 0.043668122270742356 
0.18309859154929578 0.49295774647887325 0.09154929577464789 0.15492957746478872 0.07746478873239436 
0.11834319526627218 0.4911242603550296 0.20118343195266272 0.1301775147928994 0.05917159763313609 
0.04960835509138381 0.0835509138381201 0.04699738903394256 0.793733681462141 0.02610966057441253 
0.08623853211009175 0.05137614678899083 0.8055045871559633 0.03669724770642202 0.02018348623853211 
0.06584362139917696 0.09465020576131687 0.5720164609053497 0.22633744855967078 0.0411522633744856 
0.06933333333333333 0.09066666666666667 0.072 0.7253333333333334 0.042666666666666665 
0.058823529411764705 0.058823529411764705 0.7754010695187166 0.053475935828877004 0.053475935828877004 
0.21739130434782608 0.13043478260869565 0.18115942028985507 0.39855072463768115 0.07246376811594203 
0.0041946308724832215 0.004614093959731544 0.004614093959731544 0.005453020134228188 0.9811241610738255 
0.09195402298850575 0.6379310344827587 0.15229885057471265 0.08908045977011494 0.028735632183908046 
0.1206896551724138 0.14482758620689656 0.09310344827586207 0.6068965517241379 0.034482758620689655 
0.12359550561797752 0.15730337078651685 0.47191011235955055 0.1348314606741573 0.11235955056179775 
0.00510204081632653 0.005612244897959183 0.00510204081632653 0.00510204081632653 0.9790816326530613 
0.13043478260869565 0.11956521739130435 0.5 0.14130434782608695 0.10869565217391304 
0.006811989100817439 0.006811989100817439 0.008174386920980926 0.006811989100817439 0.9713896457765667 
0.07534246575342465 0.0821917808219178 0.6301369863013698 0.14383561643835616 0.0684931506849315 
0.09900990099009901 0.10891089108910891 0.5643564356435643 0.12871287128712872 0.09900990099009901 
0.09405940594059406 0.08415841584158416 0.6881188118811881 0.08415841584158416 0.04950495049504951 
0.05621301775147929 0.8505917159763313 0.022189349112426034 0.05621301775147929 0.014792899408284023 
0.7940074906367042 0.03932584269662921 0.06928838951310862 0.07865168539325842 0.018726591760299626 
0.019120458891013385 0.019120458891013385 0.019120458891013385 0.019120458891013385 0.9235181644359465 
0.7980049875311721 0.04738154613466334 0.08478802992518704 0.04488778054862843 0.02493765586034913 
0.19230769230769232 0.21153846153846154 0.21153846153846154 0.19230769230769232 0.19230769230769232 
0.026385224274406333 0.026385224274406333 0.029023746701846966 0.026385224274406333 0.8918205804749341 
0.38823529411764707 0.1784313725490196 0.3411764705882353 0.07254901960784314 0.0196078431372549 
0.20967741935483872 0.1774193548387097 0.2903225806451613 0.16129032258064516 0.16129032258064516 
0.19607843137254902 0.19607843137254902 0.19607843137254902 0.19607843137254902 0.21568627450980393 
0.024390243902439025 0.022172949002217297 0.022172949002217297 0.022172949002217297 0.9090909090909091 
