0.5766016713091922 0.08913649025069638 0.0807799442896936 0.06128133704735376 0.19220055710306408 
0.029045643153526972 0.07468879668049792 0.483402489626556 0.3215767634854772 0.0912863070539419 
0.0485278080697928 0.3505997818974918 0.14285714285714285 0.19520174482006544 0.2628135223555071 
0.023178807947019868 0.8493377483443708 0.026490066225165563 0.06291390728476821 0.0380794701986755 
0.11439114391143912 0.26199261992619927 0.11070110701107011 0.14760147601476015 0.36531365313653136 
0.7906137184115524 0.05054151624548736 0.04332129963898917 0.06498194945848375 0.05054151624548736 
0.6254237288135593 0.04915254237288136 0.08983050847457627 0.06610169491525424 0.1694915254237288 
0.39487179487179486 0.15384615384615385 0.1 0.07948717948717948 0.2717948717948718 
0.017167381974248927 0.04864091559370529 0.7439198855507868 0.15593705293276108 0.034334763948497854 
0.13450292397660818 0.25146198830409355 0.14035087719298245 0.1871345029239766 0.28654970760233917 
0.07058823529411765 0.6882352941176471 0.07647058823529412 0.10588235294117647 0.058823529411764705 
0.055248618784530384 0.08287292817679558 0.4585635359116022 0.2541436464088398 0.14917127071823205 
0.22508038585209003 0.1639871382636656 0.1414790996784566 0.1414790996784566 0.3279742765273312 
0.1 0.6714285714285714 0.08214285714285714 0.06785714285714285 0.07857142857142857 
0.03359173126614987 0.32558139534883723 0.07235142118863049 0.05426356589147287 0.5142118863049095 
0.06329113924050633 0.5759493670886076 0.10759493670886076 0.18354430379746836 0.06962025316455696 
0.47039473684210525 0.07346491228070176 0.14473684210526316 0.2149122807017544 0.09649122807017543 
0.07006369426751592 0.041401273885350316 0.4554140127388535 0.21019108280254778 0.2229299363057325 
0.7709090909090909 0.04 0.05454545454545454 0.05818181818181818 0.07636363636363637 
0.13333333333333333 0.1259259259259259 0.2814814814814815 0.3111111111111111 0.14814814814814814 
0.025449101796407185 0.10329341317365269 0.08832335329341318 0.26497005988023953 0.5179640718562875 
0.024657534246575342 0.16255707762557078 0.09680365296803653 0.12876712328767123 0.5872146118721461 
0.02181208053691275 0.053691275167785234 0.7919463087248322 0.09228187919463088 0.040268456375838924 
0.03132530120481928 0.8626506024096385 0.02891566265060241 0.04578313253012048 0.03132530120481928 
0.49624060150375937 0.09273182957393483 0.10025062656641603 0.10776942355889724 0.20300751879699247 
0.18181818181818182 0.42780748663101603 0.0962566844919786 0.08021390374331551 0.21390374331550802 
0.03463203463203463 0.10822510822510822 0.08513708513708514 0.2077922077922078 0.5642135642135642 
0.3756345177664975 0.08629441624365482 0.1065989847715736 0.2233502538071066 0.20812182741116753 
0.4098939929328622 0.12367491166077739 0.2049469964664311 0.1166077738515901 0.14487632508833923 
0.05868544600938967 0.12441314553990611 0.3474178403755869 0.24647887323943662 0.22300469483568075 
0.022857142857142857 0.6257142857142857 0.04285714285714286 0.03 0.2785714285714286 
0.0326975476839237 0.4087193460490463 0.08991825613079019 0.12806539509536785 0.3405994550408719 
0.03546099290780142 0.4574468085106383 0.17375886524822695 0.25177304964539005 0.08156028368794327 
0.0334075723830735 0.11804008908685969 0.07126948775055679 0.6570155902004454 0.12026726057906459 
0.21993127147766323 0.13058419243986255 0.13058419243986255 0.20962199312714777 0.30927835051546393 
0.12210526315789473 0.06526315789473684 0.35157894736842105 0.18947368421052632 0.27157894736842103 
0.667910447761194 0.06343283582089553 0.07649253731343283 0.07649253731343283 0.11567164179104478 
0.02737226277372263 0.7791970802919708 0.05291970802919708 0.08941605839416059 0.051094890510948905 
0.0392156862745098 0.06184012066365008 0.0889894419306184 0.2895927601809955 0.5203619909502263 
0.07017543859649122 0.13450292397660818 0.07017543859649122 0.6374269005847953 0.08771929824561403 
0.10175438596491228 0.11929824561403508 0.21403508771929824 0.4842105263157895 0.08070175438596491 
0.057291666666666664 0.11458333333333333 0.21875 0.21354166666666666 0.3958333333333333 
0.037578288100208766 0.06889352818371608 0.07933194154488518 0.7682672233820459 0.04592901878914405 
0.2725 0.3125 0.1025 0.1025 0.21 
0.07453416149068323 0.6149068322981367 0.10559006211180125 0.11180124223602485 0.09316770186335403 
0.03551912568306011 0.3770491803278688 0.10382513661202186 0.1448087431693989 0.33879781420765026 
0.8037037037037037 0.044444444444444446 0.05555555555555555 0.044444444444444446 0.05185185185185185 
0.02295552367288379 0.05738880918220947 0.13199426111908177 0.10473457675753228 0.6829268292682927 
0.3617021276595745 0.34893617021276596 0.07234042553191489 0.11063829787234042 0.10638297872340426 
0.023980815347721823 0.3117505995203837 0.0671462829736211 0.07673860911270983 0.5203836930455635 
0.04568527918781726 0.05456852791878172 0.48223350253807107 0.3134517766497462 0.10406091370558376 
0.08 0.6057142857142858 0.10857142857142857 0.13714285714285715 0.06857142857142857 
0.03597122302158273 0.7985611510791367 0.0683453237410072 0.05755395683453238 0.039568345323741004 
0.05325443786982249 0.7100591715976331 0.07692307692307693 0.10650887573964497 0.05325443786982249 
0.055970149253731345 0.0708955223880597 0.19402985074626866 0.5335820895522388 0.1455223880597015 
0.10135135135135136 0.25675675675675674 0.14864864864864866 0.34459459459459457 0.14864864864864866 
0.017857142857142856 0.033482142857142856 0.044642857142857144 0.03236607142857143 0.8716517857142857 
0.030349013657056147 0.05311077389984825 0.1669195751138088 0.13050075872534142 0.6191198786039454 
0.7861842105263158 0.05263157894736842 0.06578947368421052 0.046052631578947366 0.049342105263157895 
0.06313131313131314 0.5808080808080808 0.08333333333333333 0.14646464646464646 0.12626262626262627 
0.020278833967046894 0.8390367553865653 0.022813688212927757 0.060836501901140684 0.057034220532319393 
0.1326530612244898 0.17346938775510204 0.24489795918367346 0.2857142857142857 0.16326530612244897 
0.15555555555555556 0.4444444444444444 0.1111111111111111 0.17777777777777778 0.1111111111111111 
0.7979094076655052 0.041811846689895474 0.04878048780487805 0.06620209059233449 0.04529616724738676 
0.0744336569579288 0.08414239482200647 0.17475728155339806 0.5339805825242718 0.13268608414239483 
0.7940199335548173 0.07308970099667775 0.046511627906976744 0.04318936877076412 0.04318936877076412 
0.07112068965517242 0.6508620689655172 0.06465517241379311 0.08620689655172414 0.1271551724137931 
0.03875968992248062 0.06589147286821706 0.6007751937984496 0.22093023255813954 0.07364341085271318 
0.03764705882352941 0.56 0.12941176470588237 0.0988235294117647 0.17411764705882352 
0.072 0.508 0.128 0.192 0.1 
0.0996309963099631 0.16236162361623616 0.14760147601476015 0.08856088560885608 0.5018450184501845 
0.44339622641509435 0.11320754716981132 0.07232704402515723 0.17295597484276728 0.19811320754716982 
0.05128205128205128 0.09157509157509157 0.6446886446886447 0.11355311355311355 0.0989010989010989 
0.033185840707964605 0.05088495575221239 0.6482300884955752 0.17256637168141592 0.09513274336283185 
0.038461538461538464 0.8358974358974359 0.038461538461538464 0.05128205128205128 0.035897435897435895 
0.047619047619047616 0.11904761904761904 0.30272108843537415 0.47278911564625853 0.05782312925170068 
0.01634877384196185 0.03814713896457766 0.7302452316076294 0.1226158038147139 0.09264305177111716 
0.11612903225806452 0.13548387096774195 0.2064516129032258 0.432258064516129 0.10967741935483871 
0.0509433962264151 0.14339622641509434 0.03962264150943396 0.6547169811320754 0.11132075471698114 
0.024229074889867842 0.046255506607929514 0.05506607929515418 0.03524229074889868 0.8392070484581498 
0.023255813953488372 0.03986710963455149 0.7906976744186046 0.10299003322259136 0.04318936877076412 
0.4639175257731959 0.3711340206185567 0.058419243986254296 0.05154639175257732 0.054982817869415807 
0.04024144869215292 0.1227364185110664 0.289738430583501 0.3822937625754527 0.16498993963782696 
0.019120458891013385 0.06500956022944551 0.032504780114722756 0.847036328871893 0.036328871892925434 
0.05220883534136546 0.6706827309236948 0.05622489959839357 0.1646586345381526 0.05622489959839357 
0.026246719160104987 0.06955380577427822 0.04330708661417323 0.8097112860892388 0.051181102362204724 
0.109375 0.490625 0.115625 0.1875 0.096875 
0.021464646464646464 0.036616161616161616 0.7512626262626263 0.09848484848484848 0.09217171717171717 
0.07062436028659161 0.07471852610030706 0.2937563971340839 0.43193449334698053 0.12896622313203684 
0.6528089887640449 0.10898876404494381 0.0348314606741573 0.11348314606741573 0.0898876404494382 
0.05305039787798409 0.5517241379310345 0.15915119363395225 0.15915119363395225 0.07692307692307693 
0.019261637239165328 0.3258426966292135 0.04173354735152488 0.5810593900481541 0.03210272873194221 
0.032679738562091505 0.8643790849673203 0.029411764705882353 0.03758169934640523 0.03594771241830065 
0.24623115577889448 0.3542713567839196 0.07035175879396985 0.09798994974874371 0.23115577889447236 
0.016472203157172273 0.5559368565545642 0.24982841455044613 0.09814687714481812 0.07961564859299931 
0.04659498207885305 0.5949820788530465 0.06093189964157706 0.13261648745519714 0.16487455197132617 
0.014925373134328358 0.03399668325041459 0.04643449419568822 0.8681592039800995 0.03648424543946932 
0.041749502982107355 0.061630218687872766 0.3996023856858847 0.27634194831013914 0.220675944333996 
0.7339743589743589 0.05128205128205128 0.05128205128205128 0.05448717948717949 0.10897435897435898 
0.020105820105820106 0.0328042328042328 0.17566137566137566 0.14708994708994708 0.6243386243386243 
0.03711790393013101 0.13755458515283842 0.08951965065502183 0.6244541484716157 0.11135371179039301 
0.042735042735042736 0.5256410256410257 0.029914529914529916 0.09188034188034189 0.30982905982905984 
0.09523809523809523 0.09047619047619047 0.1619047619047619 0.21666666666666667 0.4357142857142857 
0.03110047846889952 0.11722488038277512 0.1076555023923445 0.2966507177033493 0.4473684210526316 
0.029182879377431907 0.2723735408560311 0.04669260700389105 0.05058365758754864 0.6011673151750972 
0.024965325936199722 0.022191400832177532 0.14701803051317613 0.06796116504854369 0.7378640776699029 
0.07077625570776255 0.0639269406392694 0.1689497716894977 0.09817351598173515 0.5981735159817352 
0.044444444444444446 0.02666666666666667 0.48444444444444446 0.2696296296296296 0.1748148148148148 
0.11870503597122302 0.2589928057553957 0.08992805755395683 0.1474820143884892 0.38489208633093525 
0.023543990086741014 0.4516728624535316 0.120817843866171 0.15923172242874845 0.24473358116480792 
0.7587301587301587 0.047619047619047616 0.06666666666666667 0.08571428571428572 0.04126984126984127 
0.14375 0.59375 0.08125 0.06875 0.1125 
0.1485148514851485 0.10643564356435643 0.09900990099009901 0.44554455445544555 0.2004950495049505 
0.04780876494023904 0.6772908366533864 0.07171314741035857 0.15139442231075698 0.05179282868525897 
0.07964601769911504 0.4646017699115044 0.08849557522123894 0.21238938053097345 0.15486725663716813 
0.07806691449814127 0.6951672862453532 0.08921933085501858 0.05947955390334572 0.07806691449814127 
0.06666666666666667 0.6974358974358974 0.07692307692307693 0.08205128205128205 0.07692307692307693 
0.04075235109717868 0.07210031347962383 0.4608150470219436 0.3448275862068966 0.08150470219435736 
0.021400778210116732 0.06614785992217899 0.03696498054474708 0.8424124513618677 0.033073929961089495 
0.030555555555555555 0.8333333333333334 0.03333333333333333 0.05277777777777778 0.05 
0.2289156626506024 0.20481927710843373 0.24096385542168675 0.1927710843373494 0.13253012048192772 
0.048484848484848485 0.0696969696969697 0.5121212121212121 0.18787878787878787 0.18181818181818182 
0.12195121951219512 0.4146341463414634 0.14634146341463414 0.17073170731707318 0.14634146341463414 
0.05172413793103448 0.6767241379310345 0.07327586206896551 0.14655172413793102 0.05172413793103448 
0.08376963350785341 0.5497382198952879 0.09424083769633508 0.18848167539267016 0.08376963350785341 
0.014249790444258172 0.025146689019279127 0.06202849958088852 0.8683989941324393 0.030176026823134954 
0.13157894736842105 0.09649122807017543 0.14912280701754385 0.13157894736842105 0.49122807017543857 
0.01791044776119403 0.05223880597014925 0.808955223880597 0.06716417910447761 0.05373134328358209 
0.7482758620689656 0.06896551724137931 0.06206896551724138 0.08275862068965517 0.03793103448275862 
0.034013605442176874 0.8253968253968254 0.031746031746031744 0.07029478458049887 0.03854875283446712 
0.04201680672268908 0.13025210084033614 0.03361344537815126 0.7247899159663865 0.06932773109243698 
0.03551912568306011 0.5191256830601093 0.10382513661202186 0.26229508196721313 0.07923497267759563 
0.05373134328358209 0.08059701492537313 0.49850746268656715 0.28059701492537314 0.08656716417910448 
0.11176470588235295 0.18823529411764706 0.17058823529411765 0.4235294117647059 0.10588235294117647 
0.11144578313253012 0.13253012048192772 0.12951807228915663 0.11144578313253012 0.5150602409638554 
0.8368794326241135 0.03546099290780142 0.04609929078014184 0.0425531914893617 0.03900709219858156 
0.3168724279835391 0.18518518518518517 0.16872427983539096 0.1111111111111111 0.21810699588477367 
0.02795425667090216 0.04701397712833545 0.12960609911054638 0.10419313850063533 0.6912325285895807 
0.0436046511627907 0.13662790697674418 0.31976744186046513 0.40988372093023256 0.09011627906976744 
0.04 0.6373333333333333 0.096 0.12266666666666666 0.104 
0.09259259259259259 0.09259259259259259 0.15432098765432098 0.4876543209876543 0.1728395061728395 
0.6240760295670539 0.06969376979936642 0.01900739176346357 0.0665258711721225 0.22069693769799367 
0.07885304659498207 0.0967741935483871 0.07885304659498207 0.07526881720430108 0.6702508960573477 
0.43775100401606426 0.07028112449799197 0.09437751004016064 0.10240963855421686 0.29518072289156627 
0.08835341365461848 0.4036144578313253 0.1606425702811245 0.11244979919678715 0.23493975903614459 
0.03359683794466403 0.66600790513834 0.045454545454545456 0.0691699604743083 0.1857707509881423 
0.032663316582914576 0.2675879396984925 0.06407035175879397 0.4585427135678392 0.1771356783919598 
0.08896797153024912 0.10142348754448399 0.27402135231316727 0.47153024911032027 0.06405693950177936 
0.05223880597014925 0.1044776119402985 0.2947761194029851 0.373134328358209 0.17537313432835822 
0.014742014742014743 0.7723177723177723 0.044226044226044224 0.1416871416871417 0.02702702702702703 
0.04712041884816754 0.1256544502617801 0.07591623036649214 0.6020942408376964 0.14921465968586387 
0.0849740932642487 0.3170984455958549 0.12797927461139896 0.28911917098445594 0.18082901554404146 
0.05476673427991886 0.6348884381338742 0.10953346855983773 0.07707910750507099 0.12373225152129817 
0.04092071611253197 0.0792838874680307 0.4833759590792839 0.14066496163682865 0.2557544757033248 
0.7761506276150628 0.03765690376569038 0.03347280334728033 0.04079497907949791 0.11192468619246862 
0.02460456942003515 0.7908611599297012 0.04745166959578207 0.07381370826010544 0.0632688927943761 
0.046218487394957986 0.10714285714285714 0.03991596638655462 0.7457983193277311 0.06092436974789916 
0.10204081632653061 0.5306122448979592 0.1326530612244898 0.11224489795918367 0.12244897959183673 
0.018145161290322582 0.04233870967741935 0.5967741935483871 0.2590725806451613 0.08366935483870967 
0.08633093525179857 0.07553956834532374 0.4460431654676259 0.27697841726618705 0.11510791366906475 
0.7387247278382582 0.04354587869362364 0.04665629860031104 0.06376360808709176 0.10730948678071539 
0.0784313725490196 0.6013071895424836 0.0718954248366013 0.16993464052287582 0.0784313725490196 
0.10784313725490197 0.5784313725490197 0.10784313725490197 0.10784313725490197 0.09803921568627451 
0.042704626334519574 0.12455516014234876 0.708185053380783 0.07829181494661921 0.046263345195729534 
0.09154929577464789 0.47183098591549294 0.1267605633802817 0.19718309859154928 0.11267605633802817 
0.011686143572621035 0.27295492487479134 0.6911519198664441 0.01335559265442404 0.010851419031719533 
0.025 0.6464285714285715 0.08571428571428572 0.09821428571428571 0.14464285714285716 
0.1696969696969697 0.09696969696969697 0.4484848484848485 0.1393939393939394 0.14545454545454545 
0.7719298245614035 0.042105263157894736 0.08421052631578947 0.0456140350877193 0.056140350877192984 
0.12558139534883722 0.06046511627906977 0.12790697674418605 0.09302325581395349 0.5930232558139535 
0.044 0.052 0.28 0.5 0.124 
0.1 0.56 0.12 0.12 0.1 
0.3046683046683047 0.2334152334152334 0.06633906633906633 0.10810810810810811 0.28746928746928746 
0.07964601769911504 0.5088495575221239 0.09292035398230089 0.1504424778761062 0.168141592920354 
0.7194719471947195 0.056105610561056105 0.09900990099009901 0.07920792079207921 0.0462046204620462 
0.11158798283261803 0.3969957081545064 0.14163090128755365 0.24678111587982832 0.10300429184549356 
0.74 0.06333333333333334 0.06666666666666667 0.05 0.08 
0.10585585585585586 0.11261261261261261 0.22522522522522523 0.26126126126126126 0.29504504504504503 
0.015439429928741092 0.047505938242280284 0.04631828978622328 0.060570071258907364 0.830166270783848 
0.029850746268656716 0.0945273631840796 0.05223880597014925 0.7661691542288557 0.05721393034825871 
0.0641025641025641 0.05982905982905983 0.2564102564102564 0.09401709401709402 0.5256410256410257 
0.08035714285714286 0.6428571428571429 0.12053571428571429 0.05803571428571429 0.09821428571428571 
0.065 0.77 0.055 0.055 0.055 
0.04980842911877394 0.06130268199233716 0.20306513409961685 0.5478927203065134 0.13793103448275862 
0.2477291494632535 0.3988439306358382 0.04872006606110652 0.11643270024772914 0.18827415359207267 
0.4267241379310345 0.125 0.08620689655172414 0.17672413793103448 0.1853448275862069 
0.03588516746411483 0.41148325358851673 0.39473684210526316 0.11722488038277512 0.04066985645933014 
0.051347881899871634 0.0821566110397946 0.3080872913992298 0.4749679075738126 0.0834403080872914 
0.7408637873754153 0.03986710963455149 0.09634551495016612 0.07641196013289037 0.046511627906976744 
0.017595307917888565 0.3489736070381232 0.045454545454545456 0.5586510263929618 0.02932551319648094 
0.18076109936575052 0.2452431289640592 0.03488372093023256 0.5126849894291755 0.026427061310782242 
0.0351219512195122 0.09658536585365854 0.08780487804878048 0.5863414634146341 0.19414634146341464 
0.7872340425531915 0.04609929078014184 0.07092198581560284 0.06028368794326241 0.03546099290780142 
0.8671978751660027 0.034528552456839307 0.0398406374501992 0.041168658698539175 0.017264276228419653 
0.03142857142857143 0.6142857142857143 0.041428571428571426 0.047142857142857146 0.26571428571428574 
0.09917355371900827 0.5950413223140496 0.09917355371900827 0.11570247933884298 0.09090909090909091 
0.05420054200542006 0.5609756097560976 0.0948509485094851 0.15989159891598917 0.13008130081300814 
0.02342606149341142 0.06588579795021962 0.8125915080527086 0.0527086383601757 0.04538799414348463 
0.8464163822525598 0.04436860068259386 0.03754266211604096 0.034129692832764506 0.03754266211604096 
0.0326975476839237 0.05449591280653951 0.19618528610354224 0.2125340599455041 0.5040871934604905 
0.04744525547445255 0.10218978102189781 0.4781021897810219 0.291970802919708 0.08029197080291971 
0.020955574182732608 0.27242246437552387 0.680637049455155 0.01592623637887678 0.010058675607711651 
0.012070566388115135 0.83008356545961 0.04271123491179202 0.08449396471680594 0.03064066852367688 
0.05128205128205128 0.8358974358974359 0.035897435897435895 0.04358974358974359 0.03333333333333333 
0.034722222222222224 0.7986111111111112 0.06597222222222222 0.0625 0.03819444444444445 
0.02564102564102564 0.6962524654832347 0.04339250493096647 0.05719921104536489 0.17751479289940827 
0.026565464895635674 0.13851992409867173 0.3036053130929791 0.4686907020872865 0.06261859582542695 
0.04481132075471698 0.04245283018867924 0.5212264150943396 0.24764150943396226 0.14386792452830188 
0.08441558441558442 0.11688311688311688 0.38961038961038963 0.2727272727272727 0.13636363636363635 
0.04308390022675737 0.04081632653061224 0.1307634164777022 0.08314436885865457 0.7021919879062736 
0.029850746268656716 0.28507462686567164 0.0626865671641791 0.050746268656716415 0.5716417910447761 
0.04013104013104013 0.13431613431613432 0.13923013923013924 0.14905814905814907 0.5372645372645373 
0.019083969465648856 0.030534351145038167 0.09923664122137404 0.8244274809160306 0.026717557251908396 
0.05235602094240838 0.7539267015706806 0.06282722513089005 0.07853403141361257 0.05235602094240838 
0.4275618374558304 0.08480565371024736 0.11307420494699646 0.07773851590106007 0.2968197879858657 
0.825 0.040625 0.040625 0.046875 0.046875 
0.010998307952622674 0.2732656514382403 0.6852791878172588 0.017766497461928935 0.012690355329949238 
0.03558718861209965 0.1103202846975089 0.7224199288256228 0.09252669039145907 0.03914590747330961 
0.04423963133640553 0.3778801843317972 0.06912442396313365 0.4184331797235023 0.09032258064516129 
0.049019607843137254 0.6740196078431373 0.06862745098039216 0.08088235294117647 0.12745098039215685 
0.05555555555555555 0.10802469135802469 0.2993827160493827 0.4876543209876543 0.04938271604938271 
0.07326007326007326 0.08058608058608059 0.41025641025641024 0.16483516483516483 0.27106227106227104 
0.01018573996405033 0.03235470341521869 0.627920910724985 0.22708208508088676 0.1024565608148592 
0.04316546762589928 0.11510791366906475 0.7014388489208633 0.09352517985611511 0.046762589928057555 
0.14814814814814814 0.37037037037037035 0.14814814814814814 0.19444444444444445 0.1388888888888889 
0.020114942528735632 0.040229885057471264 0.5560344827586207 0.2557471264367816 0.1278735632183908 
0.8048780487804879 0.06620209059233449 0.04529616724738676 0.03832752613240418 0.04529616724738676 
0.0784313725490196 0.5359477124183006 0.1111111111111111 0.1503267973856209 0.12418300653594772 
0.048507462686567165 0.47761194029850745 0.13432835820895522 0.2537313432835821 0.08582089552238806 
0.056022408963585436 0.4677871148459384 0.08123249299719888 0.09803921568627451 0.2969187675070028 
0.04556962025316456 0.5544303797468354 0.0810126582278481 0.189873417721519 0.1291139240506329 
0.020446096654275093 0.04275092936802974 0.08736059479553904 0.8141263940520446 0.03531598513011153 
0.046753246753246755 0.08051948051948052 0.5038961038961038 0.18961038961038962 0.17922077922077922 
0.036231884057971016 0.8115942028985508 0.050724637681159424 0.057971014492753624 0.043478260869565216 
0.028846153846153848 0.7903846153846154 0.03653846153846154 0.09230769230769231 0.051923076923076926 
0.058823529411764705 0.7692307692307693 0.06787330316742081 0.058823529411764705 0.04524886877828054 
0.037089871611982884 0.047075606276747506 0.29243937232524964 0.5306704707560628 0.09272467902995721 
0.04417670682730924 0.6546184738955824 0.06827309236947791 0.1566265060240964 0.07630522088353414 
0.29723502304147464 0.18433179723502305 0.2073732718894009 0.10138248847926268 0.20967741935483872 
0.07488986784140969 0.07048458149779736 0.4052863436123348 0.30837004405286345 0.14096916299559473 
0.7491289198606271 0.03832752613240418 0.05226480836236934 0.06620209059233449 0.09407665505226481 
0.03464203233256351 0.76905311778291 0.06004618937644342 0.08775981524249422 0.04849884526558892 
0.03690036900369004 0.1033210332103321 0.07380073800738007 0.7416974169741697 0.04428044280442804 
0.027624309392265192 0.5469613259668509 0.10220994475138122 0.2430939226519337 0.08011049723756906 
0.14173228346456693 0.1968503937007874 0.25196850393700787 0.2677165354330709 0.14173228346456693 
0.23863636363636365 0.20075757575757575 0.13257575757575757 0.22727272727272727 0.20075757575757575 
0.13366336633663367 0.07425742574257425 0.18316831683168316 0.12376237623762376 0.48514851485148514 
0.8206896551724138 0.041379310344827586 0.06206896551724138 0.034482758620689655 0.041379310344827586 
0.016483516483516484 0.8406593406593407 0.02197802197802198 0.04945054945054945 0.07142857142857142 
0.028499050031665613 0.6200126662444585 0.09879670677644078 0.12286257124762508 0.12982900569981 
0.04409857328145266 0.1880674448767834 0.14785992217898833 0.383916990920882 0.23605706874189364 
0.3475609756097561 0.35365853658536583 0.06707317073170732 0.10365853658536585 0.12804878048780488 
