0.15273775216138327 0.5821325648414986 0.09798270893371758 0.069164265129683 0.09798270893371758 
0.06611570247933884 0.026859504132231406 0.11570247933884298 0.6921487603305785 0.09917355371900827 
0.14668153931957614 0.03680981595092025 0.21974344673731178 0.2275515895147797 0.36921360847741214 
0.05813953488372093 0.019933554817275746 0.023255813953488372 0.04983388704318937 0.8488372093023255 
0.17391304347826086 0.11231884057971014 0.15217391304347827 0.17391304347826086 0.38768115942028986 
0.051587301587301584 0.7777777777777778 0.051587301587301584 0.06746031746031746 0.051587301587301584 
0.12607944732297063 0.6476683937823834 0.08808290155440414 0.09326424870466321 0.044905008635578586 
0.21485411140583555 0.3209549071618037 0.22015915119363394 0.07427055702917772 0.16976127320954906 
0.05454545454545454 0.019696969696969695 0.04393939393939394 0.7984848484848485 0.08333333333333333 
0.22527472527472528 0.17582417582417584 0.15384615384615385 0.13186813186813187 0.3131868131868132 
0.09770114942528736 0.08045977011494253 0.09195402298850575 0.09195402298850575 0.6379310344827587 
0.09947643979057591 0.07329842931937172 0.18848167539267016 0.4293193717277487 0.2094240837696335 
0.21766561514195584 0.2302839116719243 0.25236593059936907 0.11041009463722397 0.1892744479495268 
0.10344827586206896 0.04482758620689655 0.07241379310344828 0.04482758620689655 0.7344827586206897 
0.4088541666666667 0.052083333333333336 0.08072916666666667 0.13541666666666666 0.3229166666666667 
0.06918238993710692 0.07547169811320754 0.0880503144654088 0.11320754716981132 0.6540880503144654 
0.6792873051224945 0.043429844097995544 0.09242761692650334 0.11247216035634744 0.07238307349665925 
0.13268608414239483 0.08090614886731391 0.24271844660194175 0.5048543689320388 0.038834951456310676 
0.040160642570281124 0.7429718875502008 0.12048192771084337 0.05220883534136546 0.04417670682730924 
0.20437956204379562 0.145985401459854 0.11678832116788321 0.38686131386861317 0.145985401459854 
0.14648729446935724 0.0343796711509716 0.4633781763826607 0.23467862481315396 0.1210762331838565 
0.12292051756007394 0.036968576709796676 0.55637707948244 0.11275415896487985 0.1709796672828096 
0.07407407407407407 0.018518518518518517 0.050505050505050504 0.8131313131313131 0.04377104377104377 
0.05620608899297424 0.03044496487119438 0.0351288056206089 0.0234192037470726 0.8548009367681498 
0.18251928020565553 0.43958868894601544 0.23136246786632392 0.08997429305912596 0.056555269922879174 
0.2756756756756757 0.16756756756756758 0.15675675675675677 0.06486486486486487 0.33513513513513515 
0.1699248120300752 0.045112781954887216 0.5428571428571428 0.10827067669172932 0.13383458646616542 
0.21978021978021978 0.41208791208791207 0.1813186813186813 0.09340659340659341 0.09340659340659341 
0.23776223776223776 0.32867132867132864 0.11538461538461539 0.2062937062937063 0.11188811188811189 
0.25176470588235295 0.08 0.12470588235294118 0.4611764705882353 0.08235294117647059 
0.06332842415316642 0.026509572901325478 0.1958762886597938 0.041237113402061855 0.6730486008836525 
0.4776536312849162 0.03910614525139665 0.10893854748603352 0.11452513966480447 0.25977653631284914 
0.07446808510638298 0.03900709219858156 0.0851063829787234 0.3120567375886525 0.48936170212765956 
0.12993039443155452 0.048723897911832945 0.10904872389791183 0.5846867749419954 0.12761020881670534 
0.31338028169014087 0.24295774647887325 0.22887323943661972 0.13732394366197184 0.07746478873239436 
0.21350762527233116 0.16775599128540306 0.35294117647058826 0.1830065359477124 0.08278867102396514 
0.16472868217054262 0.5930232558139535 0.1124031007751938 0.050387596899224806 0.07945736434108527 
0.044964028776978415 0.02697841726618705 0.052158273381294966 0.05755395683453238 0.8183453237410072 
0.283763277693475 0.042488619119878605 0.4552352048558422 0.16236722306525037 0.05614567526555387 
0.06179775280898876 0.06179775280898876 0.10674157303370786 0.46629213483146065 0.30337078651685395 
0.5209790209790209 0.0944055944055944 0.08041958041958042 0.21328671328671328 0.09090909090909091 
0.17553191489361702 0.06382978723404255 0.425531914893617 0.23404255319148937 0.10106382978723404 
0.04893617021276596 0.02553191489361702 0.11914893617021277 0.7 0.10638297872340426 
0.5063613231552163 0.04580152671755725 0.11704834605597965 0.07124681933842239 0.2595419847328244 
0.06470588235294118 0.08235294117647059 0.10588235294117647 0.08823529411764706 0.6588235294117647 
0.49441340782122906 0.04748603351955307 0.09217877094972067 0.11452513966480447 0.25139664804469275 
0.044715447154471545 0.7723577235772358 0.06097560975609756 0.06504065040650407 0.056910569105691054 
0.05120481927710843 0.04216867469879518 0.7966867469879518 0.09036144578313253 0.01957831325301205 
0.08796296296296297 0.32407407407407407 0.0787037037037037 0.11574074074074074 0.39351851851851855 
0.4082125603864734 0.03864734299516908 0.10144927536231885 0.13526570048309178 0.3164251207729469 
0.09159347553324969 0.07026348808030113 0.17189460476787954 0.5984943538268507 0.06775407779171895 
0.0625 0.06818181818181818 0.10227272727272728 0.11363636363636363 0.6534090909090909 
0.05 0.039285714285714285 0.05 0.04642857142857143 0.8142857142857143 
0.09169054441260745 0.05157593123209169 0.05157593123209169 0.11174785100286533 0.6934097421203438 
0.11851851851851852 0.06296296296296296 0.1037037037037037 0.5888888888888889 0.1259259259259259 
0.13513513513513514 0.11486486486486487 0.16216216216216217 0.2702702702702703 0.31756756756756754 
0.07849829351535836 0.03526734926052332 0.7849829351535836 0.026166097838452786 0.07508532423208192 
0.10090361445783133 0.046686746987951805 0.6596385542168675 0.09939759036144578 0.09337349397590361 
0.075 0.7535714285714286 0.04642857142857143 0.05 0.075 
0.22693266832917705 0.05486284289276808 0.09476309226932668 0.1546134663341646 0.4688279301745636 
0.05276705276705277 0.02059202059202059 0.0489060489060489 0.03474903474903475 0.842985842985843 
0.15463917525773196 0.14432989690721648 0.13402061855670103 0.30927835051546393 0.25773195876288657 
0.13829787234042554 0.1276595744680851 0.11702127659574468 0.11702127659574468 0.5 
0.08108108108108109 0.7683397683397684 0.05019305019305019 0.05405405405405406 0.04633204633204633 
0.5636942675159236 0.04777070063694268 0.12420382165605096 0.2229299363057325 0.041401273885350316 
0.0625 0.7867647058823529 0.0661764705882353 0.04411764705882353 0.04044117647058824 
0.15673289183222958 0.08830022075055188 0.07505518763796909 0.10154525386313466 0.5783664459161147 
0.05576923076923077 0.03653846153846154 0.2903846153846154 0.5153846153846153 0.10192307692307692 
0.14153132250580047 0.048723897911832945 0.1740139211136891 0.10208816705336426 0.5336426914153132 
0.11155378486055777 0.08366533864541832 0.099601593625498 0.20717131474103587 0.49800796812749004 
0.28413284132841327 0.07749077490774908 0.36162361623616235 0.12546125461254612 0.15129151291512916 
0.12025316455696203 0.44936708860759494 0.17088607594936708 0.12974683544303797 0.12974683544303797 
0.10357142857142858 0.06785714285714285 0.48928571428571427 0.28214285714285714 0.05714285714285714 
0.049107142857142856 0.026785714285714284 0.25892857142857145 0.546875 0.11830357142857142 
0.05384615384615385 0.035897435897435895 0.041025641025641026 0.04358974358974359 0.8256410256410256 
0.2951388888888889 0.04513888888888889 0.0798611111111111 0.4861111111111111 0.09375 
0.032214765100671144 0.020134228187919462 0.1221476510067114 0.785234899328859 0.040268456375838924 
0.14545454545454545 0.12121212121212122 0.12727272727272726 0.509090909090909 0.09696969696969697 
0.046511627906976744 0.040697674418604654 0.17635658914728683 0.4903100775193798 0.24612403100775193 
0.06697459584295612 0.025404157043879907 0.8198614318706697 0.04387990762124711 0.04387990762124711 
0.05676126878130217 0.021702838063439065 0.0667779632721202 0.8013355592654424 0.05342237061769616 
0.08896797153024912 0.38434163701067614 0.046263345195729534 0.046263345195729534 0.43416370106761565 
0.29191321499013806 0.03944773175542406 0.1341222879684418 0.388560157790927 0.14595660749506903 
0.043151969981238276 0.0225140712945591 0.06566604127579738 0.7392120075046904 0.1294559099437148 
0.07883817427385892 0.04979253112033195 0.058091286307053944 0.12033195020746888 0.6929460580912863 
0.10889774236387782 0.034528552456839307 0.06640106241699867 0.6347941567065073 0.1553784860557769 
0.19375 0.090625 0.084375 0.1046875 0.5265625 
0.04239401496259352 0.02119700748129676 0.12718204488778054 0.7755610972568578 0.03366583541147132 
0.1833508956796628 0.08640674394099052 0.136986301369863 0.5216016859852476 0.07165437302423604 
0.14444444444444443 0.6266666666666667 0.08555555555555555 0.043333333333333335 0.1 
0.3508771929824561 0.040100250626566414 0.07769423558897243 0.08521303258145363 0.44611528822055135 
0.05591054313099041 0.03354632587859425 0.07507987220447285 0.3817891373801917 0.4536741214057508 
0.0756578947368421 0.02138157894736842 0.024671052631578948 0.05098684210526316 0.8273026315789473 
0.5340050377833753 0.055415617128463476 0.10327455919395466 0.05289672544080604 0.25440806045340053 
0.3317107093184979 0.019471488178025034 0.056328233657858134 0.13421418636995827 0.45827538247566063 
0.21611721611721613 0.054945054945054944 0.15384615384615385 0.11355311355311355 0.46153846153846156 
0.03419516263552961 0.0158465387823186 0.05587989991659716 0.8640533778148457 0.030025020850708923 
0.05905511811023622 0.03346456692913386 0.281496062992126 0.5511811023622047 0.07480314960629922 
0.04482758620689655 0.7068965517241379 0.14482758620689656 0.05172413793103448 0.05172413793103448 
0.05485232067510549 0.014767932489451477 0.6835443037974683 0.17827004219409281 0.06856540084388185 
0.11751662971175167 0.03991130820399113 0.09977827050997783 0.549889135254989 0.19290465631929046 
0.19739696312364424 0.039045553145336226 0.12147505422993492 0.0824295010845987 0.559652928416486 
0.23515439429928742 0.0855106888361045 0.332541567695962 0.21140142517814728 0.13539192399049882 
0.26034063260340634 0.04866180048661801 0.3722627737226277 0.20924574209245742 0.10948905109489052 
0.585603112840467 0.02529182879377432 0.09922178988326848 0.05252918287937743 0.23735408560311283 
0.08974358974358974 0.029914529914529916 0.7407407407407407 0.10398860398860399 0.03561253561253561 
0.19294117647058823 0.09411764705882353 0.6 0.07058823529411765 0.042352941176470586 
0.07541478129713423 0.05279034690799397 0.5098039215686274 0.33634992458521873 0.02564102564102564 
0.19572953736654805 0.08896797153024912 0.12811387900355872 0.20284697508896798 0.38434163701067614 
0.19144981412639406 0.021065675340768277 0.1821561338289963 0.14374225526641884 0.46158612143742256 
0.053003533568904596 0.7632508833922261 0.038869257950530034 0.10247349823321555 0.04240282685512368 
0.12574850299401197 0.07784431137724551 0.0658682634730539 0.0718562874251497 0.6586826347305389 
0.4430051813471503 0.08031088082901554 0.13212435233160622 0.24093264248704663 0.10362694300518134 
0.06896551724137931 0.04310344827586207 0.0603448275862069 0.09051724137931035 0.7370689655172413 
0.4272300469483568 0.0892018779342723 0.07981220657276995 0.07981220657276995 0.323943661971831 
0.09386281588447654 0.05054151624548736 0.07581227436823104 0.04332129963898917 0.7364620938628159 
0.0821256038647343 0.06763285024154589 0.07729468599033816 0.0821256038647343 0.6908212560386473 
0.06501547987616099 0.04643962848297214 0.21052631578947367 0.6006191950464397 0.07739938080495357 
0.040152963671128104 0.0248565965583174 0.05736137667304015 0.7667304015296367 0.11089866156787763 
0.042440318302387266 0.026525198938992044 0.03978779840848806 0.03713527851458886 0.8541114058355438 
0.18823529411764706 0.24705882352941178 0.18823529411764706 0.21176470588235294 0.16470588235294117 
0.06865671641791045 0.04776119402985075 0.19701492537313434 0.5970149253731343 0.08955223880597014 
0.16049382716049382 0.16049382716049382 0.13580246913580246 0.16049382716049382 0.38271604938271603 
0.08928571428571429 0.05357142857142857 0.049107142857142856 0.14732142857142858 0.6607142857142857 
0.05670103092783505 0.05670103092783505 0.08762886597938144 0.12886597938144329 0.6701030927835051 
0.029411764705882353 0.012605042016806723 0.04873949579831933 0.8823529411764706 0.02689075630252101 
0.11764705882352941 0.14285714285714285 0.5210084033613446 0.10084033613445378 0.11764705882352941 
0.07611940298507462 0.019402985074626865 0.06119402985074627 0.6895522388059702 0.1537313432835821 
0.07575757575757576 0.7310606060606061 0.041666666666666664 0.0946969696969697 0.056818181818181816 
0.0603448275862069 0.032327586206896554 0.034482758620689655 0.032327586206896554 0.8405172413793104 
0.06118143459915612 0.03164556962025317 0.11814345991561181 0.5569620253164557 0.2320675105485232 
0.45403899721448465 0.036211699164345405 0.06128133704735376 0.12534818941504178 0.3231197771587744 
0.10344827586206896 0.05747126436781609 0.12643678160919541 0.6408045977011494 0.07183908045977011 
0.14367816091954022 0.10344827586206896 0.10919540229885058 0.39080459770114945 0.25287356321839083 
0.24382716049382716 0.08641975308641975 0.39814814814814814 0.13580246913580246 0.13580246913580246 
0.038910505836575876 0.8132295719844358 0.0622568093385214 0.04669260700389105 0.038910505836575876 
0.33766233766233766 0.17316017316017315 0.17316017316017315 0.12987012987012986 0.18614718614718614 
0.059431524547803614 0.028423772609819122 0.7351421188630491 0.09560723514211886 0.08139534883720931 
0.17261904761904762 0.041666666666666664 0.08035714285714286 0.5595238095238095 0.14583333333333334 
0.10298102981029811 0.04607046070460705 0.10298102981029811 0.06504065040650407 0.6829268292682927 
0.09696969696969697 0.12727272727272726 0.26666666666666666 0.36363636363636365 0.14545454545454545 
0.144960362400906 0.6466591166477916 0.12344280860702152 0.044167610419026046 0.04077010192525481 
0.11851851851851852 0.05185185185185185 0.6888888888888889 0.06296296296296296 0.07777777777777778 
0.11247443762781185 0.4785276073619632 0.25153374233128833 0.1083844580777096 0.049079754601226995 
0.44421906693711966 0.06896551724137931 0.060851926977687626 0.10141987829614604 0.32454361054766734 
0.061224489795918366 0.026530612244897958 0.18775510204081633 0.03877551020408163 0.6857142857142857 
0.05972045743329098 0.045743329097839895 0.42820838627700125 0.2071156289707751 0.25921219822109276 
0.589605734767025 0.03225806451612903 0.06810035842293907 0.24731182795698925 0.06272401433691756 
0.11191335740072202 0.061371841155234655 0.18411552346570398 0.5415162454873647 0.10108303249097472 
0.049265341400172864 0.019878997407087293 0.027657735522904063 0.05445116681071737 0.8487467588591184 
0.07731958762886598 0.04381443298969072 0.22938144329896906 0.5077319587628866 0.14175257731958762 
0.18439337252805987 0.08284339925173703 0.1817210048102619 0.1817210048102619 0.3693212185996793 
0.2653061224489796 0.03877551020408163 0.10612244897959183 0.0673469387755102 0.5224489795918368 
0.22916666666666666 0.06770833333333333 0.140625 0.4869791666666667 0.07552083333333333 
0.0806979280261723 0.7382769901853872 0.1025081788440567 0.030534351145038167 0.04798255179934569 
0.043478260869565216 0.02434782608695652 0.05565217391304348 0.07478260869565218 0.8017391304347826 
0.08649789029535865 0.029535864978902954 0.09915611814345991 0.5928270042194093 0.19198312236286919 
0.14705882352941177 0.10784313725490197 0.09803921568627451 0.12745098039215685 0.5196078431372549 
0.0581039755351682 0.021406727828746176 0.16106014271151886 0.7186544342507645 0.040774719673802244 
0.22569444444444445 0.10069444444444445 0.10416666666666667 0.4027777777777778 0.16666666666666666 
0.14037854889589904 0.7097791798107256 0.07255520504731862 0.04889589905362776 0.028391167192429023 
0.09803921568627451 0.06535947712418301 0.10457516339869281 0.13071895424836602 0.6013071895424836 
0.09433962264150944 0.10377358490566038 0.09433962264150944 0.10377358490566038 0.6037735849056604 
0.04778156996587031 0.03754266211604096 0.5631399317406144 0.1945392491467577 0.15699658703071673 
0.12857142857142856 0.07142857142857142 0.15714285714285714 0.15 0.4928571428571429 
0.9163879598662207 0.00919732441471572 0.010869565217391304 0.013377926421404682 0.05016722408026756 
0.11270125223613596 0.03220035778175313 0.11627906976744186 0.11091234347048301 0.627906976744186 
0.20454545454545456 0.09659090909090909 0.125 0.39204545454545453 0.18181818181818182 
0.05660377358490566 0.7433962264150943 0.06792452830188679 0.07924528301886792 0.052830188679245285 
0.1357142857142857 0.27380952380952384 0.40476190476190477 0.10476190476190476 0.08095238095238096 
0.1417624521072797 0.05747126436781609 0.18007662835249041 0.5363984674329502 0.0842911877394636 
0.10679611650485436 0.10679611650485436 0.0970873786407767 0.11650485436893204 0.5728155339805825 
0.49029126213592233 0.10194174757281553 0.07281553398058252 0.09951456310679611 0.2354368932038835 
0.4232558139534884 0.07441860465116279 0.09767441860465116 0.08372093023255814 0.3209302325581395 
0.04332129963898917 0.6895306859205776 0.061371841155234655 0.1588447653429603 0.04693140794223827 
0.3562231759656652 0.03862660944206009 0.09012875536480687 0.14163090128755365 0.37339055793991416 
0.06545454545454546 0.7090909090909091 0.11272727272727273 0.05818181818181818 0.05454545454545454 
0.3409090909090909 0.11363636363636363 0.16818181818181818 0.28863636363636364 0.08863636363636364 
0.08913308913308914 0.028083028083028084 0.7936507936507936 0.050061050061050064 0.03907203907203907 
0.07948717948717948 0.02564102564102564 0.06923076923076923 0.6820512820512821 0.14358974358974358 
0.075 0.058333333333333334 0.6458333333333334 0.12916666666666668 0.09166666666666666 
0.21739130434782608 0.0782608695652174 0.09565217391304348 0.06086956521739131 0.5478260869565217 
0.17061611374407584 0.05687203791469194 0.061611374407582936 0.061611374407582936 0.6492890995260664 
0.16730038022813687 0.057034220532319393 0.10646387832699619 0.5931558935361216 0.07604562737642585 
0.2183517417162277 0.27102803738317754 0.10535259133389975 0.07731520815632965 0.32795242141036535 
0.21145374449339208 0.3920704845814978 0.16740088105726872 0.08370044052863436 0.14537444933920704 
0.06341463414634146 0.04878048780487805 0.041463414634146344 0.2975609756097561 0.5487804878048781 
0.2166446499339498 0.05548216644649934 0.0977542932628798 0.5667107001321003 0.06340819022457067 
0.053763440860215055 0.6953405017921147 0.05734767025089606 0.14695340501792115 0.04659498207885305 
0.043348281016442454 0.02092675635276532 0.07473841554559044 0.40508221225710017 0.45590433482810166 
0.05477980665950591 0.24597207303974222 0.05477980665950591 0.32116004296455425 0.3233082706766917 
0.08268482490272373 0.047665369649805445 0.5573929961089494 0.19552529182879377 0.11673151750972763 
0.05078125 0.74609375 0.05078125 0.09765625 0.0546875 
0.0953757225433526 0.7875722543352601 0.0476878612716763 0.04046242774566474 0.028901734104046242 
0.055964653902798235 0.035346097201767304 0.187039764359352 0.044182621502209134 0.6774668630338734 
0.10483870967741936 0.08870967741935484 0.08064516129032258 0.11290322580645161 0.6129032258064516 
0.116991643454039 0.04735376044568245 0.17270194986072424 0.11142061281337047 0.5515320334261838 
0.07418397626112759 0.016320474777448073 0.057863501483679525 0.7151335311572701 0.13649851632047477 
0.048507462686567165 0.8171641791044776 0.04477611940298507 0.04477611940298507 0.04477611940298507 
0.12359550561797752 0.047752808988764044 0.5252808988764045 0.25842696629213485 0.0449438202247191 
0.06273062730627306 0.04797047970479705 0.13284132841328414 0.6494464944649446 0.1070110701107011 
0.8890742285237698 0.010842368640533779 0.01751459549624687 0.011676396997497914 0.07089241034195162 
0.043560606060606064 0.023674242424242424 0.03787878787878788 0.0634469696969697 0.8314393939393939 
0.05665024630541872 0.03694581280788178 0.034482758620689655 0.029556650246305417 0.8423645320197044 
0.06896551724137931 0.041379310344827586 0.041379310344827586 0.06206896551724138 0.7862068965517242 
0.07346938775510205 0.0326530612244898 0.16326530612244897 0.03877551020408163 0.6918367346938775 
0.35384615384615387 0.026923076923076925 0.05 0.45384615384615384 0.11538461538461539 
0.07579462102689487 0.05867970660146699 0.26405867970660146 0.5476772616136919 0.05378973105134474 
0.12179487179487179 0.10256410256410256 0.15384615384615385 0.46794871794871795 0.15384615384615385 
0.09418070444104135 0.03522205206738132 0.7618683001531393 0.07197549770290965 0.036753445635528334 
0.5362962962962963 0.03259259259259259 0.11703703703703704 0.044444444444444446 0.2696296296296296 
0.42165709598031176 0.045118949958982774 0.26251025430680885 0.1509433962264151 0.11977030352748154 
0.04222648752399232 0.028790786948176585 0.0345489443378119 0.8406909788867563 0.053742802303262956 
0.09375 0.06770833333333333 0.0625 0.06770833333333333 0.7083333333333334 
0.25190839694656486 0.37404580152671757 0.18702290076335878 0.08396946564885496 0.10305343511450382 
0.044673539518900345 0.8281786941580757 0.037800687285223365 0.041237113402061855 0.048109965635738834 
0.9064080944350759 0.00927487352445194 0.010961214165261383 0.01770657672849916 0.05564924114671164 
0.05802047781569966 0.04436860068259386 0.5631399317406144 0.18430034129692832 0.15017064846416384 
0.13712686567164178 0.03731343283582089 0.12220149253731344 0.3162313432835821 0.3871268656716418 
0.15942028985507245 0.05555555555555555 0.06280193236714976 0.05314009661835749 0.6690821256038647 
0.290625 0.053125 0.05625 0.4875 0.1125 
0.07326007326007326 0.07326007326007326 0.4981684981684982 0.2783882783882784 0.07692307692307693 
0.06082725060827251 0.016423357664233577 0.12773722627737227 0.7201946472019465 0.07481751824817519 
0.041666666666666664 0.04513888888888889 0.5625 0.19444444444444445 0.15625 
0.19469026548672566 0.11504424778761062 0.11504424778761062 0.19469026548672566 0.3805309734513274 
0.06607929515418502 0.027900146842878122 0.16593245227606462 0.6901615271659325 0.049926578560939794 
0.07575757575757576 0.7689393939393939 0.04924242424242424 0.041666666666666664 0.06439393939393939 
0.0915032679738562 0.0718954248366013 0.08496732026143791 0.12418300653594772 0.6274509803921569 
0.07806691449814127 0.04460966542750929 0.10037174721189591 0.3159851301115242 0.46096654275092935 
0.2215909090909091 0.06534090909090909 0.15625 0.09943181818181818 0.45738636363636365 
0.12698412698412698 0.04497354497354497 0.1349206349206349 0.12169312169312169 0.5714285714285714 
0.05970149253731343 0.03544776119402985 0.03917910447761194 0.8022388059701493 0.06343283582089553 
0.140625 0.046875 0.4895833333333333 0.23958333333333334 0.08333333333333333 
0.061371841155234655 0.036101083032490974 0.039711191335740074 0.05054151624548736 0.8122743682310469 
0.04716981132075472 0.024528301886792454 0.03207547169811321 0.07547169811320754 0.8207547169811321 
0.0851063829787234 0.04680851063829787 0.05106382978723404 0.059574468085106386 0.7574468085106383 
0.07244318181818182 0.041193181818181816 0.12642045454545456 0.7017045454545454 0.05823863636363636 
0.1087866108786611 0.0502092050209205 0.06694560669456066 0.06694560669456066 0.7071129707112971 
0.29128440366972475 0.1628440366972477 0.2706422018348624 0.1720183486238532 0.10321100917431193 
0.1145374449339207 0.08370044052863436 0.24669603524229075 0.4889867841409692 0.06607929515418502 
0.03759398496240601 0.7105263157894737 0.14285714285714285 0.06766917293233082 0.041353383458646614 
0.05324074074074074 0.041666666666666664 0.05787037037037037 0.09027777777777778 0.7569444444444444 
0.10227272727272728 0.041666666666666664 0.056818181818181816 0.6742424242424242 0.125 
0.4410112359550562 0.033707865168539325 0.0449438202247191 0.1544943820224719 0.3258426966292135 
0.24 0.152 0.192 0.296 0.12 
0.28735632183908044 0.21839080459770116 0.1724137931034483 0.1532567049808429 0.1685823754789272 
0.16753926701570682 0.13089005235602094 0.5445026178010471 0.09947643979057591 0.05759162303664921 
0.06037735849056604 0.8 0.045283018867924525 0.04150943396226415 0.052830188679245285 
0.04120879120879121 0.023351648351648352 0.046703296703296704 0.03296703296703297 0.8557692307692307 
0.12760416666666666 0.029947916666666668 0.13736979166666666 0.10807291666666667 0.5970052083333334 
0.2994652406417112 0.06951871657754011 0.19518716577540107 0.2700534759358289 0.1657754010695187 
0.4678362573099415 0.11695906432748537 0.11695906432748537 0.11695906432748537 0.18128654970760233 
