0.5515320334261838 0.09192200557103064 0.07520891364902507 0.12534818941504178 0.15598885793871867 
0.03319502074688797 0.0912863070539419 0.3817427385892116 0.3775933609958506 0.11618257261410789 
0.028898582333696837 0.3004362050163577 0.14285714285714285 0.1826608505997819 0.3451472191930207 
0.018211920529801324 0.8576158940397351 0.03642384105960265 0.052980132450331126 0.0347682119205298 
0.09225092250922509 0.2066420664206642 0.11808118081180811 0.15498154981549817 0.4280442804428044 
0.8050541516245487 0.039711191335740074 0.04693140794223827 0.061371841155234655 0.04693140794223827 
0.5542372881355933 0.05593220338983051 0.08305084745762711 0.07796610169491526 0.2288135593220339 
0.35384615384615387 0.18974358974358974 0.09487179487179487 0.06923076923076923 0.2923076923076923 
0.02575107296137339 0.06294706723891273 0.8154506437768241 0.06866952789699571 0.027181688125894134 
0.1695906432748538 0.3567251461988304 0.09941520467836257 0.11695906432748537 0.2573099415204678 
0.058823529411764705 0.7 0.06470588235294118 0.1 0.07647058823529412 
0.08287292817679558 0.09944751381215469 0.2430939226519337 0.35911602209944754 0.2154696132596685 
0.2604501607717042 0.1639871382636656 0.10610932475884244 0.12218649517684887 0.34726688102893893 
0.06428571428571428 0.6821428571428572 0.11428571428571428 0.05 0.08928571428571429 
0.031007751937984496 0.37467700258397935 0.09043927648578812 0.08010335917312661 0.42377260981912146 
0.0759493670886076 0.6329113924050633 0.0949367088607595 0.12658227848101267 0.06962025316455696 
0.42214912280701755 0.08333333333333333 0.16228070175438597 0.2225877192982456 0.10964912280701754 
0.07006369426751592 0.08917197452229299 0.3089171974522293 0.321656050955414 0.21019108280254778 
0.7854545454545454 0.04727272727272727 0.04 0.04363636363636364 0.08363636363636363 
0.14814814814814814 0.11851851851851852 0.2814814814814815 0.34074074074074073 0.1111111111111111 
0.03143712574850299 0.09431137724550898 0.08832335329341318 0.25748502994011974 0.5284431137724551 
0.021004566210045664 0.1461187214611872 0.0958904109589041 0.1232876712328767 0.6136986301369863 
0.018456375838926176 0.06040268456375839 0.8120805369127517 0.06543624161073826 0.0436241610738255 
0.03855421686746988 0.8771084337349397 0.02650602409638554 0.03132530120481928 0.02650602409638554 
0.49624060150375937 0.08270676691729323 0.11027568922305764 0.06516290726817042 0.24561403508771928 
0.19786096256684493 0.39037433155080214 0.1497326203208556 0.0855614973262032 0.17647058823529413 
0.031746031746031744 0.08946608946608947 0.08802308802308802 0.15584415584415584 0.6349206349206349 
0.3756345177664975 0.13705583756345177 0.1218274111675127 0.15736040609137056 0.20812182741116753 
0.3710247349823322 0.11307420494699646 0.26501766784452296 0.13780918727915195 0.11307420494699646 
0.07276995305164319 0.12441314553990611 0.2887323943661972 0.2652582159624413 0.24882629107981222 
0.024285714285714285 0.6485714285714286 0.03857142857142857 0.041428571428571426 0.24714285714285714 
0.0326975476839237 0.4032697547683924 0.11716621253405994 0.11989100817438691 0.32697547683923706 
0.03900709219858156 0.45390070921985815 0.09929078014184398 0.3120567375886525 0.09574468085106383 
0.0334075723830735 0.14699331848552338 0.1291759465478842 0.6035634743875279 0.08685968819599109 
0.2611683848797251 0.09965635738831616 0.16494845360824742 0.1958762886597938 0.27835051546391754 
0.08421052631578947 0.06736842105263158 0.3494736842105263 0.1957894736842105 0.3031578947368421 
0.6660447761194029 0.06716417910447761 0.07462686567164178 0.06343283582089553 0.1287313432835821 
0.025547445255474453 0.7518248175182481 0.0364963503649635 0.14416058394160583 0.041970802919708027 
0.058823529411764705 0.043740573152337855 0.11161387631975868 0.248868778280543 0.5369532428355958 
0.08187134502923976 0.1871345029239766 0.08187134502923976 0.5321637426900585 0.11695906432748537 
0.10175438596491228 0.1368421052631579 0.11578947368421053 0.543859649122807 0.10175438596491228 
0.06770833333333333 0.09895833333333333 0.19270833333333334 0.19270833333333334 0.4479166666666667 
0.029227557411273485 0.07933194154488518 0.060542797494780795 0.7703549060542797 0.060542797494780795 
0.235 0.3225 0.08 0.145 0.2175 
0.06832298136645963 0.6521739130434783 0.062111801242236024 0.09316770186335403 0.12422360248447205 
0.03551912568306011 0.39617486338797814 0.13114754098360656 0.1092896174863388 0.32786885245901637 
0.8 0.04814814814814815 0.05185185185185185 0.04814814814814815 0.05185185185185185 
0.024390243902439025 0.04878048780487805 0.13055954088952654 0.08464849354375897 0.7116212338593975 
0.35319148936170214 0.3702127659574468 0.10638297872340426 0.09361702127659574 0.07659574468085106 
0.02877697841726619 0.35731414868105515 0.11510791366906475 0.08633093525179857 0.41247002398081534 
0.06725888324873096 0.06091370558375635 0.4543147208121827 0.282994923857868 0.13451776649746192 
0.06857142857142857 0.5485714285714286 0.10857142857142857 0.21142857142857144 0.06285714285714286 
0.04316546762589928 0.8165467625899281 0.046762589928057555 0.0539568345323741 0.039568345323741004 
0.05621301775147929 0.7218934911242604 0.0650887573964497 0.10355029585798817 0.05325443786982249 
0.055970149253731345 0.09328358208955224 0.22388059701492538 0.5111940298507462 0.11567164179104478 
0.11486486486486487 0.17567567567567569 0.18243243243243243 0.3918918918918919 0.13513513513513514 
0.017857142857142856 0.06473214285714286 0.04352678571428571 0.022321428571428572 0.8515625 
0.025796661608497723 0.06980273141122914 0.15326251896813353 0.11836115326251896 0.6327769347496206 
0.7598684210526315 0.05921052631578947 0.0625 0.07236842105263158 0.046052631578947366 
0.0707070707070707 0.5782828282828283 0.09090909090909091 0.13131313131313133 0.12878787878787878 
0.016476552598225603 0.8377693282636248 0.024081115335868188 0.036755386565272496 0.08491761723700887 
0.14285714285714285 0.21428571428571427 0.2857142857142857 0.21428571428571427 0.14285714285714285 
0.13333333333333333 0.4888888888888889 0.13333333333333333 0.12222222222222222 0.12222222222222222 
0.8083623693379791 0.06620209059233449 0.04529616724738676 0.041811846689895474 0.03832752613240418 
0.12297734627831715 0.05177993527508091 0.1650485436893204 0.5792880258899676 0.08090614886731391 
0.8006644518272426 0.053156146179401995 0.06312292358803986 0.03986710963455149 0.04318936877076412 
0.07112068965517242 0.6206896551724138 0.07327586206896551 0.07112068965517242 0.16379310344827586 
0.03294573643410853 0.046511627906976744 0.5174418604651163 0.3313953488372093 0.07170542635658915 
0.047058823529411764 0.5411764705882353 0.11294117647058824 0.14823529411764705 0.15058823529411763 
0.076 0.54 0.104 0.188 0.092 
0.055350553505535055 0.17712177121771217 0.13653136531365315 0.1033210332103321 0.5276752767527675 
0.5094339622641509 0.09748427672955975 0.07861635220125786 0.16037735849056603 0.1540880503144654 
0.040293040293040296 0.0695970695970696 0.6446886446886447 0.13553113553113552 0.10989010989010989 
0.033185840707964605 0.05088495575221239 0.5862831858407079 0.23893805309734514 0.09070796460176991 
0.03076923076923077 0.841025641025641 0.04358974358974359 0.04871794871794872 0.035897435897435895 
0.05442176870748299 0.11904761904761904 0.1360544217687075 0.6496598639455783 0.04081632653061224 
0.01634877384196185 0.025885558583106268 0.723433242506812 0.14168937329700274 0.09264305177111716 
0.07741935483870968 0.13548387096774195 0.21935483870967742 0.41935483870967744 0.14838709677419354 
0.04150943396226415 0.1792452830188679 0.052830188679245285 0.5924528301886792 0.1339622641509434 
0.028634361233480177 0.037444933920704845 0.05947136563876652 0.037444933920704845 0.8370044052863436 
0.023255813953488372 0.044850498338870434 0.8305647840531561 0.06312292358803986 0.03820598006644518 
0.47079037800687284 0.35738831615120276 0.058419243986254296 0.048109965635738834 0.06529209621993128 
0.05030181086519115 0.11468812877263582 0.19517102615694165 0.4788732394366197 0.16096579476861167 
0.021032504780114723 0.08030592734225621 0.045889101338432124 0.8126195028680688 0.040152963671128104 
0.05220883534136546 0.6867469879518072 0.060240963855421686 0.15261044176706828 0.04819277108433735 
0.030183727034120734 0.1141732283464567 0.047244094488188976 0.7572178477690289 0.051181102362204724 
0.1265625 0.5203125 0.06875 0.1828125 0.1015625 
0.015151515151515152 0.02904040404040404 0.7361111111111112 0.12373737373737374 0.09595959595959595 
0.0992835209825998 0.06653019447287616 0.32446264073694986 0.4186284544524053 0.09109518935516889 
0.6168539325842697 0.10898876404494381 0.056179775280898875 0.060674157303370786 0.15730337078651685 
0.050397877984084884 0.583554376657825 0.20689655172413793 0.09018567639257294 0.06896551724137931 
0.02247191011235955 0.3868378812199037 0.030497592295345103 0.5264847512038523 0.033707865168539325 
0.029411764705882353 0.8594771241830066 0.029411764705882353 0.05555555555555555 0.026143790849673203 
0.2236180904522613 0.32914572864321606 0.0678391959798995 0.15326633165829145 0.22613065326633167 
0.013040494166094716 0.5360329444063143 0.24433768016472204 0.12216884008236102 0.08442004118050789 
0.07885304659498207 0.5340501792114696 0.07168458781362007 0.12903225806451613 0.1863799283154122 
0.013266998341625208 0.03150912106135987 0.03067993366500829 0.8880597014925373 0.03648424543946932 
0.03180914512922465 0.05765407554671968 0.2624254473161034 0.3956262425447316 0.2524850894632207 
0.7275641025641025 0.038461538461538464 0.060897435897435896 0.05128205128205128 0.12179487179487179 
0.02433862433862434 0.03597883597883598 0.10793650793650794 0.20952380952380953 0.6222222222222222 
0.03711790393013101 0.15065502183406113 0.06768558951965066 0.6331877729257642 0.11135371179039301 
0.049145299145299144 0.5405982905982906 0.05128205128205128 0.049145299145299144 0.30982905982905984 
0.1261904761904762 0.09047619047619047 0.09285714285714286 0.2619047619047619 0.42857142857142855 
0.04066985645933014 0.14354066985645933 0.07894736842105263 0.26555023923444976 0.47129186602870815 
0.03696498054474708 0.3346303501945525 0.048638132295719845 0.06614785992217899 0.5136186770428015 
0.04160887656033287 0.033287101248266296 0.12343966712898752 0.07766990291262135 0.723994452149792 
0.06621004566210045 0.07990867579908675 0.136986301369863 0.091324200913242 0.6255707762557078 
0.044444444444444446 0.022222222222222223 0.4562962962962963 0.28296296296296297 0.19407407407407407 
0.06115107913669065 0.20503597122302158 0.1366906474820144 0.15467625899280577 0.44244604316546765 
0.02292441140024783 0.4801734820322181 0.12267657992565056 0.14312267657992564 0.23110285006195788 
0.765079365079365 0.04126984126984127 0.06349206349206349 0.08253968253968254 0.047619047619047616 
0.15 0.60625 0.09375 0.06875 0.08125 
0.10643564356435643 0.1311881188118812 0.1311881188118812 0.3069306930693069 0.32425742574257427 
0.05976095617529881 0.7131474103585658 0.06772908366533864 0.10756972111553785 0.05179282868525897 
0.10619469026548672 0.4823008849557522 0.08849557522123894 0.11946902654867257 0.20353982300884957 
0.07806691449814127 0.6951672862453532 0.08178438661710037 0.055762081784386616 0.08921933085501858 
0.07179487179487179 0.7128205128205128 0.07179487179487179 0.07179487179487179 0.07179487179487179 
0.03761755485893417 0.047021943573667714 0.2445141065830721 0.5235109717868338 0.14733542319749215 
0.02529182879377432 0.07587548638132295 0.033073929961089495 0.8249027237354085 0.04085603112840467 
0.03888888888888889 0.8444444444444444 0.03611111111111111 0.044444444444444446 0.03611111111111111 
0.1686746987951807 0.1927710843373494 0.30120481927710846 0.1566265060240964 0.18072289156626506 
0.05454545454545454 0.09393939393939393 0.38484848484848483 0.3151515151515151 0.15151515151515152 
0.13414634146341464 0.3902439024390244 0.17073170731707318 0.17073170731707318 0.13414634146341464 
0.05603448275862069 0.6681034482758621 0.08189655172413793 0.12931034482758622 0.06465517241379311 
0.08376963350785341 0.4869109947643979 0.08376963350785341 0.27225130890052357 0.07329842931937172 
0.010058675607711651 0.03269069572506287 0.028499580888516344 0.9002514668901928 0.028499580888516344 
0.14035087719298245 0.14035087719298245 0.16666666666666666 0.15789473684210525 0.39473684210526316 
0.022388059701492536 0.05223880597014925 0.7477611940298508 0.1044776119402985 0.07313432835820896 
0.7379310344827587 0.06896551724137931 0.05862068965517241 0.0896551724137931 0.04482758620689655 
0.02947845804988662 0.8321995464852607 0.04308390022675737 0.061224489795918366 0.034013605442176874 
0.03991596638655462 0.12605042016806722 0.046218487394957986 0.7163865546218487 0.07142857142857142 
0.03551912568306011 0.5109289617486339 0.12295081967213115 0.25136612021857924 0.07923497267759563 
0.050746268656716415 0.06865671641791045 0.24477611940298508 0.5373134328358209 0.09850746268656717 
0.1 0.13529411764705881 0.18235294117647058 0.4823529411764706 0.1 
0.06626506024096386 0.12349397590361445 0.10843373493975904 0.1566265060240964 0.5451807228915663 
0.8262411347517731 0.03900709219858156 0.04609929078014184 0.03900709219858156 0.04964539007092199 
0.36213991769547327 0.1440329218106996 0.102880658436214 0.16049382716049382 0.23045267489711935 
0.044472681067344345 0.035578144853875476 0.10165184243964422 0.09148665819567979 0.7268106734434562 
0.05813953488372093 0.17151162790697674 0.29651162790697677 0.3953488372093023 0.07848837209302326 
0.072 0.6293333333333333 0.11733333333333333 0.08533333333333333 0.096 
0.08024691358024691 0.12962962962962962 0.16049382716049382 0.4382716049382716 0.19135802469135801 
0.6198521647307286 0.0675818373812038 0.042238648363252376 0.059134107708553325 0.21119324181626187 
0.08602150537634409 0.0931899641577061 0.08243727598566308 0.11827956989247312 0.6200716845878136 
0.4397590361445783 0.0823293172690763 0.09036144578313253 0.10441767068273092 0.28313253012048195 
0.10843373493975904 0.35943775100401604 0.19076305220883535 0.12449799196787148 0.21686746987951808 
0.03162055335968379 0.642292490118577 0.037549407114624504 0.05928853754940711 0.22924901185770752 
0.04522613065326633 0.28266331658291455 0.05025125628140704 0.4635678391959799 0.15829145728643215 
0.08896797153024912 0.09786476868327403 0.18327402135231316 0.5587188612099644 0.0711743772241993 
0.05223880597014925 0.11194029850746269 0.2126865671641791 0.44402985074626866 0.1791044776119403 
0.013923013923013924 0.8452088452088452 0.06388206388206388 0.056511056511056514 0.020475020475020474 
0.03926701570680628 0.14921465968586387 0.11780104712041885 0.5759162303664922 0.11780104712041885 
0.07357512953367876 0.40103626943005183 0.15751295336787566 0.16424870466321242 0.20362694300518136 
0.0486815415821501 0.6470588235294118 0.10547667342799188 0.08519269776876268 0.11359026369168357 
0.056265984654731455 0.10997442455242967 0.5319693094629157 0.08184143222506395 0.21994884910485935 
0.7562761506276151 0.053347280334728034 0.04184100418410042 0.029288702928870293 0.1192468619246862 
0.019332161687170474 0.7381370826010545 0.040421792618629174 0.15289982425307558 0.0492091388400703 
0.04411764705882353 0.11554621848739496 0.06302521008403361 0.7226890756302521 0.0546218487394958 
0.10204081632653061 0.5306122448979592 0.10204081632653061 0.14285714285714285 0.12244897959183673 
0.016129032258064516 0.03528225806451613 0.5151209677419355 0.3235887096774194 0.10987903225806452 
0.08992805755395683 0.08992805755395683 0.5 0.22661870503597123 0.09352517985611511 
0.749611197511664 0.04510108864696734 0.07620528771384137 0.04821150855365474 0.08087091757387248 
0.0784313725490196 0.6078431372549019 0.0718954248366013 0.16339869281045752 0.0784313725490196 
0.10784313725490197 0.5686274509803921 0.09803921568627451 0.12745098039215685 0.09803921568627451 
0.03914590747330961 0.12099644128113879 0.708185053380783 0.08185053380782918 0.0498220640569395 
0.09859154929577464 0.43661971830985913 0.11267605633802817 0.21830985915492956 0.13380281690140844 
0.01335559265442404 0.2679465776293823 0.6944908180300501 0.012520868113522538 0.011686143572621035 
0.023214285714285715 0.6160714285714286 0.060714285714285714 0.11428571428571428 0.18571428571428572 
0.1393939393939394 0.10303030303030303 0.40606060606060607 0.22424242424242424 0.12727272727272726 
0.7719298245614035 0.042105263157894736 0.07719298245614035 0.0456140350877193 0.06315789473684211 
0.14186046511627906 0.09767441860465116 0.14651162790697675 0.15348837209302327 0.4604651162790698 
0.064 0.072 0.292 0.464 0.108 
0.11 0.56 0.1 0.12 0.11 
0.22604422604422605 0.2800982800982801 0.10073710073710074 0.10319410319410319 0.28992628992628994 
0.11946902654867257 0.4469026548672566 0.06637168141592921 0.11946902654867257 0.24778761061946902 
0.6963696369636964 0.0627062706270627 0.10231023102310231 0.07920792079207921 0.0594059405940594 
0.14377682403433475 0.4334763948497854 0.07296137339055794 0.2167381974248927 0.13304721030042918 
0.7366666666666667 0.05333333333333334 0.07333333333333333 0.07666666666666666 0.06 
0.09234234234234234 0.09009009009009009 0.23873873873873874 0.22747747747747749 0.35135135135135137 
0.015439429928741092 0.047505938242280284 0.03800475059382423 0.07007125890736342 0.828978622327791 
0.03731343283582089 0.1044776119402985 0.03731343283582089 0.7611940298507462 0.05970149253731343 
0.07264957264957266 0.05555555555555555 0.1452991452991453 0.16666666666666666 0.5598290598290598 
0.07142857142857142 0.6875 0.09375 0.07142857142857142 0.07589285714285714 
0.05 0.76 0.065 0.06 0.065 
0.06513409961685823 0.07662835249042145 0.1839080459770115 0.5095785440613027 0.16475095785440613 
0.26919900908340216 0.374896779521057 0.06771263418662263 0.09661436829066887 0.1915772089182494 
0.40948275862068967 0.15948275862068967 0.10344827586206896 0.125 0.2025862068965517 
0.05263157894736842 0.43301435406698563 0.361244019138756 0.11004784688995216 0.0430622009569378 
0.04236200256739409 0.09884467265725289 0.21694480102695765 0.527599486521181 0.11424903722721438 
0.7308970099667774 0.046511627906976744 0.09634551495016612 0.07308970099667775 0.053156146179401995 
0.020527859237536656 0.42668621700879766 0.04105571847507331 0.4838709677419355 0.02785923753665689 
0.20930232558139536 0.2938689217758985 0.02748414376321353 0.4418604651162791 0.02748414376321353 
0.04097560975609756 0.08390243902439025 0.06829268292682927 0.5658536585365853 0.24097560975609755 
0.7836879432624113 0.03900709219858156 0.07092198581560284 0.0673758865248227 0.03900709219858156 
0.8685258964143426 0.033200531208499334 0.029216467463479414 0.027888446215139442 0.041168658698539175 
0.02142857142857143 0.6271428571428571 0.032857142857142856 0.055714285714285716 0.26285714285714284 
0.09917355371900827 0.6115702479338843 0.09917355371900827 0.09090909090909091 0.09917355371900827 
0.04065040650406504 0.5745257452574526 0.07859078590785908 0.1897018970189702 0.11653116531165311 
0.021961932650073207 0.055636896046852125 0.7525622254758418 0.1054172767203514 0.06442166910688141 
0.8430034129692833 0.04436860068259386 0.04436860068259386 0.034129692832764506 0.034129692832764506 
0.04904632152588556 0.05449591280653951 0.1444141689373297 0.31607629427792916 0.4359673024523161 
0.043795620437956206 0.09124087591240876 0.3467153284671533 0.4124087591240876 0.10583941605839416 
0.01173512154233026 0.250628667225482 0.7124895222129086 0.015088013411567477 0.010058675607711651 
0.013927576601671309 0.8310120705663882 0.055710306406685235 0.06963788300835655 0.029712163416898793 
0.041025641025641026 0.8512820512820513 0.038461538461538464 0.035897435897435895 0.03333333333333333 
0.034722222222222224 0.7951388888888888 0.05555555555555555 0.06944444444444445 0.04513888888888889 
0.027613412228796843 0.6725838264299803 0.045364891518737675 0.047337278106508875 0.20710059171597633 
0.04743833017077799 0.12333965844402277 0.16888045540796964 0.6223908918406073 0.03795066413662239 
0.04009433962264151 0.04245283018867924 0.44339622641509435 0.37264150943396224 0.10141509433962265 
0.08441558441558442 0.17532467532467533 0.14935064935064934 0.3961038961038961 0.19480519480519481 
0.021164021164021163 0.030234315948601664 0.09599395313681028 0.1164021164021164 0.7362055933484505 
0.041791044776119404 0.3164179104477612 0.058208955223880594 0.07761194029850746 0.5059701492537313 
0.03357903357903358 0.14905814905814907 0.16461916461916462 0.1334971334971335 0.5192465192465192 
0.022900763358778626 0.02862595419847328 0.11068702290076336 0.8072519083969466 0.030534351145038167 
0.05235602094240838 0.7539267015706806 0.06806282722513089 0.05759162303664921 0.06806282722513089 
0.4381625441696113 0.10600706713780919 0.1978798586572438 0.0812720848056537 0.17667844522968199 
0.815625 0.046875 0.04375 0.04375 0.05 
0.012690355329949238 0.26988155668358715 0.6852791878172588 0.021150592216582064 0.010998307952622674 
0.042704626334519574 0.11743772241992882 0.6868327402135231 0.099644128113879 0.05338078291814947 
0.041474654377880185 0.3797235023041475 0.07004608294930875 0.4202764976958525 0.08847926267281106 
0.03431372549019608 0.7230392156862745 0.0857843137254902 0.06862745098039216 0.08823529411764706 
0.043209876543209874 0.12962962962962962 0.11419753086419752 0.6512345679012346 0.06172839506172839 
0.10256410256410256 0.047619047619047616 0.3882783882783883 0.2490842490842491 0.21245421245421245 
0.013181545835829839 0.06470940683043738 0.5434391851408029 0.2774116237267825 0.1012582384661474 
0.03597122302158273 0.13309352517985612 0.6906474820143885 0.09352517985611511 0.046762589928057555 
0.1574074074074074 0.37962962962962965 0.1574074074074074 0.1574074074074074 0.14814814814814814 
0.022988505747126436 0.033045977011494254 0.49137931034482757 0.35201149425287354 0.10057471264367816 
0.8048780487804879 0.05226480836236934 0.05574912891986063 0.04529616724738676 0.041811846689895474 
0.0915032679738562 0.5882352941176471 0.0784313725490196 0.1503267973856209 0.0915032679738562 
0.03731343283582089 0.4664179104477612 0.09701492537313433 0.2835820895522388 0.11567164179104478 
0.07563025210084033 0.5070028011204482 0.05042016806722689 0.10364145658263306 0.26330532212885155 
0.03291139240506329 0.5949367088607594 0.0759493670886076 0.2 0.09620253164556962 
0.024163568773234202 0.026022304832713755 0.10037174721189591 0.8178438661710037 0.031598513011152414 
0.07272727272727272 0.07272727272727272 0.5064935064935064 0.16623376623376623 0.18181818181818182 
0.043478260869565216 0.822463768115942 0.05434782608695652 0.043478260869565216 0.036231884057971016 
0.025 0.7403846153846154 0.03653846153846154 0.1576923076923077 0.04038461538461539 
0.058823529411764705 0.7782805429864253 0.05429864253393665 0.05429864253393665 0.05429864253393665 
0.04992867332382311 0.02710413694721826 0.25962910128388017 0.5677603423680456 0.09557774607703282 
0.05220883534136546 0.6746987951807228 0.08032128514056225 0.12048192771084337 0.07228915662650602 
0.3225806451612903 0.15207373271889402 0.18433179723502305 0.1313364055299539 0.20967741935483872 
0.05726872246696035 0.06607929515418502 0.29515418502202645 0.41409691629955947 0.16740088105726872 
0.7421602787456446 0.04529616724738676 0.05226480836236934 0.07317073170731707 0.08710801393728224 
0.03926096997690531 0.7367205542725174 0.06466512702078522 0.08545034642032333 0.07390300230946882 
0.06273062730627306 0.0959409594095941 0.06642066420664207 0.7380073800738007 0.03690036900369004 
0.03867403314917127 0.56353591160221 0.10773480662983426 0.22099447513812154 0.06906077348066299 
0.10236220472440945 0.1732283464566929 0.2440944881889764 0.3228346456692913 0.15748031496062992 
0.3181818181818182 0.14015151515151514 0.1590909090909091 0.19696969696969696 0.1856060606060606 
0.08415841584158416 0.07920792079207921 0.18316831683168316 0.14356435643564355 0.5099009900990099 
0.8310344827586207 0.05172413793103448 0.03793103448275862 0.034482758620689655 0.04482758620689655 
0.017857142857142856 0.8434065934065934 0.027472527472527472 0.03983516483516483 0.07142857142857142 
0.031665611146295125 0.5915136162127929 0.09626345788473717 0.09943001899936668 0.1811272957568081 
0.040207522697795074 0.21530479896238652 0.17380025940337224 0.3527885862516213 0.2178988326848249 
0.3780487804878049 0.24390243902439024 0.08536585365853659 0.1402439024390244 0.1524390243902439 
