0.09510086455331412 0.07492795389048991 0.7118155619596542 0.05187319884726225 0.06628242074927954 
0.10743801652892562 0.6611570247933884 0.06611570247933884 0.0371900826446281 0.128099173553719 
0.14333519241494702 0.2426101505856107 0.31678750697155605 0.02286670384829894 0.2744004461795873 
0.029900332225913623 0.03820598006644518 0.054817275747508304 0.018272425249169437 0.8588039867109635 
0.10507246376811594 0.17028985507246377 0.41304347826086957 0.04710144927536232 0.2644927536231884 
0.051587301587301584 0.05952380952380952 0.051587301587301584 0.7777777777777778 0.05952380952380952 
0.08117443868739206 0.08290155440414508 0.7616580310880829 0.044905008635578586 0.02936096718480138 
0.1830238726790451 0.09283819628647215 0.5596816976127321 0.05305039787798409 0.11140583554376658 
0.05454545454545454 0.7954545454545454 0.04090909090909091 0.021212121212121213 0.08787878787878788 
0.15934065934065933 0.12637362637362637 0.33516483516483514 0.08241758241758242 0.2967032967032967 
0.07471264367816093 0.06896551724137931 0.09770114942528736 0.05747126436781609 0.7011494252873564 
0.20418848167539266 0.4293193717277487 0.1099476439790576 0.05759162303664921 0.19895287958115182 
0.2618296529968454 0.09779179810725552 0.444794952681388 0.05993690851735016 0.13564668769716087 
0.07241379310344828 0.07241379310344828 0.10689655172413794 0.06551724137931035 0.6827586206896552 
0.09895833333333333 0.140625 0.4270833333333333 0.028645833333333332 0.3046875 
0.07547169811320754 0.13836477987421383 0.0880503144654088 0.06918238993710692 0.6289308176100629 
0.14253897550111358 0.16258351893095768 0.5501113585746102 0.030066815144766147 0.11469933184855234 
0.18446601941747573 0.47896440129449835 0.18122977346278318 0.0744336569579288 0.08090614886731391 
0.0963855421686747 0.04819277108433735 0.04417670682730924 0.7630522088353414 0.04819277108433735 
0.145985401459854 0.4306569343065693 0.24087591240875914 0.0948905109489051 0.08759124087591241 
0.5216741405082213 0.21524663677130046 0.12705530642750373 0.03288490284005979 0.1031390134529148 
0.6035120147874307 0.11367837338262476 0.07578558225508318 0.02310536044362292 0.18391866913123844 
0.06565656565656566 0.8131313131313131 0.04040404040404041 0.02356902356902357 0.05723905723905724 
0.04215456674473068 0.02810304449648712 0.03981264637002342 0.02810304449648712 0.8618266978922716 
0.13881748071979436 0.06426735218508997 0.4318766066838046 0.31362467866323906 0.05141388174807198 
0.10270270270270271 0.08648648648648649 0.2918918918918919 0.12432432432432433 0.3945945945945946 
0.5473684210526316 0.1443609022556391 0.16541353383458646 0.04962406015037594 0.09323308270676692 
0.1813186813186813 0.1043956043956044 0.4945054945054945 0.13736263736263737 0.08241758241758242 
0.17832167832167833 0.13986013986013987 0.46853146853146854 0.08041958041958042 0.13286713286713286 
0.12705882352941175 0.42823529411764705 0.24705882352941178 0.03764705882352941 0.16 
0.18851251840942562 0.03240058910162003 0.13107511045655376 0.016200294550810016 0.6318114874815906 
0.09217877094972067 0.13128491620111732 0.388268156424581 0.036312849162011177 0.35195530726256985 
0.09574468085106383 0.3049645390070922 0.07801418439716312 0.04609929078014184 0.475177304964539 
0.1554524361948956 0.5986078886310905 0.09280742459396751 0.03480278422273782 0.11832946635730858 
0.15845070422535212 0.176056338028169 0.4753521126760563 0.10211267605633803 0.0880281690140845 
0.18082788671023964 0.14814814814814814 0.22875816993464052 0.3747276688453159 0.06753812636165578 
0.08914728682170543 0.06201550387596899 0.7112403100775194 0.07751937984496124 0.060077519379844964 
0.050359712230215826 0.09172661870503597 0.02877697841726619 0.023381294964028777 0.8057553956834532 
0.5159332321699545 0.165402124430956 0.13960546282245828 0.07738998482549317 0.10166919575113809 
0.11797752808988764 0.4438202247191011 0.0898876404494382 0.06741573033707865 0.2808988764044944 
0.12237762237762238 0.5174825174825175 0.11188811188811189 0.0979020979020979 0.15034965034965034 
0.44680851063829785 0.2393617021276596 0.05851063829787234 0.07446808510638298 0.18085106382978725 
0.08723404255319149 0.7297872340425532 0.03404255319148936 0.04042553191489362 0.10851063829787234 
0.183206106870229 0.13486005089058525 0.37150127226463103 0.02544529262086514 0.28498727735368956 
0.08823529411764706 0.08823529411764706 0.10588235294117647 0.08235294117647059 0.6352941176470588 
0.0670391061452514 0.15083798882681565 0.39664804469273746 0.036312849162011177 0.34916201117318435 
0.06910569105691057 0.044715447154471545 0.04065040650406504 0.7967479674796748 0.04878048780487805 
0.7680722891566265 0.09487951807228916 0.030120481927710843 0.06927710843373494 0.03765060240963856 
0.09259259259259259 0.10185185185185185 0.08333333333333333 0.35185185185185186 0.37037037037037035 
0.09903381642512077 0.15458937198067632 0.43719806763285024 0.03140096618357488 0.2777777777777778 
0.18318695106649938 0.6311166875784191 0.09661229611041405 0.030112923462986198 0.05897114178168131 
0.07954545454545454 0.125 0.09090909090909091 0.1875 0.5170454545454546 
0.04642857142857143 0.06428571428571428 0.04285714285714286 0.03571428571428571 0.8107142857142857 
0.054441260744985676 0.09742120343839542 0.05730659025787966 0.05157593123209169 0.7392550143266475 
0.12222222222222222 0.5888888888888889 0.1259259259259259 0.06666666666666667 0.0962962962962963 
0.14189189189189189 0.2905405405405405 0.14189189189189189 0.23648648648648649 0.1891891891891892 
0.838452787258248 0.048919226393629126 0.06257110352673492 0.015927189988623434 0.034129692832764506 
0.6054216867469879 0.1716867469879518 0.0858433734939759 0.03614457831325301 0.10090361445783133 
0.06428571428571428 0.060714285714285714 0.10357142857142858 0.7071428571428572 0.06428571428571428 
0.08478802992518704 0.17206982543640897 0.1371571072319202 0.04239401496259352 0.5635910224438903 
0.05148005148005148 0.0489060489060489 0.03346203346203346 0.021879021879021878 0.8442728442728443 
0.1958762886597938 0.23711340206185566 0.24742268041237114 0.12371134020618557 0.1958762886597938 
0.10638297872340426 0.11702127659574468 0.11702127659574468 0.14893617021276595 0.5106382978723404 
0.04247104247104247 0.07722007722007722 0.05791505791505792 0.7451737451737451 0.07722007722007722 
0.09235668789808917 0.2070063694267516 0.07006369426751592 0.554140127388535 0.07643312101910828 
0.07352941176470588 0.051470588235294115 0.05514705882352941 0.7757352941176471 0.04411764705882353 
0.12362030905077263 0.06181015452538632 0.19426048565121412 0.03532008830022075 0.5849889624724062 
0.12307692307692308 0.6961538461538461 0.03461538461538462 0.05961538461538462 0.08653846153846154 
0.16241299303944315 0.11600928074245939 0.11136890951276102 0.05568445475638051 0.5545243619489559 
0.09163346613545817 0.22310756972111553 0.09561752988047809 0.055776892430278883 0.5338645418326693 
0.3985239852398524 0.15129151291512916 0.23247232472324722 0.04797047970479705 0.16974169741697417 
0.19936708860759494 0.06962025316455696 0.2563291139240506 0.3860759493670886 0.08860759493670886 
0.08928571428571429 0.2392857142857143 0.07857142857142857 0.48214285714285715 0.11071428571428571 
0.125 0.6852678571428571 0.04017857142857143 0.044642857142857144 0.10491071428571429 
0.046153846153846156 0.03333333333333333 0.05128205128205128 0.03333333333333333 0.8358974358974359 
0.08680555555555555 0.6631944444444444 0.07291666666666667 0.06597222222222222 0.1111111111111111 
0.138255033557047 0.7865771812080536 0.03355704697986577 0.016107382550335572 0.025503355704697986 
0.11515151515151516 0.5757575757575758 0.1393939393939394 0.07272727272727272 0.09696969696969697 
0.19767441860465115 0.4437984496124031 0.07751937984496124 0.03294573643410853 0.24806201550387597 
0.8637413394919169 0.03464203233256351 0.04387990762124711 0.03002309468822171 0.02771362586605081 
0.06844741235392321 0.8030050083472454 0.05843071786310518 0.02003338898163606 0.05008347245409015 
0.060498220640569395 0.046263345195729534 0.05693950177935943 0.44483985765124556 0.3914590747330961 
0.1814595660749507 0.5207100591715976 0.07889546351084813 0.05719921104536489 0.16173570019723865 
0.0525328330206379 0.7598499061913696 0.0300187617260788 0.024390243902439025 0.13320825515947468 
0.07468879668049792 0.1078838174273859 0.05394190871369295 0.06639004149377593 0.6970954356846473 
0.10358565737051793 0.6427622841965471 0.04780876494023904 0.02257636122177955 0.18326693227091634 
0.1140625 0.15625 0.1375 0.04375 0.5484375 
0.11097256857855362 0.7942643391521197 0.0399002493765586 0.02369077306733167 0.03117206982543641 
0.14120126448893572 0.5110642781875658 0.23076923076923078 0.0642781875658588 0.05268703898840885 
0.052222222222222225 0.057777777777777775 0.8288888888888889 0.027777777777777776 0.03333333333333333 
0.17293233082706766 0.10275689223057644 0.06265664160401002 0.03007518796992481 0.631578947368421 
0.05750798722044728 0.42012779552715657 0.04313099041533546 0.03035143769968051 0.4488817891373802 
0.023026315789473683 0.05098684210526316 0.05098684210526316 0.027960526315789474 0.8470394736842105 
0.1561712846347607 0.12090680100755667 0.3677581863979849 0.0327455919395466 0.3224181360201511 
0.19749652294853964 0.1564673157162726 0.061891515994436715 0.02573018080667594 0.5584144645340751 
0.11355311355311355 0.12454212454212454 0.1391941391941392 0.06593406593406594 0.5567765567765568 
0.0567139282735613 0.8557130942452044 0.04837364470391994 0.013344453711426188 0.02585487906588824 
0.25 0.610236220472441 0.047244094488188976 0.03740157480314961 0.05511811023622047 
0.15172413793103448 0.04827586206896552 0.04482758620689655 0.7 0.05517241379310345 
0.6339662447257384 0.20780590717299577 0.10232067510548523 0.022151898734177215 0.03375527426160337 
0.13303769401330376 0.4878048780487805 0.13747228381374724 0.03991130820399113 0.2017738359201774 
0.14967462039045554 0.05422993492407809 0.2299349240780911 0.021691973969631236 0.544468546637744 
0.4513064133016627 0.17577197149643706 0.24465558194774348 0.0498812351543943 0.07838479809976247 
0.40875912408759124 0.23114355231143552 0.1070559610705596 0.0948905109489051 0.15815085158150852 
0.1245136186770428 0.06809338521400778 0.5369649805447471 0.023346303501945526 0.24708171206225682 
0.6937321937321937 0.14245014245014245 0.07264957264957266 0.02849002849002849 0.06267806267806268 
0.5952941176470589 0.10823529411764705 0.15764705882352942 0.0611764705882353 0.07764705882352942 
0.2081447963800905 0.43137254901960786 0.06787330316742081 0.24283559577677225 0.049773755656108594 
0.13167259786476868 0.10676156583629894 0.47686832740213525 0.05338078291814947 0.2313167259786477 
0.16852540272614622 0.18029739776951673 0.14560099132589838 0.022304832713754646 0.483271375464684 
0.05653710247349823 0.10600706713780919 0.07420494699646643 0.7243816254416962 0.038869257950530034 
0.059880239520958084 0.0718562874251497 0.11377245508982035 0.10179640718562874 0.6526946107784432 
0.13730569948186527 0.23316062176165803 0.37823834196891193 0.12694300518134716 0.12435233160621761 
0.05603448275862069 0.11637931034482758 0.0603448275862069 0.0603448275862069 0.7068965517241379 
0.10328638497652583 0.09389671361502347 0.2676056338028169 0.107981220657277 0.4272300469483568 
0.06859205776173286 0.07942238267148015 0.09025270758122744 0.05415162454873646 0.7075812274368231 
0.057971014492753624 0.09178743961352658 0.10628019323671498 0.06280193236714976 0.6811594202898551 
0.16408668730650156 0.6687306501547987 0.043343653250773995 0.06811145510835913 0.05572755417956656 
0.07074569789674952 0.7418738049713193 0.02676864244741874 0.021032504780114723 0.13957934990439771 
0.029177718832891247 0.034482758620689655 0.034482758620689655 0.029177718832891247 0.8726790450928382 
0.18823529411764706 0.15294117647058825 0.15294117647058825 0.27058823529411763 0.23529411764705882 
0.18507462686567164 0.582089552238806 0.06865671641791045 0.04477611940298507 0.11940298507462686 
0.13580246913580246 0.16049382716049382 0.14814814814814814 0.14814814814814814 0.4074074074074074 
0.05357142857142857 0.11607142857142858 0.05357142857142857 0.05357142857142857 0.7232142857142857 
0.08247422680412371 0.13917525773195877 0.08247422680412371 0.18041237113402062 0.5154639175257731 
0.04789915966386555 0.8579831932773109 0.05042016806722689 0.009243697478991597 0.034453781512605045 
0.47058823529411764 0.13445378151260504 0.13445378151260504 0.11764705882352941 0.14285714285714285 
0.08358208955223881 0.6686567164179105 0.0791044776119403 0.019402985074626865 0.14925373134328357 
0.04924242424242424 0.08333333333333333 0.04924242424242424 0.7424242424242424 0.07575757575757576 
0.03879310344827586 0.036637931034482756 0.04525862068965517 0.034482758620689655 0.8448275862068966 
0.0970464135021097 0.6223628691983122 0.046413502109704644 0.03164556962025317 0.20253164556962025 
0.06963788300835655 0.27298050139275765 0.1671309192200557 0.04178272980501393 0.44846796657381616 
0.1867816091954023 0.6293103448275862 0.0603448275862069 0.03735632183908046 0.08620689655172414 
0.13218390804597702 0.3735632183908046 0.10344827586206896 0.23563218390804597 0.15517241379310345 
0.37037037037037035 0.1574074074074074 0.30246913580246915 0.06790123456790123 0.10185185185185185 
0.054474708171206226 0.042801556420233464 0.10505836575875487 0.754863813229572 0.042801556420233464 
0.1471861471861472 0.15584415584415584 0.44155844155844154 0.1038961038961039 0.15151515151515152 
0.6782945736434108 0.12919896640826872 0.06330749354005168 0.041343669250646 0.08785529715762273 
0.10119047619047619 0.6220238095238095 0.09226190476190477 0.044642857142857144 0.13988095238095238 
0.08401084010840108 0.07317073170731707 0.04878048780487805 0.06775067750677506 0.7262872628726287 
0.16363636363636364 0.41818181818181815 0.10303030303030303 0.2 0.11515151515151516 
0.07474518686296716 0.044167610419026046 0.8040770101925255 0.04077010192525481 0.0362400906002265 
0.6925925925925925 0.0962962962962963 0.07407407407407407 0.044444444444444446 0.09259259259259259 
0.261758691206544 0.09202453987730061 0.5439672801635992 0.05112474437627812 0.05112474437627812 
0.06490872210953347 0.13995943204868155 0.3630831643002028 0.038539553752535496 0.3935091277890467 
0.21020408163265306 0.044897959183673466 0.0673469387755102 0.026530612244897958 0.6510204081632653 
0.21346886912325286 0.24777636594663277 0.048284625158831 0.21346886912325286 0.2770012706480305 
0.12007168458781362 0.5197132616487455 0.13620071684587814 0.05017921146953405 0.17383512544802868 
0.1588447653429603 0.5884476534296029 0.061371841155234655 0.09025270758122744 0.10108303249097472 
0.046672428694900604 0.06136560069144339 0.05445116681071737 0.011235955056179775 0.8262748487467588 
0.19845360824742267 0.5618556701030928 0.05154639175257732 0.03350515463917526 0.15463917525773196 
0.1827899518973811 0.190807055050775 0.21378941742383753 0.02779262426509888 0.38482095136290756 
0.17551020408163265 0.0836734693877551 0.07551020408163266 0.04693877551020408 0.6183673469387755 
0.13541666666666666 0.4557291666666667 0.2942708333333333 0.0546875 0.059895833333333336 
0.07851690294438386 0.03707742639040349 0.8353326063249727 0.017448200654307525 0.03162486368593239 
0.05565217391304348 0.05391304347826087 0.04173913043478261 0.020869565217391306 0.8278260869565217 
0.10126582278481013 0.6181434599156118 0.08016877637130802 0.02531645569620253 0.1751054852320675 
0.10784313725490197 0.1568627450980392 0.10784313725490197 0.10784313725490197 0.5196078431372549 
0.14984709480122324 0.7604485219164119 0.039755351681957186 0.021406727828746176 0.02854230377166157 
0.1909722222222222 0.3854166666666667 0.09722222222222222 0.1736111111111111 0.1527777777777778 
0.05993690851735016 0.06309148264984227 0.7697160883280757 0.07886435331230283 0.028391167192429023 
0.0784313725490196 0.12418300653594772 0.06535947712418301 0.06535947712418301 0.6666666666666666 
0.09433962264150944 0.10377358490566038 0.11320754716981132 0.10377358490566038 0.5849056603773585 
0.051194539249146756 0.7337883959044369 0.051194539249146756 0.040955631399317405 0.12286689419795221 
0.11428571428571428 0.21428571428571427 0.08571428571428572 0.1357142857142857 0.45 
0.6229096989966555 0.015050167224080268 0.011705685618729096 0.00919732441471572 0.3411371237458194 
0.06976744186046512 0.11091234347048301 0.2701252236135957 0.03220035778175313 0.516994633273703 
0.19886363636363635 0.29545454545454547 0.10227272727272728 0.2556818181818182 0.14772727272727273 
0.07169811320754717 0.09811320754716982 0.06415094339622641 0.7245283018867924 0.04150943396226415 
0.2642857142857143 0.09523809523809523 0.2571428571428571 0.32142857142857145 0.06190476190476191 
0.1685823754789272 0.5977011494252874 0.10727969348659004 0.05747126436781609 0.06896551724137931 
0.0970873786407767 0.0970873786407767 0.0970873786407767 0.10679611650485436 0.6019417475728155 
0.1941747572815534 0.05339805825242718 0.49514563106796117 0.055825242718446605 0.20145631067961164 
0.10232558139534884 0.07906976744186046 0.30697674418604654 0.12093023255813953 0.39069767441860465 
0.06859205776173286 0.13357400722021662 0.039711191335740074 0.7184115523465704 0.039711191335740074 
0.1351931330472103 0.15236051502145923 0.19742489270386265 0.05793991416309013 0.4570815450643777 
0.12727272727272726 0.06909090909090909 0.03636363636363636 0.7054545454545454 0.06181818181818182 
0.2340909090909091 0.2636363636363636 0.34545454545454546 0.06363636363636363 0.09318181818181819 
0.8400488400488401 0.03418803418803419 0.057387057387057384 0.02442002442002442 0.04395604395604396 
0.06666666666666667 0.7153846153846154 0.05384615384615385 0.03333333333333333 0.13076923076923078 
0.5 0.2375 0.08333333333333333 0.09583333333333334 0.08333333333333333 
0.16521739130434782 0.06521739130434782 0.07391304347826087 0.05652173913043478 0.6391304347826087 
0.05687203791469194 0.061611374407582936 0.061611374407582936 0.04739336492890995 0.7725118483412322 
0.1520912547528517 0.55893536121673 0.1482889733840304 0.053231939163498096 0.08745247148288973 
0.1070518266779949 0.05692438402718777 0.4333050127442651 0.03908241291418862 0.36363636363636365 
0.15418502202643172 0.13215859030837004 0.40969162995594716 0.15418502202643172 0.14977973568281938 
0.03170731707317073 0.37073170731707317 0.05853658536585366 0.07560975609756097 0.4634146341463415 
0.154557463672391 0.5587846763540291 0.18758256274768825 0.02509907529722589 0.07397622192866579 
0.06093189964157706 0.11827956989247312 0.043010752688172046 0.7204301075268817 0.05734767025089606 
0.052316890881913304 0.43946188340807174 0.03288490284005979 0.025411061285500747 0.4499252615844544 
0.061224489795918366 0.32867883995703545 0.034371643394199784 0.23845327604726102 0.3372717508055854 
0.1926070038910506 0.2227626459143969 0.07587548638132295 0.38132295719844356 0.12743190661478598 
0.046875 0.0625 0.0546875 0.7890625 0.046875 
0.023121387283236993 0.01878612716763006 0.8945086705202312 0.01878612716763006 0.044797687861271675 
0.18851251840942562 0.053019145802650956 0.11782032400589101 0.017673048600883652 0.6229749631811488 
0.08870967741935484 0.0967741935483871 0.08870967741935484 0.08870967741935484 0.6370967741935484 
0.11977715877437325 0.1671309192200557 0.09192200557103064 0.06406685236768803 0.5571030640668524 
0.07270029673590504 0.6824925816023739 0.0712166172106825 0.019287833827893175 0.1543026706231454 
0.048507462686567165 0.041044776119402986 0.12686567164179105 0.7313432835820896 0.05223880597014925 
0.5140449438202247 0.3061797752808989 0.06179775280898876 0.056179775280898875 0.06179775280898876 
0.12915129151291513 0.6715867158671587 0.06642066420664207 0.04428044280442804 0.08856088560885608 
0.6155129274395329 0.020850708924103418 0.014178482068390326 0.009174311926605505 0.3402835696413678 
0.04640151515151515 0.07954545454545454 0.061553030303030304 0.011363636363636364 0.8011363636363636 
0.03694581280788178 0.029556650246305417 0.06403940886699508 0.03694581280788178 0.8325123152709359 
0.03793103448275862 0.06896551724137931 0.03793103448275862 0.03793103448275862 0.8172413793103448 
0.16938775510204082 0.03469387755102041 0.08163265306122448 0.022448979591836733 0.6918367346938775 
0.09423076923076923 0.6365384615384615 0.075 0.04038461538461539 0.15384615384615385 
0.13691931540342298 0.6601466992665037 0.05378973105134474 0.10268948655256724 0.04645476772616137 
0.1794871794871795 0.44871794871794873 0.12179487179487179 0.07051282051282051 0.1794871794871795 
0.7289433384379785 0.10413476263399694 0.10796324655436447 0.022970903522205207 0.03598774885145482 
0.1348148148148148 0.04 0.5125925925925926 0.01925925925925926 0.29333333333333333 
0.3158326497128794 0.16488925348646433 0.3232157506152584 0.029532403609515995 0.16652994257588188 
0.02495201535508637 0.8138195777351248 0.09021113243761997 0.02495201535508637 0.046065259117082535 
0.0625 0.08854166666666667 0.052083333333333336 0.06770833333333333 0.7291666666666666 
0.1717557251908397 0.08778625954198473 0.5076335877862596 0.16030534351145037 0.07251908396946564 
0.041237113402061855 0.03436426116838488 0.15120274914089346 0.7147766323024055 0.058419243986254296 
0.6281618887015177 0.023608768971332208 0.01433389544688027 0.00927487352445194 0.3246205733558179 
0.04778156996587031 0.7201365187713311 0.05460750853242321 0.034129692832764506 0.14334470989761092 
0.15111940298507462 0.3414179104477612 0.07835820895522388 0.025186567164179104 0.4039179104477612 
0.09178743961352658 0.050724637681159424 0.12560386473429952 0.04830917874396135 0.6835748792270532 
0.078125 0.690625 0.053125 0.059375 0.11875 
0.2087912087912088 0.36996336996337 0.08791208791208792 0.26373626373626374 0.0695970695970696 
0.10583941605839416 0.7755474452554745 0.051094890510948905 0.00851581508515815 0.05900243309002433 
0.04861111111111111 0.7118055555555556 0.03819444444444445 0.041666666666666664 0.1597222222222222 
0.11504424778761062 0.19469026548672566 0.12389380530973451 0.19469026548672566 0.37168141592920356 
0.1512481644640235 0.6828193832599119 0.0631424375917768 0.04698972099853157 0.055800293685756244 
0.06060606060606061 0.045454545454545456 0.08712121212121213 0.7272727272727273 0.07954545454545454 
0.10457516339869281 0.12418300653594772 0.0784313725490196 0.0784313725490196 0.6143790849673203 
0.10408921933085502 0.2788104089219331 0.07063197026022305 0.06691449814126393 0.4795539033457249 
0.17329545454545456 0.0625 0.24147727272727273 0.07102272727272728 0.45170454545454547 
0.11904761904761904 0.12433862433862433 0.0582010582010582 0.082010582010582 0.6164021164021164 
0.033582089552238806 0.8078358208955224 0.08582089552238806 0.027985074626865673 0.04477611940298507 
0.18489583333333334 0.20572916666666666 0.14583333333333334 0.4010416666666667 0.0625 
0.05415162454873646 0.05776173285198556 0.05054151624548736 0.036101083032490974 0.8014440433212996 
0.04716981132075472 0.0830188679245283 0.026415094339622643 0.024528301886792454 0.8188679245283019 
0.059574468085106386 0.08085106382978724 0.05106382978723404 0.04680851063829787 0.7617021276595745 
0.078125 0.7315340909090909 0.11505681818181818 0.056818181818181816 0.018465909090909092 
0.058577405857740586 0.10460251046025104 0.0794979079497908 0.058577405857740586 0.698744769874477 
0.3211009174311927 0.14908256880733944 0.16972477064220184 0.19724770642201836 0.1628440366972477 
0.15418502202643172 0.5638766519823789 0.07929515418502203 0.0881057268722467 0.1145374449339207 
0.11278195488721804 0.06766917293233082 0.041353383458646614 0.7368421052631579 0.041353383458646614 
0.06712962962962964 0.06018518518518518 0.06481481481481481 0.037037037037037035 0.7708333333333334 
0.06818181818181818 0.6931818181818182 0.07196969696969698 0.045454545454545456 0.12121212121212122 
0.05898876404494382 0.2612359550561798 0.17415730337078653 0.042134831460674156 0.46348314606741575 
0.16 0.392 0.16 0.112 0.176 
0.210727969348659 0.14559386973180077 0.4521072796934866 0.09195402298850575 0.09961685823754789 
0.4083769633507853 0.11518324607329843 0.1518324607329843 0.2513089005235602 0.07329842931937172 
0.05660377358490566 0.04150943396226415 0.06792452830188679 0.7886792452830189 0.045283018867924525 
0.07142857142857142 0.03708791208791209 0.034340659340659344 0.02197802197802198 0.8351648351648352 
0.1171875 0.10026041666666667 0.224609375 0.014322916666666666 0.5436197916666666 
0.19786096256684493 0.3181818181818182 0.19786096256684493 0.06283422459893048 0.2232620320855615 
0.12280701754385964 0.10526315789473684 0.42105263157894735 0.13450292397660818 0.21637426900584794 
