0.08069164265129683 0.07780979827089338 0.6714697406340058 0.0893371757925072 0.08069164265129683 
0.6611570247933884 0.10743801652892562 0.07024793388429752 0.11776859504132231 0.04338842975206612 
0.24707194645844952 0.29392080312325713 0.26993865030674846 0.1656441717791411 0.023424428332403793 
0.029900332225913623 0.8604651162790697 0.04983388704318937 0.04318936877076412 0.016611295681063124 
0.20652173913043478 0.25 0.32971014492753625 0.17028985507246377 0.043478260869565216 
0.051587301587301584 0.05555555555555555 0.05555555555555555 0.04365079365079365 0.7936507936507936 
0.07253886010362694 0.03454231433506045 0.7029360967184801 0.1157167530224525 0.07426597582037997 
0.06896551724137931 0.11671087533156499 0.5702917771883289 0.1830238726790451 0.0610079575596817 
0.8378787878787879 0.06060606060606061 0.03333333333333333 0.05 0.01818181818181818 
0.16483516483516483 0.26373626373626374 0.23626373626373626 0.23626373626373626 0.0989010989010989 
0.08045977011494253 0.6781609195402298 0.08620689655172414 0.08045977011494253 0.07471264367816093 
0.39790575916230364 0.18324607329842932 0.10471204188481675 0.225130890052356 0.08900523560209424 
0.10094637223974763 0.1608832807570978 0.4479495268138801 0.20504731861198738 0.08517350157728706 
0.09310344827586207 0.7310344827586207 0.06551724137931035 0.06551724137931035 0.04482758620689655 
0.1328125 0.3229166666666667 0.21614583333333334 0.2916666666666667 0.036458333333333336 
0.16981132075471697 0.5911949685534591 0.09433962264150944 0.08176100628930817 0.06289308176100629 
0.16481069042316257 0.1091314031180401 0.5979955456570156 0.10022271714922049 0.02783964365256125 
0.5016181229773463 0.045307443365695796 0.13268608414239483 0.255663430420712 0.06472491909385113 
0.04819277108433735 0.04417670682730924 0.040160642570281124 0.09236947791164658 0.7751004016064257 
0.40875912408759124 0.145985401459854 0.2116788321167883 0.145985401459854 0.08759124087591241 
0.242152466367713 0.09417040358744394 0.08370702541106129 0.547085201793722 0.03288490284005979 
0.11275415896487985 0.18946395563770796 0.04251386321626617 0.6127541589648798 0.04251386321626617 
0.8367003367003367 0.045454545454545456 0.04040404040404041 0.05555555555555555 0.021885521885521887 
0.0351288056206089 0.8501170960187353 0.0468384074941452 0.0351288056206089 0.03278688524590164 
0.08997429305912596 0.04884318766066838 0.5681233933161953 0.17480719794344474 0.11825192802056556 
0.08108108108108109 0.3783783783783784 0.2972972972972973 0.12432432432432433 0.11891891891891893 
0.1518796992481203 0.08270676691729323 0.14135338345864662 0.5819548872180451 0.042105263157894736 
0.1043956043956044 0.07142857142857142 0.4725274725274725 0.18681318681318682 0.16483516483516483 
0.15384615384615385 0.15034965034965034 0.46153846153846156 0.13286713286713286 0.10139860139860139 
0.29411764705882354 0.14352941176470588 0.2 0.16941176470588235 0.19294117647058823 
0.042709867452135494 0.45949926362297494 0.10014727540500737 0.3784977908689249 0.01914580265095729 
0.13128491620111732 0.35195530726256985 0.3435754189944134 0.11452513966480447 0.05865921787709497 
0.2907801418439716 0.5425531914893617 0.0425531914893617 0.08156028368794327 0.0425531914893617 
0.5962877030162413 0.13225058004640372 0.07888631090487239 0.15081206496519722 0.04176334106728538 
0.19718309859154928 0.0880281690140845 0.4471830985915493 0.1443661971830986 0.12323943661971831 
0.1437908496732026 0.07625272331154684 0.24618736383442266 0.20043572984749455 0.3333333333333333 
0.029069767441860465 0.05232558139534884 0.7926356589147286 0.07364341085271318 0.05232558139534884 
0.11870503597122302 0.7679856115107914 0.03237410071942446 0.05935251798561151 0.02158273381294964 
0.20637329286798178 0.08042488619119878 0.12139605462822459 0.5523520485584219 0.03945371775417299 
0.4550561797752809 0.25842696629213485 0.10674157303370786 0.11235955056179775 0.06741573033707865 
0.5454545454545454 0.13636363636363635 0.1853146853146853 0.06643356643356643 0.06643356643356643 
0.28191489361702127 0.11702127659574468 0.0851063829787234 0.42021276595744683 0.09574468085106383 
0.7021276595744681 0.11702127659574468 0.03829787234042553 0.11063829787234042 0.031914893617021274 
0.09923664122137404 0.3053435114503817 0.41475826972010177 0.1450381679389313 0.035623409669211195 
0.07647058823529412 0.6470588235294118 0.08235294117647059 0.09411764705882353 0.1 
0.12290502793296089 0.34916201117318435 0.33519553072625696 0.1424581005586592 0.05027932960893855 
0.044715447154471545 0.04878048780487805 0.044715447154471545 0.06504065040650407 0.7967479674796748 
0.0963855421686747 0.04969879518072289 0.03463855421686747 0.766566265060241 0.05271084337349398 
0.13425925925925927 0.37037037037037035 0.0787037037037037 0.09722222222222222 0.3194444444444444 
0.14251207729468598 0.28743961352657005 0.1932367149758454 0.3357487922705314 0.04106280193236715 
0.6047678795483061 0.08030112923462986 0.10163111668757842 0.1668757841907152 0.04642409033877039 
0.125 0.5340909090909091 0.08522727272727272 0.11363636363636363 0.14204545454545456 
0.06428571428571428 0.7714285714285715 0.039285714285714285 0.05 0.075 
0.11174785100286533 0.6905444126074498 0.08595988538681948 0.0659025787965616 0.045845272206303724 
0.6481481481481481 0.08148148148148149 0.10740740740740741 0.09259259259259259 0.07037037037037037 
0.3716216216216216 0.1891891891891892 0.13513513513513514 0.14189189189189189 0.16216216216216217 
0.05915813424345848 0.040955631399317405 0.07394766780432309 0.8065984072810012 0.019340159271899887 
0.12198795180722892 0.08433734939759036 0.07981927710843373 0.6340361445783133 0.07981927710843373 
0.05 0.09285714285714286 0.08571428571428572 0.04642857142857143 0.725 
0.16708229426433915 0.5361596009975063 0.12718204488778054 0.09725685785536159 0.07231920199501247 
0.04118404118404118 0.8326898326898327 0.02574002574002574 0.07593307593307594 0.02445302445302445 
0.30927835051546393 0.18556701030927836 0.2268041237113402 0.15463917525773196 0.12371134020618557 
0.11702127659574468 0.4787234042553192 0.14893617021276595 0.13829787234042554 0.11702127659574468 
0.07335907335907337 0.07335907335907337 0.06563706563706563 0.04247104247104247 0.7451737451737451 
0.21337579617834396 0.05732484076433121 0.5445859872611465 0.12420382165605096 0.06050955414012739 
0.04411764705882353 0.05514705882352941 0.051470588235294115 0.058823529411764705 0.7904411764705882 
0.09271523178807947 0.5364238410596026 0.18984547461368653 0.1434878587196468 0.037527593818984545 
0.5192307692307693 0.1346153846153846 0.04230769230769231 0.11923076923076924 0.18461538461538463 
0.12296983758700696 0.5266821345707656 0.10672853828306264 0.1925754060324826 0.05104408352668213 
0.24701195219123506 0.5059760956175299 0.12749003984063745 0.05179282868525897 0.06772908366533864 
0.15129151291512916 0.14022140221402213 0.1918819188191882 0.44280442804428044 0.07380073800738007 
0.11392405063291139 0.09177215189873418 0.3322784810126582 0.2310126582278481 0.2310126582278481 
0.20714285714285716 0.10357142857142858 0.11071428571428571 0.075 0.5035714285714286 
0.5267857142857143 0.10044642857142858 0.033482142857142856 0.09821428571428571 0.24107142857142858 
0.046153846153846156 0.8282051282051283 0.038461538461538464 0.05641025641025641 0.03076923076923077 
0.7291666666666666 0.1111111111111111 0.04861111111111111 0.06597222222222222 0.04513888888888889 
0.7422818791946308 0.032214765100671144 0.022818791946308724 0.1825503355704698 0.020134228187919462 
0.503030303030303 0.12727272727272726 0.1393939393939394 0.12121212121212122 0.10909090909090909 
0.4748062015503876 0.23837209302325582 0.050387596899224806 0.20348837209302326 0.03294573643410853 
0.03464203233256351 0.03233256351039261 0.02771362586605081 0.8775981524249422 0.02771362586605081 
0.8263772954924875 0.04674457429048414 0.04674457429048414 0.05843071786310518 0.021702838063439065 
0.03914590747330961 0.5124555160142349 0.060498220640569395 0.0498220640569395 0.33807829181494664 
0.5266272189349113 0.1893491124260355 0.09270216962524655 0.15779092702169625 0.03353057199211045 
0.7692307692307693 0.1275797373358349 0.024390243902439025 0.058161350844277676 0.020637898686679174 
0.12033195020746888 0.7012448132780082 0.04979253112033195 0.06224066390041494 0.06639004149377593 
0.7051792828685259 0.15272244355909695 0.04648074369189907 0.07569721115537849 0.0199203187250996 
0.1703125 0.5390625 0.175 0.0828125 0.0328125 
0.7693266832917706 0.026184538653366583 0.017456359102244388 0.1658354114713217 0.02119700748129676 
0.5447839831401475 0.07481559536354057 0.19599578503688092 0.1464699683877766 0.037934668071654375 
0.05 0.042222222222222223 0.8511111111111112 0.03777777777777778 0.01888888888888889 
0.09774436090225563 0.6616541353383458 0.09523809523809523 0.09523809523809523 0.05012531328320802 
0.41373801916932906 0.4249201277955272 0.036741214057507986 0.07188498402555911 0.052715654952076675 
0.03289473684210526 0.850328947368421 0.05592105263157895 0.03782894736842105 0.023026315789473683 
0.12846347607052896 0.29219143576826195 0.44080604534005036 0.0982367758186398 0.04030226700251889 
0.17663421418636996 0.6321279554937413 0.06536856745479833 0.10013908205841446 0.02573018080667594 
0.08424908424908426 0.5091575091575091 0.13553113553113552 0.21245421245421245 0.05860805860805861 
0.8757297748123436 0.03419516263552961 0.0316930775646372 0.045871559633027525 0.012510425354462052 
0.531496062992126 0.0688976377952756 0.05511811023622047 0.2992125984251969 0.045275590551181105 
0.07241379310344828 0.05517241379310345 0.04482758620689655 0.11724137931034483 0.7103448275862069 
0.16244725738396623 0.04219409282700422 0.07067510548523206 0.6930379746835443 0.03164556962025317 
0.5831485587583148 0.15077605321507762 0.09312638580931264 0.1352549889135255 0.037694013303769404 
0.08893709327548807 0.4511930585683297 0.1843817787418655 0.24945770065075923 0.026030368763557483 
0.2209026128266033 0.08788598574821853 0.22327790973871733 0.4014251781472684 0.0665083135391924 
0.21897810218978103 0.13138686131386862 0.13381995133819952 0.45255474452554745 0.06326034063260341 
0.06031128404669261 0.25486381322957197 0.5058365758754864 0.14785992217898833 0.0311284046692607 
0.06552706552706553 0.07834757834757834 0.05555555555555555 0.7706552706552706 0.029914529914529916 
0.11529411764705882 0.08 0.16 0.5694117647058824 0.07529411764705882 
0.37858220211161386 0.04072398190045249 0.0889894419306184 0.2398190045248869 0.25188536953242835 
0.19572953736654805 0.26334519572953735 0.33451957295373663 0.15302491103202848 0.05338078291814947 
0.1895910780669145 0.4392812887236679 0.10780669144981413 0.23296158612143741 0.030359355638166045 
0.10247349823321555 0.05653710247349823 0.05653710247349823 0.04946996466431095 0.734982332155477 
0.08982035928143713 0.6107784431137725 0.1497005988023952 0.08383233532934131 0.0658682634730539 
0.29015544041450775 0.07512953367875648 0.36528497409326427 0.15284974093264247 0.11658031088082901 
0.14224137931034483 0.6896551724137931 0.04741379310344827 0.0603448275862069 0.0603448275862069 
0.13615023474178403 0.3427230046948357 0.3474178403755869 0.09859154929577464 0.07511737089201878 
0.07581227436823104 0.7148014440433214 0.08664259927797834 0.07220216606498195 0.05054151624548736 
0.07729468599033816 0.6666666666666666 0.10628019323671498 0.07729468599033816 0.07246376811594203 
0.6563467492260062 0.05572755417956656 0.04643962848297214 0.18885448916408668 0.05263157894736842 
0.7648183556405354 0.11281070745697896 0.0248565965583174 0.07265774378585087 0.0248565965583174 
0.042440318302387266 0.8620689655172413 0.034482758620689655 0.034482758620689655 0.026525198938992044 
0.15294117647058825 0.24705882352941178 0.1411764705882353 0.15294117647058825 0.3058823529411765 
0.6238805970149254 0.08358208955223881 0.050746268656716415 0.1791044776119403 0.0626865671641791 
0.19753086419753085 0.37037037037037035 0.16049382716049382 0.13580246913580246 0.13580246913580246 
0.14732142857142858 0.6696428571428571 0.049107142857142856 0.07142857142857142 0.0625 
0.15979381443298968 0.4948453608247423 0.09278350515463918 0.0979381443298969 0.15463917525773196 
0.8672268907563025 0.0453781512605042 0.02689075630252101 0.047058823529411764 0.013445378151260505 
0.14285714285714285 0.10084033613445378 0.17647058823529413 0.42857142857142855 0.15126050420168066 
0.7388059701492538 0.13134328358208955 0.058208955223880594 0.050746268656716415 0.020895522388059702 
0.12878787878787878 0.06439393939393939 0.03787878787878788 0.05303030303030303 0.7159090909090909 
0.03879310344827586 0.8577586206896551 0.03017241379310345 0.03879310344827586 0.034482758620689655 
0.6518987341772152 0.14767932489451477 0.05485232067510549 0.10970464135021098 0.035864978902953586 
0.25069637883008355 0.4986072423398329 0.08913649025069638 0.11420612813370473 0.04735376044568245 
0.6609195402298851 0.08908045977011494 0.05459770114942529 0.14655172413793102 0.04885057471264368 
0.3735632183908046 0.1896551724137931 0.1206896551724138 0.14367816091954022 0.1724137931034483 
0.16049382716049382 0.08641975308641975 0.2777777777777778 0.42901234567901236 0.046296296296296294 
0.042801556420233464 0.04669260700389105 0.10894941634241245 0.054474708171206226 0.7470817120622568 
0.18614718614718614 0.12554112554112554 0.41125541125541126 0.1774891774891775 0.09956709956709957 
0.08527131782945736 0.07881136950904392 0.056847545219638244 0.7338501291989664 0.04521963824289406 
0.5178571428571429 0.10416666666666667 0.05952380952380952 0.13690476190476192 0.18154761904761904 
0.1002710027100271 0.6585365853658537 0.05962059620596206 0.13008130081300814 0.051490514905149054 
0.3575757575757576 0.12727272727272726 0.10909090909090909 0.23030303030303031 0.17575757575757575 
0.04190260475651189 0.030577576443941108 0.8244620611551529 0.08040770101925254 0.022650056625141562 
0.08888888888888889 0.05185185185185185 0.08888888888888889 0.7111111111111111 0.05925925925925926 
0.06952965235173825 0.05725971370143149 0.5623721881390593 0.25153374233128833 0.05930470347648262 
0.12981744421906694 0.36511156186612576 0.31643002028397565 0.11156186612576065 0.07707910750507099 
0.07142857142857142 0.5061224489795918 0.05102040816326531 0.34285714285714286 0.02857142857142857 
0.2503176620076239 0.23252858958068615 0.054637865311308764 0.4040660736975858 0.05844980940279543 
0.6254480286738351 0.13082437275985664 0.10752688172043011 0.0985663082437276 0.03763440860215054 
0.5126353790613718 0.13357400722021662 0.07942238267148015 0.21660649819494585 0.05776173285198556 
0.08643042350907519 0.8323249783923942 0.03889369057908384 0.033707865168539325 0.00864304235090752 
0.5360824742268041 0.13917525773195877 0.06443298969072164 0.20618556701030927 0.05412371134020619 
0.19722073757349012 0.38428647781934794 0.19615179048637094 0.20309994655264565 0.019241047568145375 
0.0836734693877551 0.6979591836734694 0.07755102040816327 0.1 0.04081632653061224 
0.5208333333333334 0.07552083333333333 0.16145833333333334 0.20052083333333334 0.041666666666666664 
0.03816793893129771 0.03489640130861505 0.8211559432933478 0.07633587786259542 0.029443838604143947 
0.11652173913043479 0.7617391304347826 0.03826086956521739 0.06260869565217392 0.020869565217391306 
0.6223628691983122 0.15611814345991562 0.05063291139240506 0.1350210970464135 0.035864978902953586 
0.13725490196078433 0.5098039215686274 0.13725490196078433 0.10784313725490197 0.10784313725490197 
0.7522935779816514 0.03669724770642202 0.019367991845056064 0.1580020387359837 0.03363914373088685 
0.3090277777777778 0.2465277777777778 0.07291666666666667 0.1388888888888889 0.2326388888888889 
0.04258675078864353 0.050473186119873815 0.7917981072555205 0.0473186119873817 0.06782334384858044 
0.17647058823529413 0.5882352941176471 0.0784313725490196 0.08496732026143791 0.0718954248366013 
0.09433962264150944 0.6037735849056604 0.10377358490566038 0.09433962264150944 0.10377358490566038 
0.15699658703071673 0.13993174061433447 0.06143344709897611 0.05460750853242321 0.5870307167235495 
0.15714285714285714 0.5142857142857142 0.08571428571428572 0.1357142857142857 0.10714285714285714 
0.04180602006688963 0.9122073578595318 0.017558528428093644 0.01839464882943144 0.010033444816053512 
0.12880143112701253 0.5080500894454383 0.26475849731663686 0.07871198568872988 0.01967799642218247 
0.2897727272727273 0.22727272727272727 0.11363636363636363 0.14204545454545456 0.22727272727272727 
0.09433962264150944 0.04905660377358491 0.04905660377358491 0.06792452830188679 0.7396226415094339 
0.09761904761904762 0.06190476190476191 0.21904761904761905 0.29285714285714287 0.32857142857142857 
0.6513409961685823 0.07662835249042145 0.06896551724137931 0.13793103448275862 0.06513409961685823 
0.10679611650485436 0.5922330097087378 0.0970873786407767 0.0970873786407767 0.10679611650485436 
0.0703883495145631 0.16019417475728157 0.5339805825242718 0.1966019417475728 0.038834951456310676 
0.14418604651162792 0.3023255813953488 0.3395348837209302 0.12093023255813953 0.09302325581395349 
0.12274368231046931 0.05776173285198556 0.04693140794223827 0.04693140794223827 0.7256317689530686 
0.20815450643776823 0.43776824034334766 0.1781115879828326 0.14377682403433475 0.032188841201716736 
0.04727272727272727 0.05090909090909091 0.04 0.14545454545454545 0.7163636363636363 
0.31363636363636366 0.075 0.3159090909090909 0.2545454545454545 0.04090909090909091 
0.026862026862026864 0.04151404151404151 0.05616605616605617 0.8485958485958486 0.026862026862026864 
0.7025641025641025 0.13846153846153847 0.04871794871794872 0.08461538461538462 0.02564102564102564 
0.16666666666666666 0.075 0.10416666666666667 0.575 0.07916666666666666 
0.05217391304347826 0.6782608695652174 0.12173913043478261 0.09565217391304348 0.05217391304347826 
0.06635071090047394 0.7535545023696683 0.07582938388625593 0.05687203791469194 0.04739336492890995 
0.6045627376425855 0.08745247148288973 0.12927756653992395 0.12927756653992395 0.049429657794676805 
0.07731520815632965 0.31265930331350894 0.49617672047578587 0.09005947323704333 0.0237892948173322 
0.10572687224669604 0.1277533039647577 0.46255506607929514 0.14977973568281938 0.15418502202643172 
0.13414634146341464 0.4121951219512195 0.046341463414634146 0.036585365853658534 0.37073170731707317 
0.5508586525759577 0.08586525759577279 0.18361955085865259 0.14398943196829592 0.035667107001321 
0.0967741935483871 0.053763440860215055 0.04659498207885305 0.05734767025089606 0.7455197132616488 
0.39461883408071746 0.43946188340807174 0.043348281016442454 0.06576980568011959 0.05680119581464873 
0.23737916219119226 0.3523093447905478 0.031149301825993556 0.07626208378088077 0.3029001074113856 
0.1916342412451362 0.12354085603112841 0.07392996108949416 0.5505836575875487 0.06031128404669261 
0.08984375 0.06640625 0.04296875 0.0390625 0.76171875 
0.023121387283236993 0.02745664739884393 0.8973988439306358 0.02601156069364162 0.02601156069364162 
0.07069219440353461 0.47128129602356406 0.09278350515463918 0.3431516936671576 0.022091310751104567 
0.08870967741935484 0.6290322580645161 0.10483870967741936 0.08064516129032258 0.0967741935483871 
0.10584958217270195 0.5348189415041783 0.06685236768802229 0.25069637883008355 0.04178272980501393 
0.6973293768545994 0.14985163204747776 0.06676557863501484 0.06528189910979229 0.020771513353115726 
0.041044776119402986 0.055970149253731345 0.13805970149253732 0.04477611940298507 0.7201492537313433 
0.2640449438202247 0.07303370786516854 0.05898876404494382 0.5421348314606742 0.06179775280898876 
0.7121771217712177 0.08118081180811808 0.055350553505535055 0.1070110701107011 0.04428044280442804 
0.030025020850708923 0.9174311926605505 0.0158465387823186 0.026688907422852376 0.010008340283569641 
0.07481060606060606 0.8200757575757576 0.05587121212121212 0.036931818181818184 0.01231060606060606 
0.03201970443349754 0.8423645320197044 0.05665024630541872 0.034482758620689655 0.034482758620689655 
0.05517241379310345 0.8137931034482758 0.041379310344827586 0.04482758620689655 0.04482758620689655 
0.05918367346938776 0.5346938775510204 0.05510204081632653 0.32653061224489793 0.024489795918367346 
0.676923076923077 0.18461538461538463 0.05 0.051923076923076926 0.03653846153846154 
0.5158924205378973 0.0488997555012225 0.06845965770171149 0.17603911980440098 0.19070904645476772 
0.4230769230769231 0.23076923076923078 0.10256410256410256 0.17307692307692307 0.07051282051282051 
0.10413476263399694 0.0444104134762634 0.08346094946401225 0.7450229709035222 0.022970903522205207 
0.06962962962962962 0.25333333333333335 0.5051851851851852 0.1451851851851852 0.02666666666666667 
0.18703855619360132 0.12633305988515175 0.1903199343724364 0.4741591468416735 0.022149302707136997 
0.7965451055662188 0.053742802303262956 0.09021113243761997 0.03838771593090211 0.02111324376199616 
0.07291666666666667 0.75 0.052083333333333336 0.06770833333333333 0.057291666666666664 
0.08778625954198473 0.07251908396946564 0.5954198473282443 0.14122137404580154 0.10305343511450382 
0.03436426116838488 0.05154639175257732 0.140893470790378 0.044673539518900345 0.7285223367697594 
0.03372681281618887 0.9291736930860034 0.00927487352445194 0.01770657672849916 0.01011804384485666 
0.14675767918088736 0.15017064846416384 0.05460750853242321 0.05460750853242321 0.5938566552901023 
0.37220149253731344 0.4076492537313433 0.08115671641791045 0.11473880597014925 0.024253731343283583 
0.06521739130434782 0.6908212560386473 0.10628019323671498 0.08695652173913043 0.050724637681159424 
0.728125 0.1 0.05 0.071875 0.05 
0.28205128205128205 0.14285714285714285 0.07326007326007326 0.2271062271062271 0.27472527472527475 
0.46411192214111924 0.057177615571776155 0.02068126520681265 0.11861313868613138 0.33941605839416056 
0.1736111111111111 0.1423611111111111 0.04861111111111111 0.059027777777777776 0.5763888888888888 
0.168141592920354 0.35398230088495575 0.13274336283185842 0.1592920353982301 0.18584070796460178 
0.7092511013215859 0.04552129221732746 0.041116005873715125 0.13215859030837004 0.07195301027900147 
0.045454545454545456 0.06439393939393939 0.10606060606060606 0.06818181818181818 0.7159090909090909 
0.10457516339869281 0.6274509803921569 0.0718954248366013 0.12418300653594772 0.0718954248366013 
0.30111524163568776 0.4646840148698885 0.06691449814126393 0.11895910780669144 0.048327137546468404 
0.0625 0.36363636363636365 0.26704545454545453 0.2556818181818182 0.05113636363636364 
0.15343915343915343 0.5476190476190477 0.06349206349206349 0.19047619047619047 0.04497354497354497 
0.789179104477612 0.05037313432835821 0.10261194029850747 0.029850746268656716 0.027985074626865673 
0.20833333333333334 0.06770833333333333 0.109375 0.19270833333333334 0.421875 
0.061371841155234655 0.7978339350180506 0.04693140794223827 0.05054151624548736 0.04332129963898917 
0.12830188679245283 0.7641509433962265 0.03207547169811321 0.05471698113207547 0.020754716981132074 
0.05531914893617021 0.774468085106383 0.059574468085106386 0.05531914893617021 0.05531914893617021 
0.7201704545454546 0.052556818181818184 0.12926136363636365 0.05397727272727273 0.04403409090909091 
0.100418410041841 0.7364016736401674 0.058577405857740586 0.05439330543933055 0.0502092050209205 
0.15825688073394495 0.2545871559633027 0.1811926605504587 0.30963302752293576 0.0963302752293578 
0.5066079295154186 0.10572687224669604 0.08370044052863436 0.22026431718061673 0.08370044052863436 
0.05263157894736842 0.045112781954887216 0.03759398496240601 0.11278195488721804 0.7518796992481203 
0.09259259259259259 0.7268518518518519 0.05787037037037037 0.08796296296296297 0.034722222222222224 
0.6742424242424242 0.12121212121212122 0.045454545454545456 0.09848484848484848 0.06060606060606061 
0.2640449438202247 0.49719101123595505 0.09550561797752809 0.10955056179775281 0.033707865168539325 
0.304 0.224 0.184 0.144 0.144 
0.19923371647509577 0.10727969348659004 0.4521072796934866 0.1839080459770115 0.05747126436781609 
0.14136125654450263 0.08900523560209424 0.11518324607329843 0.25654450261780104 0.39790575916230364 
0.04150943396226415 0.06415094339622641 0.052830188679245285 0.03773584905660377 0.8037735849056604 
0.03571428571428571 0.8310439560439561 0.03159340659340659 0.0782967032967033 0.023351648351648352 
0.111328125 0.548828125 0.23567708333333334 0.09309895833333333 0.011067708333333334 
0.3235294117647059 0.20320855614973263 0.20855614973262032 0.2018716577540107 0.06283422459893048 
0.13450292397660818 0.1695906432748538 0.5321637426900585 0.0935672514619883 0.07017543859649122 
