0.12968299711815562 0.5763688760806917 0.09510086455331412 0.08069164265129683 0.11815561959654179 
0.0743801652892562 0.047520661157024795 0.10537190082644628 0.6590909090909091 0.11363636363636363 
0.12325711098717233 0.051868377021751254 0.23424428332403793 0.2180702732849972 0.3725599553820413 
0.07142857142857142 0.02159468438538206 0.024916943521594685 0.04152823920265781 0.840531561461794 
0.15217391304347827 0.06884057971014493 0.213768115942029 0.15942028985507245 0.4057971014492754 
0.05952380952380952 0.7658730158730159 0.05952380952380952 0.05555555555555555 0.05952380952380952 
0.10362694300518134 0.6200345423143351 0.12607944732297063 0.10880829015544041 0.04145077720207254 
0.16710875331564987 0.35809018567639256 0.23342175066312998 0.08753315649867374 0.15384615384615385 
0.048484848484848485 0.01818181818181818 0.03636363636363636 0.8045454545454546 0.09242424242424242 
0.2692307692307692 0.17032967032967034 0.19230769230769232 0.10989010989010989 0.25824175824175827 
0.13218390804597702 0.06321839080459771 0.08045977011494253 0.06896551724137931 0.6551724137931034 
0.07329842931937172 0.05759162303664921 0.2617801047120419 0.4031413612565445 0.20418848167539266 
0.19558359621451105 0.1829652996845426 0.3217665615141956 0.1167192429022082 0.1829652996845426 
0.1310344827586207 0.05517241379310345 0.05862068965517241 0.05172413793103448 0.7034482758620689 
0.4270833333333333 0.03125 0.140625 0.109375 0.2916666666666667 
0.08176100628930817 0.08176100628930817 0.10062893081761007 0.14465408805031446 0.5911949685534591 
0.6391982182628062 0.06347438752783964 0.0935412026726058 0.12806236080178174 0.0757238307349666 
0.16828478964401294 0.09061488673139159 0.2168284789644013 0.4563106796116505 0.06796116504854369 
0.04417670682730924 0.7429718875502008 0.12048192771084337 0.05220883534136546 0.040160642570281124 
0.27007299270072993 0.1678832116788321 0.1386861313868613 0.32116788321167883 0.10218978102189781 
0.13004484304932734 0.03886397608370702 0.4962630792227205 0.20179372197309417 0.13303437967115098 
0.0933456561922366 0.036044362292051754 0.6210720887245841 0.08872458410351201 0.16081330868761554 
0.05723905723905724 0.02356902356902357 0.04377104377104377 0.82996632996633 0.045454545454545456 
0.04449648711943794 0.02576112412177986 0.03981264637002342 0.02810304449648712 0.8618266978922716 
0.16966580976863754 0.4884318766066838 0.1953727506426735 0.08226221079691516 0.06426735218508997 
0.24324324324324326 0.15675675675675677 0.08648648648648649 0.0918918918918919 0.42162162162162165 
0.13082706766917293 0.05263157894736842 0.5368421052631579 0.1443609022556391 0.13533834586466165 
0.2032967032967033 0.4230769230769231 0.13736263736263737 0.13736263736263737 0.0989010989010989 
0.22377622377622378 0.34615384615384615 0.10839160839160839 0.1888111888111888 0.13286713286713286 
0.1976470588235294 0.06588235294117648 0.09647058823529411 0.5035294117647059 0.13647058823529412 
0.07216494845360824 0.026509572901325478 0.21502209131075112 0.03829160530191458 0.6480117820324006 
0.5027932960893855 0.0335195530726257 0.10614525139664804 0.0782122905027933 0.27932960893854747 
0.09219858156028368 0.03900709219858156 0.07092198581560284 0.2624113475177305 0.5354609929078015 
0.09280742459396751 0.037122969837587005 0.13921113689095127 0.5846867749419954 0.14617169373549885 
0.27816901408450706 0.24295774647887325 0.22183098591549297 0.176056338028169 0.08098591549295775 
0.17429193899782136 0.0915032679738562 0.48366013071895425 0.16993464052287582 0.08061002178649238 
0.14534883720930233 0.5503875968992248 0.1511627906976744 0.05813953488372093 0.09496124031007752 
0.039568345323741004 0.02697841726618705 0.052158273381294966 0.12769784172661872 0.7535971223021583 
0.2078907435508346 0.04704097116843703 0.5174506828528073 0.16995447647951442 0.057663125948406675 
0.07865168539325842 0.06741573033707865 0.10674157303370786 0.4606741573033708 0.28651685393258425 
0.5454545454545454 0.1258741258741259 0.07342657342657342 0.17832167832167833 0.07692307692307693 
0.13829787234042554 0.0797872340425532 0.3776595744680851 0.28191489361702127 0.12234042553191489 
0.07021276595744681 0.023404255319148935 0.1148936170212766 0.6723404255319149 0.11914893617021277 
0.4961832061068702 0.06361323155216285 0.089058524173028 0.0916030534351145 0.2595419847328244 
0.12352941176470589 0.07647058823529412 0.1 0.08823529411764706 0.611764705882353 
0.505586592178771 0.0335195530726257 0.1005586592178771 0.08379888268156424 0.276536312849162 
0.04878048780487805 0.7723577235772358 0.07317073170731707 0.052845528455284556 0.052845528455284556 
0.04969879518072289 0.043674698795180725 0.7484939759036144 0.1144578313253012 0.043674698795180725 
0.10648148148148148 0.09259259259259259 0.07407407407407407 0.12037037037037036 0.6064814814814815 
0.4178743961352657 0.03864734299516908 0.13768115942028986 0.1280193236714976 0.2777777777777778 
0.14178168130489335 0.03889585947302384 0.15181932245922208 0.5997490589711418 0.06775407779171895 
0.10227272727272728 0.06818181818181818 0.07954545454545454 0.11931818181818182 0.6306818181818182 
0.06428571428571428 0.04642857142857143 0.04285714285714286 0.06428571428571428 0.7821428571428571 
0.07736389684813753 0.054441260744985676 0.054441260744985676 0.10315186246418338 0.7106017191977078 
0.15555555555555556 0.07407407407407407 0.11851851851851852 0.5888888888888889 0.06296296296296296 
0.18243243243243243 0.10810810810810811 0.14864864864864866 0.27702702702702703 0.28378378378378377 
0.11035267349260523 0.026166097838452786 0.7849829351535836 0.04550625711035267 0.03299203640500569 
0.09337349397590361 0.03313253012048193 0.6204819277108434 0.18373493975903615 0.06927710843373494 
0.08571428571428572 0.7535714285714286 0.05357142857142857 0.04642857142857143 0.060714285714285714 
0.16209476309226933 0.05236907730673317 0.07481296758104738 0.13466334164588528 0.5760598503740648 
0.05791505791505792 0.019305019305019305 0.04118404118404118 0.036036036036036036 0.8455598455598455 
0.14432989690721648 0.17525773195876287 0.12371134020618557 0.3711340206185567 0.18556701030927836 
0.13829787234042554 0.11702127659574468 0.10638297872340426 0.1276595744680851 0.5106382978723404 
0.08108108108108109 0.7683397683397684 0.04633204633204633 0.04247104247104247 0.06177606177606178 
0.5700636942675159 0.07961783439490445 0.08598726114649681 0.20382165605095542 0.06050955414012739 
0.051470588235294115 0.7794117647058824 0.0661764705882353 0.058823529411764705 0.04411764705882353 
0.1479028697571744 0.0706401766004415 0.09713024282560706 0.09050772626931568 0.5938189845474614 
0.07692307692307693 0.025 0.22884615384615384 0.5692307692307692 0.1 
0.0765661252900232 0.09048723897911833 0.1554524361948956 0.11600928074245939 0.5614849187935035 
0.11553784860557768 0.07171314741035857 0.05976095617529881 0.22709163346613545 0.5258964143426295 
0.24723247232472326 0.07380073800738007 0.3837638376383764 0.11808118081180811 0.17712177121771217 
0.10126582278481013 0.47151898734177217 0.15822784810126583 0.0949367088607595 0.17405063291139242 
0.15 0.05714285714285714 0.45357142857142857 0.24285714285714285 0.09642857142857143 
0.06473214285714286 0.026785714285714284 0.20758928571428573 0.6205357142857143 0.08035714285714286 
0.046153846153846156 0.035897435897435895 0.05128205128205128 0.046153846153846156 0.8205128205128205 
0.3090277777777778 0.041666666666666664 0.06597222222222222 0.5069444444444444 0.0763888888888889 
0.04429530201342282 0.01879194630872483 0.11812080536912752 0.7785234899328859 0.040268456375838924 
0.09696969696969697 0.10303030303030303 0.12121212121212122 0.5272727272727272 0.15151515151515152 
0.07945736434108527 0.03875968992248062 0.16666666666666666 0.4806201550387597 0.23449612403100775 
0.06235565819861432 0.03002309468822171 0.8267898383371824 0.03695150115473441 0.04387990762124711 
0.045075125208681135 0.028380634390651086 0.04340567612687813 0.8297161936560935 0.05342237061769616 
0.08185053380782918 0.4092526690391459 0.0498220640569395 0.046263345195729534 0.4128113879003559 
0.28205128205128205 0.047337278106508875 0.1755424063116371 0.3708086785009862 0.1242603550295858 
0.04690431519699812 0.028142589118198873 0.07129455909943715 0.7223264540337712 0.13133208255159476 
0.07468879668049792 0.058091286307053944 0.06224066390041494 0.14107883817427386 0.6639004149377593 
0.09561752988047809 0.03054448871181939 0.07171314741035857 0.601593625498008 0.20053120849933598 
0.215625 0.1 0.0703125 0.096875 0.5171875 
0.05486284289276808 0.02493765586034913 0.11097256857855362 0.7718204488778054 0.03740648379052369 
0.18756585879873552 0.08956796628029505 0.1559536354056902 0.49631190727081137 0.07060063224446786 
0.0811111111111111 0.6411111111111111 0.10666666666666667 0.06555555555555556 0.10555555555555556 
0.2907268170426065 0.03508771929824561 0.06015037593984962 0.09774436090225563 0.5162907268170426 
0.051118210862619806 0.020766773162939296 0.06070287539936102 0.4329073482428115 0.43450479233226835 
0.06414473684210527 0.024671052631578948 0.02631578947368421 0.044407894736842105 0.8404605263157895 
0.5188916876574308 0.07556675062972293 0.08312342569269521 0.0906801007556675 0.23173803526448364 
0.303894297635605 0.02364394993045897 0.05702364394993046 0.14812239221140472 0.4673157162726008 
0.13553113553113552 0.040293040293040296 0.1684981684981685 0.1282051282051282 0.5274725274725275 
0.026688907422852376 0.016680567139282735 0.05004170141784821 0.8698915763135947 0.03669724770642202 
0.07283464566929133 0.027559055118110236 0.265748031496063 0.5708661417322834 0.06299212598425197 
0.05517241379310345 0.7 0.1310344827586207 0.05862068965517241 0.05517241379310345 
0.043248945147679324 0.02109704641350211 0.6856540084388185 0.19831223628691982 0.05168776371308017 
0.07095343680709534 0.04434589800443459 0.14634146341463414 0.5565410199556541 0.18181818181818182 
0.18655097613882862 0.039045553145336226 0.15184381778741865 0.05856832971800434 0.5639913232104121 
0.19239904988123516 0.0665083135391924 0.44418052256532065 0.17577197149643706 0.12114014251781473 
0.1435523114355231 0.06082725060827251 0.4306569343065693 0.19951338199513383 0.1654501216545012 
0.6089494163424124 0.042801556420233464 0.10700389105058365 0.054474708171206226 0.1867704280155642 
0.1111111111111111 0.03276353276353276 0.7350427350427351 0.07264957264957266 0.04843304843304843 
0.16470588235294117 0.08470588235294117 0.6 0.07294117647058823 0.07764705882352942 
0.08446455505279035 0.03469079939668175 0.45701357466063347 0.3770739064856712 0.04675716440422323 
0.15302491103202848 0.05338078291814947 0.18505338078291814 0.17437722419928825 0.43416370106761565 
0.1493184634448575 0.020446096654275093 0.18711276332094176 0.17100371747211895 0.4721189591078067 
0.07420494699646643 0.7420494699646644 0.053003533568904596 0.07773851590106007 0.053003533568904596 
0.08383233532934131 0.10179640718562874 0.08982035928143713 0.059880239520958084 0.6646706586826348 
0.41450777202072536 0.09067357512953368 0.17616580310880828 0.22020725388601037 0.09844559585492228 
0.11637931034482758 0.05603448275862069 0.0603448275862069 0.12931034482758622 0.6379310344827587 
0.29107981220657275 0.07981220657276995 0.1643192488262911 0.07042253521126761 0.39436619718309857 
0.09025270758122744 0.06859205776173286 0.05415162454873646 0.05776173285198556 0.7292418772563177 
0.10144927536231885 0.0821256038647343 0.08695652173913043 0.06763285024154589 0.6618357487922706 
0.043343653250773995 0.034055727554179564 0.17647058823529413 0.6780185758513931 0.06811145510835913 
0.045889101338432124 0.022944550669216062 0.06883365200764818 0.7304015296367112 0.13193116634799235 
0.042440318302387266 0.03183023872679045 0.03978779840848806 0.029177718832891247 0.8567639257294429 
0.15294117647058825 0.25882352941176473 0.16470588235294117 0.2235294117647059 0.2 
0.08955223880597014 0.04477611940298507 0.21492537313432836 0.5492537313432836 0.10149253731343283 
0.18518518518518517 0.13580246913580246 0.13580246913580246 0.13580246913580246 0.4074074074074074 
0.07589285714285714 0.049107142857142856 0.07589285714285714 0.125 0.6741071428571429 
0.07731958762886598 0.08762886597938144 0.08247422680412371 0.12886597938144329 0.6237113402061856 
0.025210084033613446 0.015126050420168067 0.05714285714285714 0.8621848739495799 0.040336134453781515 
0.1092436974789916 0.14285714285714285 0.4957983193277311 0.13445378151260504 0.11764705882352941 
0.10746268656716418 0.022388059701492536 0.04626865671641791 0.6567164179104478 0.16716417910447762 
0.07575757575757576 0.7159090909090909 0.041666666666666664 0.0946969696969697 0.07196969696969698 
0.05172413793103448 0.028017241379310345 0.032327586206896554 0.03879310344827586 0.8491379310344828 
0.06118143459915612 0.03164556962025317 0.12658227848101267 0.5991561181434599 0.18143459915611815 
0.4623955431754875 0.03064066852367688 0.07520891364902507 0.1392757660167131 0.2924791086350975 
0.1810344827586207 0.04310344827586207 0.09195402298850575 0.5919540229885057 0.09195402298850575 
0.13793103448275862 0.08620689655172414 0.11494252873563218 0.41954022988505746 0.2413793103448276 
0.18209876543209877 0.11728395061728394 0.4351851851851852 0.14814814814814814 0.11728395061728394 
0.05058365758754864 0.7937743190661478 0.058365758754863814 0.05058365758754864 0.04669260700389105 
0.4329004329004329 0.2077922077922078 0.11688311688311688 0.12987012987012986 0.11255411255411256 
0.037467700258397935 0.021963824289405683 0.7351421188630491 0.10465116279069768 0.10077519379844961 
0.15178571428571427 0.047619047619047616 0.06547619047619048 0.6071428571428571 0.12797619047619047 
0.07588075880758807 0.04336043360433604 0.11653116531165311 0.07046070460704607 0.6937669376693767 
0.1393939393939394 0.09090909090909091 0.3151515151515151 0.32727272727272727 0.12727272727272726 
0.13137032842582105 0.6579841449603624 0.13363533408833522 0.031710079275198186 0.045300113250283124 
0.10740740740740741 0.04814814814814815 0.6814814814814815 0.1111111111111111 0.05185185185185185 
0.11247443762781185 0.44785276073619634 0.27607361963190186 0.10224948875255624 0.06134969325153374 
0.38336713995943206 0.06490872210953347 0.07707910750507099 0.13387423935091278 0.3407707910750507 
0.04081632653061224 0.036734693877551024 0.19591836734693877 0.05714285714285714 0.6693877551020408 
0.03939008894536213 0.030495552731893267 0.420584498094028 0.2337992376111817 0.27573062261753495 
0.6021505376344086 0.03225806451612903 0.08243727598566308 0.21863799283154123 0.06451612903225806 
0.16967509025270758 0.05776173285198556 0.19133574007220217 0.4620938628158845 0.11913357400722022 
0.04148660328435609 0.013828867761452032 0.02679343128781331 0.07865168539325842 0.8392394122731202 
0.08247422680412371 0.04381443298969072 0.2268041237113402 0.5 0.14690721649484537 
0.18813468733297703 0.07268840192410475 0.1624799572421165 0.190807055050775 0.38588989845002675 
0.24081632653061225 0.04897959183673469 0.10816326530612246 0.05510204081632653 0.5469387755102041 
0.24479166666666666 0.06510416666666667 0.16927083333333334 0.4114583333333333 0.109375 
0.0752453653217012 0.7688113413304253 0.0806979280261723 0.03271537622682661 0.04252998909487459 
0.03304347826086956 0.02608695652173913 0.04695652173913043 0.10608695652173913 0.7878260869565218 
0.08438818565400844 0.04430379746835443 0.10337552742616034 0.6054852320675106 0.16244725738396623 
0.12745098039215685 0.10784313725490197 0.11764705882352941 0.11764705882352941 0.5294117647058824 
0.053007135575942915 0.020387359836901122 0.14475025484199797 0.7533129459734964 0.02854230377166157 
0.2847222222222222 0.11805555555555555 0.09375 0.3645833333333333 0.1388888888888889 
0.09305993690851735 0.7176656151419558 0.07097791798107256 0.07255520504731862 0.04574132492113565 
0.08496732026143791 0.08496732026143791 0.08496732026143791 0.13725490196078433 0.6078431372549019 
0.1320754716981132 0.09433962264150944 0.10377358490566038 0.11320754716981132 0.5566037735849056 
0.06825938566552901 0.040955631399317405 0.5187713310580204 0.22866894197952217 0.14334470989761092 
0.10714285714285714 0.08571428571428572 0.11428571428571428 0.2 0.4928571428571429 
0.9096989966555183 0.00919732441471572 0.015050167224080268 0.011705685618729096 0.05434782608695652 
0.13237924865831843 0.03398926654740608 0.1037567084078712 0.13595706618962433 0.59391771019678 
0.1534090909090909 0.1534090909090909 0.20454545454545456 0.30113636363636365 0.1875 
0.052830188679245285 0.7283018867924528 0.06037735849056604 0.09056603773584905 0.06792452830188679 
0.16666666666666666 0.15 0.5333333333333333 0.09761904761904762 0.05238095238095238 
0.12643678160919541 0.04980842911877394 0.16475095785440613 0.6053639846743295 0.05363984674329502 
0.1262135922330097 0.0970873786407767 0.0970873786407767 0.0970873786407767 0.5825242718446602 
0.5218446601941747 0.07281553398058252 0.1407766990291262 0.12378640776699029 0.1407766990291262 
0.2651162790697674 0.09302325581395349 0.16279069767441862 0.08372093023255814 0.3953488372093023 
0.05776173285198556 0.7003610108303249 0.05415162454873646 0.148014440433213 0.039711191335740074 
0.34334763948497854 0.05793991416309013 0.10944206008583691 0.12875536480686695 0.3605150214592275 
0.05454545454545454 0.7090909090909091 0.10545454545454545 0.07636363636363637 0.05454545454545454 
0.32954545454545453 0.15227272727272728 0.12045454545454545 0.3068181818181818 0.09090909090909091 
0.08302808302808302 0.0231990231990232 0.8290598290598291 0.029304029304029304 0.03540903540903541 
0.06923076923076923 0.041025641025641026 0.07435897435897436 0.6641025641025641 0.15128205128205127 
0.09166666666666666 0.0625 0.5583333333333333 0.1875 0.1 
0.28695652173913044 0.05652173913043478 0.07391304347826087 0.05217391304347826 0.5304347826086957 
0.10426540284360189 0.05687203791469194 0.052132701421800945 0.061611374407582936 0.7251184834123223 
0.1634980988593156 0.057034220532319393 0.12547528517110265 0.5931558935361216 0.060836501901140684 
0.1826677994902294 0.2650807136788445 0.11979609175870858 0.06796941376380629 0.3644859813084112 
0.14977973568281938 0.3524229074889868 0.22466960352422907 0.10572687224669604 0.16740088105726872 
0.05609756097560976 0.04878048780487805 0.05609756097560976 0.35121951219512193 0.4878048780487805 
0.20343461030383092 0.043593130779392336 0.11228533685601057 0.5402906208718626 0.10039630118890357 
0.04659498207885305 0.6881720430107527 0.053763440860215055 0.14695340501792115 0.06451612903225806 
0.05082212257100149 0.016442451420029897 0.07025411061285501 0.38266068759342303 0.4798206278026906 
0.04403866809881848 0.22663802363050484 0.06766917293233082 0.317937701396348 0.34371643394199786 
0.07198443579766536 0.042801556420233464 0.5437743190661478 0.18482490272373542 0.1566147859922179 
0.0546875 0.75390625 0.0546875 0.07421875 0.0625 
0.08092485549132948 0.8251445086705202 0.02601156069364162 0.024566473988439308 0.04335260115606936 
0.053019145802650956 0.03829160530191458 0.18998527245949925 0.06332842415316642 0.6553755522827688 
0.11290322580645161 0.08064516129032258 0.08064516129032258 0.12096774193548387 0.6048387096774194 
0.07242339832869081 0.05013927576601671 0.1894150417827298 0.13370473537604458 0.5543175487465181 
0.12759643916913946 0.02373887240356083 0.050445103857566766 0.6513353115727003 0.14688427299703263 
0.041044776119402986 0.8208955223880597 0.041044776119402986 0.048507462686567165 0.048507462686567165 
0.1151685393258427 0.05056179775280899 0.46348314606741575 0.31179775280898875 0.05898876404494382 
0.055350553505535055 0.05166051660516605 0.14022140221402213 0.6678966789667896 0.08487084870848709 
0.9057547956630525 0.009174311926605505 0.010842368640533779 0.016680567139282735 0.057547956630525435 
0.05587121212121212 0.017992424242424244 0.030303030303030304 0.07386363636363637 0.821969696969697 
0.0665024630541872 0.04187192118226601 0.03694581280788178 0.027093596059113302 0.8275862068965517 
0.06551724137931035 0.03793103448275862 0.03793103448275862 0.06206896551724138 0.7965517241379311 
0.053061224489795916 0.0326530612244898 0.19387755102040816 0.036734693877551024 0.6836734693877551 
0.3903846153846154 0.023076923076923078 0.04807692307692308 0.40576923076923077 0.1326923076923077 
0.07090464547677261 0.03667481662591687 0.2787286063569682 0.5696821515892421 0.044009779951100246 
0.10897435897435898 0.08974358974358974 0.19230769230769232 0.4230769230769231 0.1858974358974359 
0.08958652373660031 0.03445635528330781 0.7327718223583461 0.10643185298621746 0.036753445635528334 
0.5985185185185186 0.034074074074074076 0.11407407407407408 0.05185185185185185 0.20148148148148148 
0.44626743232157506 0.02871205906480722 0.24856439704675964 0.1722723543888433 0.10418375717801477 
0.061420345489443376 0.04030710172744722 0.028790786948176585 0.8138195777351248 0.05566218809980806 
0.07291666666666667 0.052083333333333336 0.052083333333333336 0.0625 0.7604166666666666 
0.16793893129770993 0.49236641221374045 0.1450381679389313 0.12213740458015267 0.07251908396946564 
0.044673539518900345 0.8178694158075601 0.048109965635738834 0.037800687285223365 0.05154639175257732 
0.9190556492411467 0.010961214165261383 0.012647554806070826 0.012647554806070826 0.04468802698145025 
0.051194539249146756 0.05460750853242321 0.5051194539249146 0.24573378839590443 0.14334470989761092 
0.13246268656716417 0.025186567164179104 0.11847014925373134 0.34888059701492535 0.375 
0.14009661835748793 0.050724637681159424 0.10386473429951691 0.050724637681159424 0.6545893719806763 
0.3 0.046875 0.053125 0.51875 0.08125 
0.08058608058608059 0.06593406593406594 0.42124542124542125 0.358974358974359 0.07326007326007326 
0.05596107055961071 0.015206812652068127 0.1380778588807786 0.7518248175182481 0.038929440389294405 
0.052083333333333336 0.041666666666666664 0.5173611111111112 0.22569444444444445 0.16319444444444445 
0.1592920353982301 0.1504424778761062 0.12389380530973451 0.18584070796460178 0.3805309734513274 
0.07195301027900147 0.024963289280469897 0.1644640234948605 0.697503671071953 0.041116005873715125 
0.07196969696969698 0.7765151515151515 0.045454545454545456 0.045454545454545456 0.06060606060606061 
0.0784313725490196 0.0718954248366013 0.06535947712418301 0.13071895424836602 0.6535947712418301 
0.07063197026022305 0.04460966542750929 0.10408921933085502 0.2862453531598513 0.4944237918215613 
0.20170454545454544 0.05965909090909091 0.17613636363636365 0.09943181818181818 0.4630681818181818 
0.07142857142857142 0.06084656084656084 0.16137566137566137 0.15079365079365079 0.5555555555555556 
0.05223880597014925 0.03917910447761194 0.03731343283582089 0.8339552238805971 0.03731343283582089 
0.09895833333333333 0.057291666666666664 0.5026041666666666 0.2630208333333333 0.078125 
0.061371841155234655 0.04332129963898917 0.04332129963898917 0.05054151624548736 0.8014440433212996 
0.02830188679245283 0.04339622641509434 0.035849056603773584 0.12830188679245283 0.7641509433962265 
0.11914893617021277 0.04680851063829787 0.059574468085106386 0.04680851063829787 0.7276595744680852 
0.08238636363636363 0.05965909090909091 0.09659090909090909 0.6917613636363636 0.06960227272727272 
0.08786610878661087 0.0502092050209205 0.05439330543933055 0.1297071129707113 0.6778242677824268 
0.3394495412844037 0.1651376146788991 0.2545871559633027 0.11467889908256881 0.12614678899082568 
0.1013215859030837 0.05286343612334802 0.2290748898678414 0.5022026431718062 0.1145374449339207 
0.03759398496240601 0.7105263157894737 0.15413533834586465 0.04887218045112782 0.04887218045112782 
0.05787037037037037 0.037037037037037035 0.07407407407407407 0.06944444444444445 0.7615740740740741 
0.07575757575757576 0.056818181818181816 0.07196969696969698 0.6590909090909091 0.13636363636363635 
0.45224719101123595 0.03651685393258427 0.06179775280898876 0.16853932584269662 0.2808988764044944 
0.208 0.152 0.192 0.304 0.144 
0.36015325670498083 0.2681992337164751 0.13026819923371646 0.1685823754789272 0.07279693486590039 
0.1256544502617801 0.13612565445026178 0.5392670157068062 0.13089005235602094 0.06806282722513089 
0.045283018867924525 0.8150943396226416 0.045283018867924525 0.04150943396226415 0.052830188679245285 
0.057692307692307696 0.020604395604395604 0.06456043956043957 0.023351648351648352 0.8337912087912088 
0.138671875 0.038411458333333336 0.11653645833333333 0.10286458333333333 0.603515625 
0.2914438502673797 0.06283422459893048 0.17780748663101603 0.2807486631016043 0.18716577540106952 
0.40350877192982454 0.14035087719298245 0.11695906432748537 0.08187134502923976 0.2573099415204678 
