0.14985590778097982 0.5965417867435159 0.10086455331412104 0.06051873198847262 0.09221902017291066 
0.10950413223140495 0.0371900826446281 0.09504132231404959 0.6673553719008265 0.09090909090909091 
0.12883435582822086 0.06469604015616286 0.22085889570552147 0.2085889570552147 0.3770217512548801 
0.06478405315614617 0.016611295681063124 0.026578073089700997 0.03820598006644518 0.8538205980066446 
0.2826086956521739 0.10144927536231885 0.16666666666666666 0.12681159420289856 0.322463768115942 
0.06746031746031746 0.7777777777777778 0.051587301587301584 0.06349206349206349 0.03968253968253968 
0.14162348877374784 0.614853195164076 0.1070811744386874 0.07944732297063903 0.05699481865284974 
0.23607427055702918 0.3050397877984085 0.21485411140583555 0.08753315649867374 0.15649867374005305 
0.025757575757575757 0.01818181818181818 0.048484848484848485 0.7439393939393939 0.16363636363636364 
0.24725274725274726 0.13186813186813187 0.2032967032967033 0.12087912087912088 0.2967032967032967 
0.1206896551724138 0.07471264367816093 0.06896551724137931 0.08045977011494253 0.6551724137931034 
0.09947643979057591 0.06282722513089005 0.2617801047120419 0.4397905759162304 0.13612565445026178 
0.21766561514195584 0.26498422712933756 0.2744479495268139 0.09779179810725552 0.14511041009463724 
0.12413793103448276 0.07586206896551724 0.06206896551724138 0.04827586206896552 0.6896551724137931 
0.3854166666666667 0.044270833333333336 0.13802083333333334 0.0859375 0.3463541666666667 
0.08176100628930817 0.06289308176100629 0.08176100628930817 0.1320754716981132 0.6415094339622641 
0.6792873051224945 0.07461024498886415 0.05790645879732739 0.13474387527839643 0.053452115812917596 
0.15857605177993528 0.06796116504854369 0.2459546925566343 0.44983818770226536 0.07766990291262135 
0.04417670682730924 0.751004016064257 0.09236947791164658 0.06827309236947791 0.04417670682730924 
0.18248175182481752 0.13138686131386862 0.145985401459854 0.40145985401459855 0.1386861313868613 
0.12257100149476831 0.0343796711509716 0.5261584454409567 0.1898355754857997 0.12705530642750373 
0.12292051756007394 0.026802218114602587 0.5656192236598891 0.1266173752310536 0.15804066543438078 
0.058922558922558925 0.025252525252525252 0.04377104377104377 0.8249158249158249 0.04713804713804714 
0.0468384074941452 0.0234192037470726 0.03278688524590164 0.03981264637002342 0.8571428571428571 
0.18508997429305912 0.4267352185089974 0.2262210796915167 0.07197943444730077 0.08997429305912596 
0.23243243243243245 0.17297297297297298 0.11891891891891893 0.08108108108108109 0.3945945945945946 
0.162406015037594 0.03609022556390978 0.5909774436090226 0.10977443609022557 0.10075187969924812 
0.21428571428571427 0.38461538461538464 0.18681318681318682 0.14835164835164835 0.06593406593406594 
0.22727272727272727 0.34965034965034963 0.11888111888111888 0.2097902097902098 0.0944055944055944 
0.27294117647058824 0.05176470588235294 0.14588235294117646 0.42823529411764705 0.1011764705882353 
0.08541973490427099 0.035346097201767304 0.203240058910162 0.054491899852724596 0.6215022091310751 
0.4720670391061452 0.061452513966480445 0.10335195530726257 0.0670391061452514 0.29608938547486036 
0.07801418439716312 0.03900709219858156 0.1099290780141844 0.2695035460992908 0.5035460992907801 
0.14385150812064965 0.04640371229698376 0.12529002320185614 0.5638051044083526 0.12064965197215777 
0.4154929577464789 0.1619718309859155 0.18661971830985916 0.12323943661971831 0.11267605633802817 
0.19607843137254902 0.10893246187363835 0.4357298474945534 0.15904139433551198 0.10021786492374728 
0.20348837209302326 0.5697674418604651 0.10852713178294573 0.05232558139534884 0.06589147286821706 
0.04316546762589928 0.019784172661870502 0.048561151079136694 0.08992805755395683 0.7985611510791367 
0.18968133535660092 0.06828528072837632 0.5098634294385432 0.16843702579666162 0.0637329286798179 
0.10112359550561797 0.06179775280898876 0.11235955056179775 0.42134831460674155 0.30337078651685395 
0.479020979020979 0.06993006993006994 0.06993006993006994 0.2517482517482518 0.12937062937062938 
0.11170212765957446 0.0797872340425532 0.39893617021276595 0.30319148936170215 0.10638297872340426 
0.04893617021276596 0.031914893617021274 0.09361702127659574 0.7425531914893617 0.08297872340425531 
0.5012722646310432 0.08651399491094147 0.08651399491094147 0.089058524173028 0.2366412213740458 
0.12941176470588237 0.07647058823529412 0.1 0.11764705882352941 0.5764705882352941 
0.4692737430167598 0.04189944134078212 0.09217877094972067 0.09776536312849161 0.2988826815642458 
0.06504065040650407 0.7682926829268293 0.056910569105691054 0.052845528455284556 0.056910569105691054 
0.045180722891566265 0.03614457831325301 0.7198795180722891 0.13102409638554216 0.0677710843373494 
0.10185185185185185 0.09259259259259259 0.08333333333333333 0.11574074074074074 0.6064814814814815 
0.4444444444444444 0.028985507246376812 0.12560386473429952 0.07971014492753623 0.321256038647343 
0.10037641154328733 0.04015056461731493 0.13174404015056462 0.6537013801756587 0.0740276035131744 
0.07386363636363637 0.08522727272727272 0.07386363636363637 0.14772727272727273 0.6193181818181818 
0.04642857142857143 0.04285714285714286 0.060714285714285714 0.05357142857142857 0.7964285714285714 
0.10028653295128939 0.045845272206303724 0.06876790830945559 0.11174785100286533 0.673352435530086 
0.13333333333333333 0.06666666666666667 0.1111111111111111 0.5888888888888889 0.1 
0.22972972972972974 0.10810810810810811 0.16216216216216217 0.20270270270270271 0.2972972972972973 
0.08873720136518772 0.023890784982935155 0.7861205915813424 0.05915813424345848 0.04209328782707622 
0.08734939759036145 0.030120481927710843 0.661144578313253 0.1430722891566265 0.0783132530120482 
0.1 0.7214285714285714 0.05 0.05357142857142857 0.075 
0.1371571072319202 0.07481296758104738 0.0773067331670823 0.13466334164588528 0.5760598503740648 
0.04247104247104247 0.021879021879021878 0.06692406692406692 0.03474903474903475 0.833976833976834 
0.14432989690721648 0.15463917525773196 0.1958762886597938 0.27835051546391754 0.2268041237113402 
0.13829787234042554 0.11702127659574468 0.11702127659574468 0.10638297872340426 0.5212765957446809 
0.0694980694980695 0.7567567567567568 0.04633204633204633 0.05791505791505792 0.0694980694980695 
0.6464968152866242 0.06369426751592357 0.08598726114649681 0.14012738853503184 0.06369426751592357 
0.051470588235294115 0.7757352941176471 0.06985294117647059 0.051470588235294115 0.051470588235294115 
0.1346578366445916 0.05739514348785872 0.11258278145695365 0.09050772626931568 0.6048565121412803 
0.04423076923076923 0.04038461538461539 0.16153846153846155 0.676923076923077 0.07692307692307693 
0.12761020881670534 0.05336426914153132 0.1554524361948956 0.11136890951276102 0.5522041763341067 
0.11952191235059761 0.04780876494023904 0.07171314741035857 0.21115537848605578 0.549800796812749 
0.17712177121771217 0.0996309963099631 0.41697416974169743 0.14022140221402213 0.16605166051660517 
0.1360759493670886 0.4778481012658228 0.15822784810126583 0.11075949367088607 0.11708860759493671 
0.075 0.05714285714285714 0.4928571428571429 0.26785714285714285 0.10714285714285714 
0.05580357142857143 0.03125 0.16964285714285715 0.6473214285714286 0.09598214285714286 
0.04358974358974359 0.035897435897435895 0.05384615384615385 0.038461538461538464 0.8282051282051283 
0.2326388888888889 0.04861111111111111 0.06597222222222222 0.5451388888888888 0.1076388888888889 
0.42818791946308726 0.016107382550335572 0.11677852348993288 0.4161073825503356 0.022818791946308724 
0.12121212121212122 0.11515151515151516 0.12121212121212122 0.5151515151515151 0.12727272727272726 
0.04844961240310078 0.050387596899224806 0.17054263565891473 0.48643410852713176 0.2441860465116279 
0.06466512702078522 0.03695150115473441 0.8198614318706697 0.046189376443418015 0.03233256351039261 
0.06343906510851419 0.028380634390651086 0.06010016694490818 0.8130217028380634 0.035058430717863104 
0.06405693950177936 0.4306049822064057 0.046263345195729534 0.046263345195729534 0.4128113879003559 
0.3254437869822485 0.03747534516765286 0.14990138067061143 0.35502958579881655 0.13214990138067062 
0.02626641651031895 0.024390243902439025 0.06566604127579738 0.7692307692307693 0.11444652908067542 
0.0912863070539419 0.04564315352697095 0.06224066390041494 0.12033195020746888 0.6804979253112033 
0.09163346613545817 0.03054448871181939 0.07702523240371846 0.5962815405046481 0.20451527224435592 
0.140625 0.1078125 0.0484375 0.1671875 0.5359375 
0.41271820448877805 0.014962593516209476 0.11471321695760599 0.4314214463840399 0.026184538653366583 
0.20969441517386722 0.07692307692307693 0.16649104320337196 0.4720758693361433 0.07481559536354057 
0.10222222222222223 0.65 0.10333333333333333 0.056666666666666664 0.08777777777777777 
0.2807017543859649 0.040100250626566414 0.05263157894736842 0.10776942355889724 0.518796992481203 
0.04472843450479233 0.02875399361022364 0.07188498402555911 0.43450479233226835 0.42012779552715657 
0.06085526315789474 0.023026315789473683 0.018092105263157895 0.05592105263157895 0.8421052631578947 
0.49622166246851385 0.08816120906801007 0.09319899244332494 0.05793450881612091 0.26448362720403024 
0.3372739916550765 0.01808066759388039 0.0521557719054242 0.12447844228094576 0.46801112656467314 
0.15018315018315018 0.06593406593406594 0.1684981684981685 0.09523809523809523 0.5201465201465202 
0.041701417848206836 0.020016680567139282 0.05087572977481234 0.8740617180984154 0.013344453711426188 
0.0610236220472441 0.03740157480314961 0.297244094488189 0.5551181102362205 0.04921259842519685 
0.03793103448275862 0.7 0.13793103448275862 0.07241379310344828 0.05172413793103448 
0.060126582278481014 0.02531645569620253 0.6487341772151899 0.20991561181434598 0.05590717299578059 
0.08647450110864745 0.04878048780487805 0.13747228381374724 0.5343680709534369 0.19290465631929046 
0.1735357917570499 0.05639913232104121 0.15184381778741865 0.07158351409978309 0.5466377440347071 
0.19477434679334918 0.10451306413301663 0.4418052256532066 0.17814726840855108 0.08076009501187649 
0.1922141119221411 0.06326034063260341 0.39416058394160586 0.22871046228710462 0.12165450121654502 
0.5311284046692607 0.04085603112840467 0.1245136186770428 0.06614785992217899 0.23735408560311283 
0.13105413105413105 0.04415954415954416 0.7122507122507122 0.07834757834757834 0.03418803418803419 
0.15529411764705883 0.08235294117647059 0.5882352941176471 0.09647058823529411 0.07764705882352942 
0.06334841628959276 0.0392156862745098 0.4720965309200603 0.3951734539969834 0.030165912518853696 
0.302491103202847 0.05693950177935943 0.14590747330960854 0.12811387900355872 0.3665480427046263 
0.16356877323420074 0.021065675340768277 0.17038413878562578 0.15737298636926889 0.4876084262701363 
0.0636042402826855 0.7243816254416962 0.053003533568904596 0.10954063604240283 0.04946996466431095 
0.09580838323353294 0.11976047904191617 0.0718562874251497 0.059880239520958084 0.6526946107784432 
0.4067357512953368 0.06476683937823834 0.16839378238341968 0.25129533678756477 0.10880829015544041 
0.08620689655172414 0.04741379310344827 0.05172413793103448 0.12931034482758622 0.6853448275862069 
0.18779342723004694 0.11267605633802817 0.0892018779342723 0.09859154929577464 0.5117370892018779 
0.11191335740072202 0.061371841155234655 0.08303249097472924 0.05776173285198556 0.6859205776173285 
0.11594202898550725 0.06763285024154589 0.07246376811594203 0.07246376811594203 0.6714975845410628 
0.06501547987616099 0.03715170278637771 0.19195046439628483 0.631578947368421 0.07430340557275542 
0.040152963671128104 0.022944550669216062 0.07074569789674952 0.7151051625239006 0.15105162523900573 
0.04509283819628647 0.042440318302387266 0.034482758620689655 0.03183023872679045 0.8461538461538461 
0.1411764705882353 0.2823529411764706 0.18823529411764706 0.1411764705882353 0.24705882352941178 
0.1044776119402985 0.04477611940298507 0.1253731343283582 0.6328358208955224 0.09253731343283582 
0.14814814814814814 0.12345679012345678 0.13580246913580246 0.16049382716049382 0.43209876543209874 
0.08928571428571429 0.044642857142857144 0.05357142857142857 0.13392857142857142 0.6785714285714286 
0.10824742268041238 0.06701030927835051 0.07731958762886598 0.10824742268041238 0.6391752577319587 
0.041176470588235294 0.015966386554621848 0.03361344537815126 0.8764705882352941 0.03277310924369748 
0.10084033613445378 0.13445378151260504 0.5042016806722689 0.12605042016806722 0.13445378151260504 
0.08358208955223881 0.026865671641791045 0.049253731343283584 0.655223880597015 0.18507462686567164 
0.056818181818181816 0.7234848484848485 0.045454545454545456 0.08712121212121213 0.08712121212121213 
0.04310344827586207 0.02586206896551724 0.04525862068965517 0.036637931034482756 0.8491379310344828 
0.06329113924050633 0.035864978902953586 0.10337552742616034 0.5970464135021097 0.20042194092827004 
0.36768802228412256 0.027855153203342618 0.06963788300835655 0.17270194986072424 0.362116991643454 
0.13505747126436782 0.04885057471264368 0.10344827586206896 0.6206896551724138 0.09195402298850575 
0.14942528735632185 0.13218390804597702 0.10344827586206896 0.39080459770114945 0.22413793103448276 
0.19444444444444445 0.08333333333333333 0.4351851851851852 0.12037037037037036 0.16666666666666666 
0.042801556420233464 0.8132295719844358 0.0622568093385214 0.038910505836575876 0.042801556420233464 
0.26406926406926406 0.2683982683982684 0.15584415584415584 0.1645021645021645 0.1471861471861472 
0.04392764857881137 0.025839793281653745 0.7260981912144703 0.13695090439276486 0.06718346253229975 
0.15773809523809523 0.03571428571428571 0.09226190476190477 0.6041666666666666 0.11011904761904762 
0.06233062330623306 0.02981029810298103 0.13550135501355012 0.05962059620596206 0.7127371273712737 
0.13333333333333333 0.07272727272727272 0.2545454545454545 0.4121212121212121 0.12727272727272726 
0.0985277463193658 0.6500566251415628 0.15628539071347677 0.05096262740656852 0.044167610419026046 
0.08518518518518518 0.07037037037037037 0.6481481481481481 0.1259259259259259 0.07037037037037037 
0.11860940695296524 0.44171779141104295 0.278118609406953 0.08384458077709611 0.07770961145194274 
0.3975659229208925 0.09939148073022312 0.05070993914807302 0.12373225152129817 0.3286004056795132 
0.061224489795918366 0.030612244897959183 0.19387755102040816 0.04081632653061224 0.673469387755102 
0.04955527318932656 0.02795425667090216 0.4383735705209657 0.193138500635324 0.2909783989834816 
0.5197132616487455 0.035842293906810034 0.05913978494623656 0.2903225806451613 0.09498207885304659 
0.1263537906137184 0.05415162454873646 0.20577617328519857 0.4729241877256318 0.1407942238267148 
0.06050129645635264 0.016421780466724288 0.028522039757994815 0.08038029386343994 0.8141745894554884 
0.06443298969072164 0.05154639175257732 0.16237113402061856 0.5567010309278351 0.16494845360824742 
0.22340994120791022 0.06360235168359166 0.17637626937466597 0.15072153928380544 0.38588989845002675 
0.21836734693877552 0.03877551020408163 0.07755102040816327 0.05918367346938776 0.6061224489795919 
0.4192708333333333 0.0546875 0.11458333333333333 0.3203125 0.09114583333333333 
0.08287895310796074 0.737186477644493 0.0861504907306434 0.03925845147219193 0.05452562704471101 
0.050434782608695654 0.029565217391304348 0.04173913043478261 0.10608695652173913 0.7721739130434783 
0.06118143459915612 0.027426160337552744 0.09282700421940929 0.6139240506329114 0.20464135021097046 
0.09803921568627451 0.12745098039215685 0.10784313725490197 0.11764705882352941 0.5490196078431373 
0.0764525993883792 0.01529051987767584 0.13149847094801223 0.7492354740061162 0.027522935779816515 
0.2986111111111111 0.0763888888888889 0.11458333333333333 0.3645833333333333 0.14583333333333334 
0.11198738170347003 0.6861198738170347 0.08990536277602523 0.055205047318611984 0.056782334384858045 
0.0915032679738562 0.0784313725490196 0.08496732026143791 0.13071895424836602 0.6143790849673203 
0.11320754716981132 0.10377358490566038 0.09433962264150944 0.11320754716981132 0.5754716981132075 
0.051194539249146756 0.051194539249146756 0.447098976109215 0.3003412969283277 0.15017064846416384 
0.11428571428571428 0.07142857142857142 0.12142857142857143 0.17857142857142858 0.5142857142857142 
0.8578595317725752 0.010869565217391304 0.013377926421404682 0.017558528428093644 0.10033444816053512 
0.11449016100178891 0.03398926654740608 0.11985688729874776 0.10196779964221825 0.629695885509839 
0.2159090909090909 0.13068181818181818 0.14204545454545456 0.3465909090909091 0.16477272727272727 
0.06037735849056604 0.7320754716981132 0.05660377358490566 0.09433962264150944 0.05660377358490566 
0.1261904761904762 0.16666666666666666 0.5380952380952381 0.10476190476190476 0.06428571428571428 
0.09195402298850575 0.06896551724137931 0.13793103448275862 0.6360153256704981 0.06513409961685823 
0.11650485436893204 0.0970873786407767 0.0970873786407767 0.10679611650485436 0.5825242718446602 
0.45145631067961167 0.08737864077669903 0.18932038834951456 0.07766990291262135 0.1941747572815534 
0.15348837209302327 0.12093023255813953 0.12093023255813953 0.08837209302325581 0.5162790697674419 
0.05776173285198556 0.6859205776173285 0.06498194945848375 0.1444043321299639 0.04693140794223827 
0.3261802575107296 0.0536480686695279 0.07725321888412018 0.14163090128755365 0.4012875536480687 
0.06181818181818182 0.6945454545454546 0.10181818181818182 0.08363636363636363 0.05818181818181818 
0.425 0.09090909090909091 0.21363636363636362 0.19318181818181818 0.07727272727272727 
0.0757020757020757 0.02564102564102564 0.8144078144078144 0.03785103785103785 0.0463980463980464 
0.05128205128205128 0.035897435897435895 0.08717948717948718 0.6794871794871795 0.14615384615384616 
0.12083333333333333 0.05416666666666667 0.5916666666666667 0.175 0.058333333333333334 
0.1608695652173913 0.06956521739130435 0.07391304347826087 0.07391304347826087 0.6217391304347826 
0.11848341232227488 0.052132701421800945 0.04739336492890995 0.05687203791469194 0.7251184834123223 
0.10646387832699619 0.053231939163498096 0.09505703422053231 0.6653992395437263 0.07984790874524715 
0.18946474086661003 0.2599830076465591 0.10960067969413764 0.06796941376380629 0.372982158028887 
0.1762114537444934 0.3568281938325991 0.19823788546255505 0.1277533039647577 0.14096916299559473 
0.06585365853658537 0.04390243902439024 0.05121951219512195 0.36341463414634145 0.47560975609756095 
0.20871862615587847 0.06472919418758256 0.11096433289299867 0.5402906208718626 0.07529722589167767 
0.043010752688172046 0.7025089605734767 0.05017921146953405 0.14336917562724014 0.06093189964157706 
0.04035874439461883 0.026905829596412557 0.07623318385650224 0.38714499252615847 0.4693572496263079 
0.03329752953813104 0.24382384532760473 0.05800214822771214 0.34156820622986034 0.3233082706766917 
0.10505836575875487 0.04377431906614786 0.5573929961089494 0.188715953307393 0.10505836575875487 
0.0703125 0.7421875 0.05078125 0.0859375 0.05078125 
0.10982658959537572 0.7976878612716763 0.031791907514450865 0.02601156069364162 0.03468208092485549 
0.08689248895434462 0.029455081001472753 0.22827687776141384 0.030927835051546393 0.6244477172312224 
0.08064516129032258 0.08064516129032258 0.08064516129032258 0.14516129032258066 0.6129032258064516 
0.0947075208913649 0.036211699164345405 0.18384401114206128 0.10306406685236769 0.5821727019498607 
0.09495548961424333 0.025222551928783383 0.05192878338278932 0.6617210682492581 0.1661721068249258 
0.048507462686567165 0.8246268656716418 0.041044776119402986 0.041044776119402986 0.04477611940298507 
0.11797752808988764 0.03651685393258427 0.5758426966292135 0.199438202247191 0.0702247191011236 
0.07011070110701106 0.055350553505535055 0.1033210332103321 0.7121771217712177 0.05904059040590406 
0.8798999165971643 0.008340283569641367 0.009174311926605505 0.014178482068390326 0.0884070058381985 
0.07481060606060606 0.015151515151515152 0.03314393939393939 0.08712121212121213 0.7897727272727273 
0.05665024630541872 0.04926108374384237 0.027093596059113302 0.034482758620689655 0.8325123152709359 
0.041379310344827586 0.04482758620689655 0.04827586206896552 0.05172413793103448 0.8137931034482758 
0.05918367346938776 0.04081632653061224 0.2 0.044897959183673466 0.6551020408163265 
0.325 0.021153846153846155 0.04807692307692308 0.4673076923076923 0.13846153846153847 
0.05867970660146699 0.04156479217603912 0.2176039119804401 0.628361858190709 0.05378973105134474 
0.10897435897435898 0.08974358974358974 0.14102564102564102 0.46794871794871795 0.19230769230769232 
0.14318529862174578 0.033690658499234305 0.7059724349157733 0.08652373660030628 0.030627871362940276 
0.554074074074074 0.04148148148148148 0.10814814814814815 0.044444444444444446 0.2518518518518518 
0.44380639868744876 0.03937653814602133 0.23954060705496308 0.12387202625102543 0.15340442986054142 
0.05950095969289827 0.028790786948176585 0.036468330134357005 0.8406909788867563 0.0345489443378119 
0.07291666666666667 0.06770833333333333 0.0625 0.06770833333333333 0.7291666666666666 
0.16412213740458015 0.46564885496183206 0.1450381679389313 0.12595419847328243 0.09923664122137404 
0.054982817869415807 0.8213058419243986 0.05154639175257732 0.03436426116838488 0.037800687285223365 
0.8524451939291737 0.008431703204047217 0.01433389544688027 0.012647554806070826 0.112141652613828 
0.05460750853242321 0.04778156996587031 0.4539249146757679 0.29692832764505117 0.14675767918088736 
0.11753731343283583 0.026119402985074626 0.10914179104477612 0.33302238805970147 0.4141791044776119 
0.12077294685990338 0.043478260869565216 0.10144927536231885 0.057971014492753624 0.6763285024154589 
0.278125 0.04375 0.046875 0.509375 0.121875 
0.06227106227106227 0.09523809523809523 0.38095238095238093 0.3956043956043956 0.06593406593406594 
0.08394160583941605 0.017639902676399026 0.12530413625304138 0.7238442822384428 0.04927007299270073 
0.04861111111111111 0.041666666666666664 0.46875 0.2916666666666667 0.14930555555555555 
0.13274336283185842 0.1592920353982301 0.1504424778761062 0.1592920353982301 0.39823008849557523 
0.07929515418502203 0.032305433186490456 0.13215859030837004 0.723935389133627 0.032305433186490456 
0.06439393939393939 0.7727272727272727 0.041666666666666664 0.04924242424242424 0.07196969696969698 
0.10457516339869281 0.06535947712418301 0.08496732026143791 0.10457516339869281 0.6405228758169934 
0.07434944237918216 0.03717472118959108 0.09665427509293681 0.29739776951672864 0.4944237918215613 
0.19886363636363635 0.048295454545454544 0.19602272727272727 0.07102272727272728 0.48579545454545453 
0.07407407407407407 0.05291005291005291 0.16137566137566137 0.11375661375661375 0.5978835978835979 
0.05783582089552239 0.027985074626865673 0.03171641791044776 0.8152985074626866 0.06716417910447761 
0.11979166666666667 0.036458333333333336 0.5208333333333334 0.25 0.07291666666666667 
0.05415162454873646 0.039711191335740074 0.05054151624548736 0.04693140794223827 0.8086642599277978 
0.04150943396226415 0.020754716981132074 0.02830188679245283 0.1 0.809433962264151 
0.059574468085106386 0.059574468085106386 0.06808510638297872 0.04680851063829787 0.7659574468085106 
0.12215909090909091 0.05113636363636364 0.09943181818181818 0.6818181818181818 0.045454545454545456 
0.07112970711297072 0.0502092050209205 0.0794979079497908 0.07531380753138076 0.7238493723849372 
0.20871559633027523 0.25688073394495414 0.24541284403669725 0.1559633027522936 0.13302752293577982 
0.09691629955947137 0.05726872246696035 0.17180616740088106 0.5638766519823789 0.11013215859030837 
0.045112781954887216 0.7142857142857143 0.13157894736842105 0.06766917293233082 0.041353383458646614 
0.046296296296296294 0.041666666666666664 0.05324074074074074 0.07175925925925926 0.7870370370370371 
0.08712121212121213 0.045454545454545456 0.04924242424242424 0.6818181818181818 0.13636363636363635 
0.3202247191011236 0.033707865168539325 0.06741573033707865 0.20224719101123595 0.37640449438202245 
0.16 0.136 0.168 0.376 0.16 
0.26436781609195403 0.25287356321839083 0.1532567049808429 0.15708812260536398 0.1724137931034483 
0.13089005235602094 0.1099476439790576 0.5549738219895288 0.14659685863874344 0.05759162303664921 
0.04150943396226415 0.8188679245283019 0.045283018867924525 0.03773584905660377 0.05660377358490566 
0.038461538461538464 0.02197802197802198 0.05631868131868132 0.03159340659340659 0.8516483516483516 
0.14388020833333334 0.039713541666666664 0.115234375 0.10026041666666667 0.6009114583333334 
0.3502673796791444 0.05614973262032086 0.17647058823529413 0.26737967914438504 0.1497326203208556 
0.4269005847953216 0.21052631578947367 0.09941520467836257 0.10526315789473684 0.15789473684210525 
