0.06051873198847262 0.069164265129683 0.7175792507204611 0.08069164265129683 0.07204610951008646 
0.6590909090909091 0.11776859504132231 0.05785123966942149 0.10330578512396695 0.06198347107438017 
0.24539877300613497 0.3151143335192415 0.2632459564974902 0.15058561070831009 0.025655326268823202 
0.0664451827242525 0.8239202657807309 0.044850498338870434 0.03986710963455149 0.024916943521594685 
0.18840579710144928 0.3079710144927536 0.2427536231884058 0.213768115942029 0.04710144927536232 
0.06349206349206349 0.047619047619047616 0.047619047619047616 0.04365079365079365 0.7976190476190477 
0.07081174438687392 0.03454231433506045 0.690846286701209 0.13989637305699482 0.06390328151986183 
0.0636604774535809 0.1273209549071618 0.5437665782493368 0.16976127320954906 0.09549071618037135 
0.8181818181818182 0.07121212121212121 0.045454545454545456 0.04696969696969697 0.01818181818181818 
0.15934065934065933 0.2087912087912088 0.26373626373626374 0.26373626373626374 0.1043956043956044 
0.06896551724137931 0.6896551724137931 0.08620689655172414 0.08045977011494253 0.07471264367816093 
0.44502617801047123 0.16753926701570682 0.07853403141361257 0.2094240837696335 0.09947643979057591 
0.10410094637223975 0.17665615141955837 0.3753943217665615 0.26813880126182965 0.07570977917981073 
0.05862068965517241 0.6379310344827587 0.12413793103448276 0.041379310344827586 0.13793103448275862 
0.11197916666666667 0.28125 0.2838541666666667 0.2708333333333333 0.052083333333333336 
0.11949685534591195 0.6540880503144654 0.08176100628930817 0.08176100628930817 0.06289308176100629 
0.18040089086859687 0.14587973273942093 0.5512249443207127 0.10022271714922049 0.022271714922048998 
0.5339805825242718 0.0744336569579288 0.13268608414239483 0.18122977346278318 0.07766990291262135 
0.04819277108433735 0.04417670682730924 0.04417670682730924 0.08835341365461848 0.7751004016064257 
0.46715328467153283 0.12408759124087591 0.21897810218978103 0.10218978102189781 0.08759124087591241 
0.19730941704035873 0.10612855007473841 0.08221225710014948 0.5874439461883408 0.026905829596412557 
0.1256931608133087 0.16728280961182995 0.09242144177449169 0.5831792975970426 0.031423290203327174 
0.8383838383838383 0.04040404040404041 0.05723905723905724 0.045454545454545456 0.018518518518518517 
0.04918032786885246 0.8571428571428571 0.03278688524590164 0.03044496487119438 0.03044496487119438 
0.08226221079691516 0.07969151670951156 0.5115681233933161 0.20822622107969152 0.11825192802056556 
0.10810810810810811 0.3567567567567568 0.2756756756756757 0.13513513513513514 0.12432432432432433 
0.14736842105263157 0.06015037593984962 0.13984962406015036 0.6180451127819548 0.03458646616541353 
0.13186813186813187 0.12637362637362637 0.5054945054945055 0.12087912087912088 0.11538461538461539 
0.15734265734265734 0.12237762237762238 0.47202797202797203 0.0979020979020979 0.15034965034965034 
0.29411764705882354 0.11529411764705882 0.1811764705882353 0.18588235294117647 0.2235294117647059 
0.05743740795287187 0.4639175257731959 0.08689248895434462 0.37260677466863035 0.01914580265095729 
0.12849162011173185 0.36033519553072624 0.3575418994413408 0.1005586592178771 0.05307262569832402 
0.37943262411347517 0.4397163120567376 0.07801418439716312 0.06382978723404255 0.03900709219858156 
0.6310904872389791 0.14153132250580047 0.06496519721577726 0.10440835266821345 0.058004640371229696 
0.176056338028169 0.11267605633802817 0.39436619718309857 0.2605633802816901 0.056338028169014086 
0.1568627450980392 0.06318082788671024 0.25925925925925924 0.18082788671023964 0.33986928104575165 
0.04263565891472868 0.05232558139534884 0.6937984496124031 0.12015503875968993 0.09108527131782945 
0.12410071942446044 0.762589928057554 0.02877697841726619 0.06294964028776978 0.02158273381294964 
0.17602427921092564 0.09256449165402124 0.15326251896813353 0.5447647951441578 0.03338391502276176 
0.4550561797752809 0.29213483146067415 0.07865168539325842 0.10674157303370786 0.06741573033707865 
0.5874125874125874 0.1258741258741259 0.13986013986013987 0.0979020979020979 0.04895104895104895 
0.2712765957446808 0.09574468085106383 0.07446808510638298 0.44148936170212766 0.11702127659574468 
0.725531914893617 0.10638297872340426 0.04680851063829787 0.08085106382978724 0.04042553191489362 
0.09414758269720101 0.31806615776081426 0.4122137404580153 0.13994910941475827 0.035623409669211195 
0.08823529411764706 0.6352941176470588 0.1 0.10588235294117647 0.07058823529411765 
0.14804469273743018 0.3128491620111732 0.3687150837988827 0.12569832402234637 0.0446927374301676 
0.052845528455284556 0.052845528455284556 0.044715447154471545 0.06097560975609756 0.7886178861788617 
0.10993975903614457 0.03463855421686747 0.03765060240963856 0.7650602409638554 0.05271084337349398 
0.07407407407407407 0.3425925925925926 0.08796296296296297 0.125 0.37037037037037035 
0.09903381642512077 0.2777777777777778 0.30917874396135264 0.2560386473429952 0.057971014492753624 
0.6135508155583438 0.06649937264742785 0.12296110414052698 0.13927227101631118 0.05771643663739021 
0.14204545454545456 0.4715909090909091 0.10795454545454546 0.11931818181818182 0.1590909090909091 
0.060714285714285714 0.7714285714285715 0.05 0.05 0.06785714285714285 
0.12607449856733524 0.6991404011461319 0.07736389684813753 0.05730659025787966 0.04011461318051576 
0.5740740740740741 0.08518518518518518 0.14074074074074075 0.12222222222222222 0.07777777777777778 
0.25 0.25675675675675674 0.10135135135135136 0.19594594594594594 0.19594594594594594 
0.07736063708759955 0.034129692832764506 0.09101251422070535 0.7770193401592719 0.020477815699658702 
0.11897590361445783 0.09487951807228916 0.07228915662650602 0.6837349397590361 0.030120481927710843 
0.06428571428571428 0.075 0.1 0.05357142857142857 0.7071428571428572 
0.14962593516209477 0.5411471321695761 0.13216957605985039 0.12219451371571072 0.05486284289276808 
0.04118404118404118 0.8442728442728443 0.03474903474903475 0.06692406692406692 0.01287001287001287 
0.31958762886597936 0.16494845360824742 0.20618556701030927 0.16494845360824742 0.14432989690721648 
0.1276595744680851 0.44680851063829785 0.1595744680851064 0.11702127659574468 0.14893617021276595 
0.07722007722007722 0.06177606177606178 0.05019305019305019 0.04633204633204633 0.7644787644787645 
0.2356687898089172 0.05732484076433121 0.4968152866242038 0.10191082802547771 0.10828025477707007 
0.051470588235294115 0.05514705882352941 0.058823529411764705 0.058823529411764705 0.7757352941176471 
0.10375275938189846 0.6070640176600441 0.1368653421633554 0.11037527593818984 0.04194260485651214 
0.5596153846153846 0.10192307692307692 0.03653846153846154 0.125 0.17692307692307693 
0.10904872389791183 0.5336426914153132 0.12064965197215777 0.1740139211136891 0.06264501160092807 
0.21912350597609562 0.5059760956175299 0.099601593625498 0.07171314741035857 0.10358565737051793 
0.16236162361623616 0.1033210332103321 0.18450184501845018 0.4907749077490775 0.05904059040590406 
0.08544303797468354 0.0759493670886076 0.4177215189873418 0.23417721518987342 0.18670886075949367 
0.22857142857142856 0.09285714285714286 0.07857142857142857 0.075 0.525 
0.49107142857142855 0.09375 0.03794642857142857 0.11160714285714286 0.265625 
0.046153846153846156 0.8333333333333334 0.046153846153846156 0.046153846153846156 0.028205128205128206 
0.7222222222222222 0.125 0.05555555555555555 0.052083333333333336 0.04513888888888889 
0.7597315436241611 0.03355704697986577 0.02953020134228188 0.1597315436241611 0.0174496644295302 
0.5515151515151515 0.12727272727272726 0.13333333333333333 0.09090909090909091 0.09696969696969697 
0.5155038759689923 0.2558139534883721 0.031007751937984496 0.1686046511627907 0.029069767441860465 
0.03464203233256351 0.04157043879907621 0.03695150115473441 0.8568129330254042 0.03002309468822171 
0.8397328881469115 0.04006677796327212 0.04674457429048414 0.05509181969949917 0.018363939899833055 
0.05338078291814947 0.4483985765124555 0.05338078291814947 0.05338078291814947 0.3914590747330961 
0.5502958579881657 0.15779092702169625 0.09861932938856016 0.16173570019723865 0.03155818540433925 
0.7692307692307693 0.10318949343339587 0.039399624765478425 0.0675422138836773 0.020637898686679174 
0.1037344398340249 0.7012448132780082 0.058091286307053944 0.08713692946058091 0.04979253112033195 
0.6826029216467463 0.15803452855245684 0.05843293492695883 0.08233731739707835 0.01859229747675963 
0.18125 0.5296875 0.1640625 0.08125 0.04375 
0.7506234413965087 0.02119700748129676 0.03366583541147132 0.1708229426433915 0.02369077306733167 
0.5363540569020021 0.07481559536354057 0.19599578503688092 0.1327713382507903 0.06006322444678609 
0.056666666666666664 0.04111111111111111 0.8622222222222222 0.023333333333333334 0.016666666666666666 
0.11528822055137844 0.7017543859649122 0.06766917293233082 0.05263157894736842 0.06265664160401002 
0.40894568690095845 0.43130990415335463 0.04313099041533546 0.07987220447284345 0.036741214057507986 
0.05592105263157895 0.8273026315789473 0.05098684210526316 0.03618421052631579 0.029605263157894735 
0.10831234256926953 0.3123425692695214 0.3879093198992443 0.14609571788413098 0.04534005037783375 
0.16828929068150209 0.6453407510431154 0.06815020862308763 0.10013908205841446 0.01808066759388039 
0.13186813186813187 0.4908424908424908 0.15018315018315018 0.18315018315018314 0.04395604395604396 
0.8665554628857381 0.03419516263552961 0.043369474562135114 0.045871559633027525 0.010008340283569641 
0.5255905511811023 0.05511811023622047 0.05905511811023622 0.3051181102362205 0.05511811023622047 
0.09310344827586207 0.041379310344827586 0.04482758620689655 0.11379310344827587 0.7068965517241379 
0.20042194092827004 0.05168776371308017 0.07911392405063292 0.6265822784810127 0.04219409282700422 
0.5521064301552107 0.13303769401330376 0.11086474501108648 0.15964523281596452 0.04434589800443459 
0.06941431670281996 0.4316702819956616 0.1735357917570499 0.2993492407809111 0.026030368763557483 
0.1876484560570071 0.0997624703087886 0.24228028503562946 0.41330166270783847 0.057007125890736345 
0.24574209245742093 0.12895377128953772 0.1411192214111922 0.41605839416058393 0.0681265206812652 
0.06809338521400778 0.23540856031128404 0.5 0.17704280155642024 0.019455252918287938 
0.09259259259259259 0.0698005698005698 0.05128205128205128 0.7407407407407407 0.045584045584045586 
0.06588235294117648 0.0988235294117647 0.16 0.5882352941176471 0.08705882352941176 
0.36048265460030166 0.048265460030165915 0.07390648567119155 0.25188536953242835 0.2654600301659125 
0.14590747330960854 0.36298932384341637 0.2277580071174377 0.2099644128113879 0.05338078291814947 
0.1691449814126394 0.46158612143742256 0.12267657992565056 0.23482032218091697 0.011771995043370507 
0.09540636042402827 0.038869257950530034 0.07773851590106007 0.06713780918727916 0.7208480565371025 
0.10179640718562874 0.5688622754491018 0.16766467065868262 0.07784431137724551 0.08383233532934131 
0.2823834196891192 0.09844559585492228 0.4326424870466321 0.08549222797927461 0.10103626943005181 
0.17672413793103448 0.6637931034482759 0.05603448275862069 0.04741379310344827 0.05603448275862069 
0.14084507042253522 0.3145539906103286 0.352112676056338 0.107981220657277 0.08450704225352113 
0.07581227436823104 0.6028880866425993 0.1263537906137184 0.05415162454873646 0.1407942238267148 
0.0821256038647343 0.6714975845410628 0.0966183574879227 0.08695652173913043 0.06280193236714976 
0.6811145510835913 0.05263157894736842 0.04024767801857585 0.17956656346749225 0.04643962848297214 
0.7609942638623327 0.11663479923518165 0.0248565965583174 0.07265774378585087 0.0248565965583174 
0.042440318302387266 0.8541114058355438 0.03183023872679045 0.034482758620689655 0.03713527851458886 
0.2 0.21176470588235294 0.15294117647058825 0.1411764705882353 0.29411764705882354 
0.5970149253731343 0.1044776119402985 0.0626865671641791 0.1791044776119403 0.056716417910447764 
0.16049382716049382 0.38271604938271603 0.13580246913580246 0.14814814814814814 0.1728395061728395 
0.15625 0.6428571428571429 0.06696428571428571 0.07589285714285714 0.05803571428571429 
0.14432989690721648 0.5154639175257731 0.08762886597938144 0.07216494845360824 0.18041237113402062 
0.8815126050420168 0.03613445378151261 0.03361344537815126 0.03613445378151261 0.012605042016806723 
0.15126050420168066 0.13445378151260504 0.17647058823529413 0.40336134453781514 0.13445378151260504 
0.691044776119403 0.17761194029850746 0.04029850746268657 0.06716417910447761 0.023880597014925373 
0.09848484848484848 0.08712121212121213 0.041666666666666664 0.03787878787878788 0.7348484848484849 
0.032327586206896554 0.8620689655172413 0.036637931034482756 0.04310344827586207 0.02586206896551724 
0.5843881856540084 0.16877637130801687 0.06751054852320675 0.1350210970464135 0.04430379746835443 
0.22284122562674094 0.46518105849582175 0.15598885793871867 0.10584958217270195 0.05013927576601671 
0.6580459770114943 0.11494252873563218 0.06609195402298851 0.1206896551724138 0.040229885057471264 
0.42528735632183906 0.15517241379310345 0.1206896551724138 0.09195402298850575 0.20689655172413793 
0.16666666666666666 0.12037037037037036 0.16666666666666666 0.4722222222222222 0.07407407407407407 
0.038910505836575876 0.042801556420233464 0.08949416342412451 0.05058365758754864 0.7782101167315175 
0.16883116883116883 0.16883116883116883 0.44155844155844154 0.16017316017316016 0.06060606060606061 
0.1020671834625323 0.05813953488372093 0.06847545219638243 0.7196382428940569 0.05167958656330749 
0.5148809523809523 0.13988095238095238 0.08035714285714286 0.08333333333333333 0.18154761904761904 
0.07317073170731707 0.6856368563685636 0.05420054200542006 0.12466124661246612 0.06233062330623306 
0.4 0.09696969696969697 0.08484848484848485 0.3212121212121212 0.09696969696969697 
0.035107587768969425 0.0362400906002265 0.8380520951302378 0.0622876557191393 0.028312570781426953 
0.0962962962962963 0.1 0.08148148148148149 0.6814814814814815 0.040740740740740744 
0.09611451942740286 0.06339468302658487 0.556237218813906 0.23517382413087934 0.049079754601226995 
0.10141987829614604 0.37322515212981744 0.3306288032454361 0.06693711967545639 0.12778904665314403 
0.05714285714285714 0.4816326530612245 0.06326530612244897 0.373469387755102 0.024489795918367346 
0.21092757306226176 0.2503176620076239 0.060991105463786534 0.4409148665819568 0.036848792884371026 
0.553763440860215 0.14516129032258066 0.17025089605734767 0.07885304659498207 0.05197132616487455 
0.5956678700361011 0.10830324909747292 0.061371841155234655 0.148014440433213 0.08664259927797834 
0.07865168539325842 0.8202247191011236 0.05358686257562662 0.033707865168539325 0.013828867761452032 
0.5283505154639175 0.13917525773195877 0.05412371134020619 0.2190721649484536 0.059278350515463915 
0.2089791555318012 0.38214858364510956 0.18546231961517906 0.20630678781400322 0.017103153393907 
0.05510204081632653 0.6918367346938775 0.08571428571428572 0.11632653061224489 0.05102040816326531 
0.453125 0.09895833333333333 0.1875 0.19791666666666666 0.0625 
0.03380588876772083 0.04034896401308615 0.806979280261723 0.10032715376226826 0.018538713195201745 
0.11652173913043479 0.7669565217391304 0.022608695652173914 0.06260869565217392 0.03130434782608696 
0.609704641350211 0.15611814345991562 0.052742616033755275 0.1350210970464135 0.046413502109704644 
0.14705882352941177 0.5 0.12745098039215685 0.09803921568627451 0.12745098039215685 
0.7492354740061162 0.03669724770642202 0.04281345565749235 0.1345565749235474 0.03669724770642202 
0.3368055555555556 0.2534722222222222 0.06944444444444445 0.13194444444444445 0.20833333333333334 
0.052050473186119876 0.05362776025236593 0.7744479495268138 0.06466876971608833 0.055205047318611984 
0.16339869281045752 0.5686274509803921 0.0915032679738562 0.0915032679738562 0.08496732026143791 
0.11320754716981132 0.5849056603773585 0.10377358490566038 0.09433962264150944 0.10377358490566038 
0.15017064846416384 0.13310580204778158 0.05802047781569966 0.04778156996587031 0.6109215017064846 
0.18571428571428572 0.40714285714285714 0.10714285714285714 0.16428571428571428 0.1357142857142857 
0.056020066889632104 0.8921404682274248 0.019230769230769232 0.021739130434782608 0.010869565217391304 
0.1556350626118068 0.5366726296958855 0.23076923076923078 0.05366726296958855 0.023255813953488372 
0.2840909090909091 0.17045454545454544 0.08522727272727272 0.1590909090909091 0.30113636363636365 
0.09056603773584905 0.04905660377358491 0.045283018867924525 0.07547169811320754 0.7396226415094339 
0.09285714285714286 0.06666666666666667 0.21904761904761905 0.25952380952380955 0.3619047619047619 
0.685823754789272 0.07279693486590039 0.04980842911877394 0.11494252873563218 0.07662835249042145 
0.13592233009708737 0.5728155339805825 0.0970873786407767 0.0970873786407767 0.0970873786407767 
0.0970873786407767 0.220873786407767 0.4975728155339806 0.14320388349514562 0.0412621359223301 
0.13023255813953488 0.33488372093023255 0.3813953488372093 0.07441860465116279 0.07906976744186046 
0.09747292418772563 0.07220216606498195 0.039711191335740074 0.07942238267148015 0.7111913357400722 
0.1781115879828326 0.4721030042918455 0.19098712446351931 0.1223175965665236 0.03648068669527897 
0.05454545454545454 0.05454545454545454 0.04363636363636364 0.10545454545454545 0.7418181818181818 
0.3340909090909091 0.10454545454545454 0.3068181818181818 0.20454545454545456 0.05 
0.03418803418803419 0.06837606837606838 0.03907203907203907 0.8363858363858364 0.02197802197802198 
0.6948717948717948 0.13076923076923078 0.04871794871794872 0.09230769230769231 0.03333333333333333 
0.15416666666666667 0.075 0.0625 0.6208333333333333 0.0875 
0.06521739130434782 0.7304347826086957 0.07391304347826087 0.08695652173913043 0.043478260869565216 
0.06635071090047394 0.7582938388625592 0.06635071090047394 0.061611374407582936 0.04739336492890995 
0.596958174904943 0.08745247148288973 0.14068441064638784 0.11026615969581749 0.06463878326996197 
0.07731520815632965 0.32285471537807986 0.4638912489379779 0.11214953271028037 0.0237892948173322 
0.11894273127753303 0.1145374449339207 0.5198237885462555 0.16740088105726872 0.07929515418502203 
0.09024390243902439 0.3902439024390244 0.05121951219512195 0.05121951219512195 0.4170731707317073 
0.6010568031704095 0.11756935270805813 0.12417437252311757 0.12285336856010567 0.034346103038309116 
0.1111111111111111 0.05734767025089606 0.035842293906810034 0.05734767025089606 0.7383512544802867 
0.39162929745889385 0.4678624813153961 0.04035874439461883 0.053811659192825115 0.04633781763826607 
0.2620837808807734 0.3447905477980666 0.05370569280343716 0.05800214822771214 0.2814178302900107 
0.21011673151750973 0.11381322957198443 0.07782101167315175 0.5505836575875487 0.047665369649805445 
0.07421875 0.0625 0.0390625 0.04296875 0.78125 
0.036127167630057806 0.030346820809248554 0.8858381502890174 0.024566473988439308 0.023121387283236993 
0.05743740795287187 0.49042709867452133 0.09131075110456553 0.3431516936671576 0.017673048600883652 
0.13709677419354838 0.5564516129032258 0.08870967741935484 0.0967741935483871 0.12096774193548387 
0.14763231197771587 0.5431754874651811 0.08356545961002786 0.1894150417827298 0.036211699164345405 
0.7047477744807121 0.17062314540059348 0.050445103857566766 0.05341246290801187 0.020771513353115726 
0.03731343283582089 0.06716417910447761 0.12313432835820895 0.04477611940298507 0.7276119402985075 
0.23595505617977527 0.08146067415730338 0.07865168539325842 0.550561797752809 0.05337078651685393 
0.6420664206642066 0.08487084870848709 0.055350553505535055 0.14022140221402213 0.07749077490774908 
0.042535446205170975 0.9190992493744787 0.0158465387823186 0.013344453711426188 0.009174311926605505 
0.09090909090909091 0.8068181818181818 0.05776515151515151 0.029356060606060608 0.015151515151515152 
0.029556650246305417 0.8275862068965517 0.0812807881773399 0.029556650246305417 0.03201970443349754 
0.06551724137931035 0.803448275862069 0.041379310344827586 0.041379310344827586 0.04827586206896552 
0.04693877551020408 0.5326530612244897 0.05510204081632653 0.33877551020408164 0.026530612244897958 
0.6846153846153846 0.1519230769230769 0.07307692307692308 0.05961538461538462 0.03076923076923077 
0.46454767726161367 0.04645476772616137 0.08068459657701711 0.13691931540342298 0.2713936430317848 
0.4423076923076923 0.1858974358974359 0.09615384615384616 0.1858974358974359 0.08974358974358974 
0.07656967840735068 0.03905053598774885 0.10107197549770292 0.7588055130168453 0.02450229709035222 
0.06074074074074074 0.28 0.4740740740740741 0.16592592592592592 0.01925925925925926 
0.17309269893355209 0.14930270713699753 0.20918785890073832 0.42904019688269074 0.03937653814602133 
0.8272552783109405 0.03262955854126679 0.07293666026871401 0.0345489443378119 0.03262955854126679 
0.07291666666666667 0.75 0.057291666666666664 0.057291666666666664 0.0625 
0.09541984732824428 0.10687022900763359 0.5419847328244275 0.15267175572519084 0.10305343511450382 
0.048109965635738834 0.044673539518900345 0.14432989690721648 0.041237113402061855 0.7216494845360825 
0.05733558178752108 0.9005059021922428 0.013490725126475547 0.01854974704890388 0.01011804384485666 
0.15358361774744028 0.12627986348122866 0.05460750853242321 0.04778156996587031 0.6177474402730375 
0.38899253731343286 0.38899253731343286 0.055970149253731345 0.14085820895522388 0.025186567164179104 
0.05314009661835749 0.6666666666666666 0.09420289855072464 0.12077294685990338 0.06521739130434782 
0.715625 0.13125 0.05625 0.046875 0.05 
0.4139194139194139 0.0695970695970696 0.12454212454212454 0.30036630036630035 0.09157509157509157 
0.4416058394160584 0.05900243309002433 0.024939172749391728 0.11739659367396593 0.3570559610705596 
0.16666666666666666 0.11805555555555555 0.059027777777777776 0.0625 0.59375 
0.20353982300884957 0.36283185840707965 0.168141592920354 0.11504424778761062 0.1504424778761062 
0.7077826725403817 0.0513950073421439 0.03671071953010279 0.13362701908957417 0.07048458149779736 
0.045454545454545456 0.06818181818181818 0.11363636363636363 0.045454545454545456 0.7272727272727273 
0.12418300653594772 0.5686274509803921 0.10457516339869281 0.12418300653594772 0.0784313725490196 
0.3271375464684015 0.45724907063197023 0.08178438661710037 0.09293680297397769 0.040892193308550186 
0.09090909090909091 0.3977272727272727 0.2585227272727273 0.20454545454545456 0.048295454545454544 
0.1402116402116402 0.5740740740740741 0.07936507936507936 0.17724867724867724 0.0291005291005291 
0.8190298507462687 0.033582089552238806 0.08395522388059702 0.033582089552238806 0.029850746268656716 
0.22916666666666666 0.1015625 0.11197916666666667 0.16666666666666666 0.390625 
0.06859205776173286 0.779783393501805 0.05776173285198556 0.05054151624548736 0.04332129963898917 
0.11509433962264151 0.8037735849056604 0.022641509433962263 0.03962264150943396 0.018867924528301886 
0.05106382978723404 0.7489361702127659 0.07234042553191489 0.06808510638297872 0.059574468085106386 
0.7542613636363636 0.024147727272727272 0.09943181818181818 0.08096590909090909 0.041193181818181816 
0.14644351464435146 0.6778242677824268 0.06276150627615062 0.06276150627615062 0.0502092050209205 
0.1444954128440367 0.18807339449541285 0.25 0.25229357798165136 0.1651376146788991 
0.5550660792951542 0.09691629955947137 0.06607929515418502 0.19823788546255505 0.08370044052863436 
0.06015037593984962 0.041353383458646614 0.041353383458646614 0.12030075187969924 0.7368421052631579 
0.10416666666666667 0.6990740740740741 0.06944444444444445 0.09259259259259259 0.034722222222222224 
0.6818181818181818 0.10227272727272728 0.08712121212121213 0.07196969696969698 0.056818181818181816 
0.23314606741573032 0.46629213483146065 0.13764044943820225 0.10112359550561797 0.06179775280898876 
0.344 0.152 0.216 0.16 0.128 
0.19540229885057472 0.1111111111111111 0.4482758620689655 0.18007662835249041 0.06513409961685823 
0.11518324607329843 0.07853403141361257 0.14136125654450263 0.29842931937172773 0.36649214659685864 
0.045283018867924525 0.052830188679245285 0.05660377358490566 0.06037735849056604 0.7849056603773585 
0.027472527472527472 0.8516483516483516 0.03021978021978022 0.07005494505494506 0.020604395604395604 
0.14713541666666666 0.5266927083333334 0.22526041666666666 0.08268229166666667 0.018229166666666668 
0.32754010695187163 0.21524064171122995 0.22593582887700533 0.16844919786096257 0.06283422459893048 
0.14619883040935672 0.17543859649122806 0.5029239766081871 0.11695906432748537 0.05847953216374269 
