0.13544668587896252 0.5763688760806917 0.11527377521613832 0.06340057636887608 0.10951008645533142 
0.07644628099173553 0.045454545454545456 0.11983471074380166 0.6508264462809917 0.10743801652892562 
0.10708310094813163 0.06860011154489683 0.21360847741215838 0.22699386503067484 0.3837144450641383 
0.08305647840531562 0.02159468438538206 0.03488372093023256 0.03986710963455149 0.8205980066445183 
0.15217391304347827 0.06159420289855073 0.19927536231884058 0.213768115942029 0.37318840579710144 
0.047619047619047616 0.7936507936507936 0.05555555555555555 0.051587301587301584 0.051587301587301584 
0.17962003454231434 0.5699481865284974 0.09844559585492228 0.07772020725388601 0.07426597582037997 
0.1724137931034483 0.35013262599469497 0.2546419098143236 0.0610079575596817 0.16180371352785147 
0.045454545454545456 0.025757575757575757 0.031818181818181815 0.8106060606060606 0.08636363636363636 
0.24725274725274726 0.11538461538461539 0.10989010989010989 0.15934065934065933 0.36813186813186816 
0.10344827586206896 0.06321839080459771 0.09770114942528736 0.08620689655172414 0.6494252873563219 
0.13612565445026178 0.05759162303664921 0.25654450261780104 0.38219895287958117 0.16753926701570682 
0.24605678233438485 0.22082018927444794 0.27129337539432175 0.11356466876971609 0.14826498422712933 
0.09310344827586207 0.04482758620689655 0.05517241379310345 0.06551724137931035 0.7413793103448276 
0.421875 0.059895833333333336 0.109375 0.09114583333333333 0.3177083333333333 
0.12578616352201258 0.06289308176100629 0.08176100628930817 0.11949685534591195 0.610062893081761 
0.6347438752783965 0.05790645879732739 0.10244988864142539 0.11804008908685969 0.08685968819599109 
0.20064724919093851 0.061488673139158574 0.22006472491909385 0.45307443365695793 0.06472491909385113 
0.040160642570281124 0.7429718875502008 0.11244979919678715 0.05220883534136546 0.05220883534136546 
0.16058394160583941 0.10218978102189781 0.11678832116788321 0.5036496350364964 0.11678832116788321 
0.15097159940209268 0.03288490284005979 0.476831091180867 0.21823617339312407 0.1210762331838565 
0.11645101663585952 0.026802218114602587 0.588724584103512 0.08317929759704251 0.18484288354898337 
0.0707070707070707 0.02356902356902357 0.04882154882154882 0.8198653198653199 0.037037037037037035 
0.0468384074941452 0.03044496487119438 0.0468384074941452 0.03981264637002342 0.8360655737704918 
0.2159383033419023 0.4910025706940874 0.15681233933161953 0.056555269922879174 0.07969151670951156 
0.2594594594594595 0.1891891891891892 0.12972972972972974 0.10270270270270271 0.31891891891891894 
0.20300751879699247 0.031578947368421054 0.5157894736842106 0.13233082706766916 0.11729323308270677 
0.2802197802197802 0.31868131868131866 0.2087912087912088 0.11538461538461539 0.07692307692307693 
0.2727272727272727 0.3881118881118881 0.08041958041958042 0.15034965034965034 0.10839160839160839 
0.2541176470588235 0.08941176470588236 0.1011764705882353 0.46352941176470586 0.09176470588235294 
0.042709867452135494 0.029455081001472753 0.1958762886597938 0.036818851251840944 0.695139911634757 
0.45251396648044695 0.04189944134078212 0.10893854748603352 0.09776536312849161 0.2988826815642458 
0.0673758865248227 0.03900709219858156 0.0851063829787234 0.2624113475177305 0.5460992907801419 
0.14617169373549885 0.03944315545243619 0.13225058004640372 0.5382830626450116 0.14385150812064965 
0.3415492957746479 0.23943661971830985 0.1936619718309859 0.13028169014084506 0.09507042253521127 
0.20697167755991286 0.12636165577342048 0.45751633986928103 0.1437908496732026 0.06535947712418301 
0.15503875968992248 0.6143410852713178 0.07751937984496124 0.05426356589147287 0.09883720930232558 
0.0341726618705036 0.030575539568345324 0.06115107913669065 0.0737410071942446 0.8003597122302158 
0.22610015174506828 0.04400606980273141 0.46889226100151743 0.2078907435508346 0.05311077389984825 
0.10674157303370786 0.06179775280898876 0.1348314606741573 0.4044943820224719 0.29213483146067415 
0.5559440559440559 0.08041958041958042 0.08391608391608392 0.17482517482517482 0.1048951048951049 
0.13297872340425532 0.06382978723404255 0.4148936170212766 0.26595744680851063 0.12234042553191489 
0.05319148936170213 0.027659574468085105 0.10851063829787234 0.7340425531914894 0.07659574468085106 
0.5648854961832062 0.07124681933842239 0.08651399491094147 0.06870229007633588 0.20865139949109415 
0.10588235294117647 0.08823529411764706 0.10588235294117647 0.08823529411764706 0.611764705882353 
0.4441340782122905 0.05027932960893855 0.0782122905027933 0.10893854748603352 0.31843575418994413 
0.04878048780487805 0.7886178861788617 0.052845528455284556 0.056910569105691054 0.052845528455284556 
0.058734939759036146 0.025602409638554216 0.7740963855421686 0.09487951807228916 0.046686746987951805 
0.18055555555555555 0.09722222222222222 0.07407407407407407 0.0787037037037037 0.5694444444444444 
0.4420289855072464 0.04589371980676329 0.1111111111111111 0.13768115942028986 0.2632850241545894 
0.11292346298619825 0.04893350062735257 0.1806775407779172 0.5859473023839398 0.07151819322459223 
0.09659090909090909 0.07954545454545454 0.09659090909090909 0.11363636363636363 0.6136363636363636 
0.07142857142857142 0.03571428571428571 0.05 0.06785714285714285 0.775 
0.09455587392550144 0.04011461318051576 0.05157593123209169 0.10601719197707736 0.7077363896848138 
0.14074074074074075 0.06296296296296296 0.0962962962962963 0.6259259259259259 0.07407407407407407 
0.20270270270270271 0.10810810810810811 0.14189189189189189 0.24324324324324326 0.30405405405405406 
0.1149032992036405 0.022753128555176336 0.770193401592719 0.03640500568828214 0.055745164960182024 
0.09186746987951808 0.03614457831325301 0.6430722891566265 0.1280120481927711 0.10090361445783133 
0.09285714285714286 0.7178571428571429 0.05714285714285714 0.06428571428571428 0.06785714285714285 
0.1571072319201995 0.04239401496259352 0.07481296758104738 0.1596009975062344 0.5660847880299252 
0.059202059202059204 0.02445302445302445 0.059202059202059204 0.029601029601029602 0.8275418275418276 
0.15463917525773196 0.17525773195876287 0.15463917525773196 0.31958762886597936 0.1958762886597938 
0.13829787234042554 0.10638297872340426 0.11702127659574468 0.13829787234042554 0.5 
0.0888030888030888 0.7567567567567568 0.04247104247104247 0.04247104247104247 0.0694980694980695 
0.6114649681528662 0.06369426751592357 0.09235668789808917 0.17834394904458598 0.054140127388535034 
0.058823529411764705 0.7720588235294118 0.0625 0.05514705882352941 0.051470588235294115 
0.16335540838852097 0.05739514348785872 0.0772626931567329 0.10596026490066225 0.5960264900662252 
0.04807692307692308 0.04230769230769231 0.2673076923076923 0.5384615384615384 0.10384615384615385 
0.14385150812064965 0.07192575406032482 0.15081206496519722 0.08816705336426914 0.5452436194895591 
0.09163346613545817 0.09163346613545817 0.09561752988047809 0.21115537848605578 0.5099601593625498 
0.22878228782287824 0.1033210332103321 0.4132841328413284 0.1033210332103321 0.15129151291512916 
0.1550632911392405 0.4651898734177215 0.17721518987341772 0.0949367088607595 0.10759493670886076 
0.09642857142857143 0.05357142857142857 0.4857142857142857 0.2642857142857143 0.1 
0.05357142857142857 0.03125 0.27455357142857145 0.5691964285714286 0.07142857142857142 
0.04871794871794872 0.035897435897435895 0.038461538461538464 0.041025641025641026 0.8358974358974359 
0.2777777777777778 0.052083333333333336 0.0763888888888889 0.5208333333333334 0.07291666666666667 
0.06442953020134229 0.01879194630872483 0.11677852348993288 0.7503355704697987 0.049664429530201344 
0.11515151515151516 0.11515151515151516 0.12121212121212122 0.5333333333333333 0.11515151515151516 
0.08527131782945736 0.03488372093023256 0.15310077519379844 0.4689922480620155 0.25775193798449614 
0.06235565819861432 0.03464203233256351 0.8383371824480369 0.03464203233256351 0.03002309468822171 
0.06343906510851419 0.025041736227045076 0.04674457429048414 0.8330550918196995 0.03171953255425709 
0.1103202846975089 0.40569395017793597 0.0498220640569395 0.046263345195729534 0.3879003558718861 
0.2938856015779093 0.03353057199211045 0.14595660749506903 0.40631163708086787 0.1203155818540434 
0.0375234521575985 0.024390243902439025 0.0675422138836773 0.7392120075046904 0.13133208255159476 
0.08713692946058091 0.05394190871369295 0.05394190871369295 0.0912863070539419 0.7136929460580913 
0.13545816733067728 0.0199203187250996 0.06772908366533864 0.601593625498008 0.1752988047808765 
0.1734375 0.0890625 0.065625 0.1359375 0.5359375 
0.048628428927680795 0.014962593516209476 0.12094763092269327 0.7743142144638404 0.04114713216957606 
0.16649104320337196 0.0874604847207587 0.1464699683877766 0.5184404636459431 0.08113804004214963 
0.12222222222222222 0.6544444444444445 0.08333333333333333 0.07555555555555556 0.06444444444444444 
0.3007518796992481 0.045112781954887216 0.07518796992481203 0.06766917293233082 0.5112781954887218 
0.051118210862619806 0.038338658146964855 0.06070287539936102 0.4009584664536741 0.4488817891373802 
0.07072368421052631 0.023026315789473683 0.03125 0.039473684210526314 0.8355263157894737 
0.5667506297229219 0.0654911838790932 0.09571788413098237 0.07304785894206549 0.19899244332493704 
0.33936022253129344 0.027816411682892908 0.06258692628650904 0.1404728789986092 0.4297635605006954 
0.21978021978021978 0.05128205128205128 0.1391941391941392 0.0989010989010989 0.4908424908424908 
0.0316930775646372 0.010842368640533779 0.041701417848206836 0.8874061718098415 0.02835696413678065 
0.06692913385826772 0.04133858267716536 0.3169291338582677 0.5275590551181102 0.047244094488188976 
0.04482758620689655 0.7 0.1310344827586207 0.05172413793103448 0.07241379310344828 
0.08860759493670886 0.013713080168776372 0.6782700421940928 0.15822784810126583 0.06118143459915612 
0.08425720620842572 0.050997782705099776 0.0975609756097561 0.5742793791574279 0.19290465631929046 
0.20607375271149675 0.052060737527114966 0.14316702819956617 0.06724511930585683 0.5314533622559653 
0.17339667458432304 0.13539192399049882 0.3990498812351544 0.17339667458432304 0.1187648456057007 
0.2141119221411192 0.06569343065693431 0.35523114355231145 0.22871046228710462 0.1362530413625304 
0.5933852140077821 0.0311284046692607 0.11478599221789883 0.048638132295719845 0.21206225680933852 
0.10398860398860399 0.03276353276353276 0.7421652421652422 0.0811965811965812 0.039886039886039885 
0.24 0.0611764705882353 0.5341176470588235 0.07294117647058823 0.09176470588235294 
0.08446455505279035 0.04675716440422323 0.4419306184012066 0.3936651583710407 0.033182503770739065 
0.14590747330960854 0.060498220640569395 0.2099644128113879 0.19217081850533807 0.3914590747330961 
0.1771995043370508 0.024783147459727387 0.14745972738537794 0.16047087980173483 0.49008674101610905 
0.04946996466431095 0.7526501766784452 0.05653710247349823 0.0989399293286219 0.04240282685512368 
0.10179640718562874 0.09580838323353294 0.0658682634730539 0.07784431137724551 0.6586826347305389 
0.48704663212435234 0.07772020725388601 0.11139896373056994 0.22797927461139897 0.09585492227979274 
0.11206896551724138 0.05172413793103448 0.05172413793103448 0.08189655172413793 0.7025862068965517 
0.38497652582159625 0.06572769953051644 0.09389671361502347 0.10328638497652583 0.352112676056338 
0.08664259927797834 0.06859205776173286 0.06498194945848375 0.05776173285198556 0.7220216606498195 
0.08695652173913043 0.08695652173913043 0.09178743961352658 0.057971014492753624 0.6763285024154589 
0.07120743034055728 0.030959752321981424 0.14860681114551083 0.6780185758513931 0.07120743034055728 
0.036328871892925434 0.02676864244741874 0.08986615678776291 0.6921606118546845 0.15487571701720843 
0.0636604774535809 0.034482758620689655 0.05305039787798409 0.03183023872679045 0.8169761273209549 
0.16470588235294117 0.25882352941176473 0.21176470588235294 0.2 0.16470588235294117 
0.0626865671641791 0.050746268656716415 0.15522388059701492 0.6119402985074627 0.11940298507462686 
0.18518518518518517 0.12345679012345678 0.13580246913580246 0.13580246913580246 0.41975308641975306 
0.125 0.044642857142857144 0.0625 0.06696428571428571 0.7008928571428571 
0.07216494845360824 0.08247422680412371 0.0979381443298969 0.12371134020618557 0.6237113402061856 
0.029411764705882353 0.013445378151260505 0.034453781512605045 0.8932773109243698 0.029411764705882353 
0.1092436974789916 0.18487394957983194 0.42857142857142855 0.13445378151260504 0.14285714285714285 
0.1044776119402985 0.020895522388059702 0.056716417910447764 0.6656716417910448 0.15223880597014924 
0.07954545454545454 0.7272727272727273 0.041666666666666664 0.09090909090909091 0.06060606060606061 
0.04525862068965517 0.032327586206896554 0.03017241379310345 0.03017241379310345 0.8620689655172413 
0.06118143459915612 0.02109704641350211 0.10548523206751055 0.609704641350211 0.20253164556962025 
0.4428969359331476 0.04178272980501393 0.052924791086350974 0.15598885793871867 0.3064066852367688 
0.1235632183908046 0.0603448275862069 0.1206896551724138 0.6063218390804598 0.08908045977011494 
0.12643678160919541 0.16666666666666666 0.07471264367816093 0.43103448275862066 0.20114942528735633 
0.20987654320987653 0.08950617283950617 0.41358024691358025 0.1728395061728395 0.11419753086419752 
0.05058365758754864 0.8093385214007782 0.054474708171206226 0.04669260700389105 0.038910505836575876 
0.3939393939393939 0.1774891774891775 0.16017316017316016 0.12987012987012986 0.13852813852813853 
0.07364341085271318 0.028423772609819122 0.7377260981912145 0.08010335917312661 0.08010335917312661 
0.15773809523809523 0.03571428571428571 0.08630952380952381 0.5803571428571429 0.13988095238095238 
0.06233062330623306 0.051490514905149054 0.10840108401084012 0.07859078590785908 0.6991869918699187 
0.13333333333333333 0.12727272727272726 0.26666666666666666 0.3696969696969697 0.10303030303030303 
0.12117780294450736 0.6704416761041903 0.1087202718006795 0.06002265005662514 0.039637599093997736 
0.15185185185185185 0.07407407407407407 0.6407407407407407 0.06666666666666667 0.06666666666666667 
0.13496932515337423 0.45194274028629855 0.28629856850715746 0.08588957055214724 0.0408997955010225 
0.4340770791075051 0.04665314401622718 0.058823529411764705 0.17647058823529413 0.2839756592292089 
0.061224489795918366 0.036734693877551024 0.16938775510204082 0.04285714285714286 0.689795918367347 
0.04066073697585769 0.03811944091486658 0.41168996188055906 0.18043202033036848 0.3290978398983482 
0.5770609318996416 0.04121863799283154 0.06093189964157706 0.2670250896057348 0.053763440860215055 
0.10469314079422383 0.061371841155234655 0.19133574007220217 0.5090252707581228 0.13357400722021662 
0.05012964563526361 0.019878997407087293 0.027657735522904063 0.06482281763180639 0.8375108038029386 
0.10051546391752578 0.04896907216494845 0.22422680412371135 0.46649484536082475 0.15979381443298968 
0.18760021378941744 0.06627471940138963 0.190807055050775 0.16835916622127206 0.38695884553714593 
0.24285714285714285 0.044897959183673466 0.11020408163265306 0.044897959183673466 0.5571428571428572 
0.2552083333333333 0.057291666666666664 0.15104166666666666 0.421875 0.11458333333333333 
0.07960741548527808 0.7273718647764449 0.10687022900763359 0.04689203925845147 0.03925845147219193 
0.043478260869565216 0.02434782608695652 0.04521739130434783 0.07478260869565218 0.8121739130434783 
0.05485232067510549 0.0379746835443038 0.10970464135021098 0.6434599156118144 0.1540084388185654 
0.11764705882352941 0.10784313725490197 0.10784313725490197 0.10784313725490197 0.5588235294117647 
0.07849133537206932 0.01529051987767584 0.16106014271151886 0.6931702344546381 0.05198776758409786 
0.1736111111111111 0.06944444444444445 0.11805555555555555 0.4201388888888889 0.21875 
0.09305993690851735 0.7145110410094637 0.07413249211356467 0.04889589905362776 0.0694006309148265 
0.0915032679738562 0.06535947712418301 0.0718954248366013 0.13725490196078433 0.6339869281045751 
0.09433962264150944 0.10377358490566038 0.10377358490566038 0.09433962264150944 0.6037735849056604 
0.034129692832764506 0.04436860068259386 0.5597269624573379 0.20136518771331058 0.16040955631399317 
0.10714285714285714 0.09285714285714286 0.1357142857142857 0.17857142857142858 0.4857142857142857 
0.9138795986622074 0.010869565217391304 0.010869565217391304 0.01839464882943144 0.04598662207357859 
0.10554561717352415 0.04114490161001789 0.07692307692307693 0.13059033989266547 0.6457960644007156 
0.14772727272727273 0.09659090909090909 0.13068181818181818 0.3977272727272727 0.22727272727272727 
0.06037735849056604 0.7283018867924528 0.06415094339622641 0.09433962264150944 0.052830188679245285 
0.14285714285714285 0.16428571428571428 0.5071428571428571 0.14285714285714285 0.04285714285714286 
0.10344827586206896 0.06130268199233716 0.14942528735632185 0.6168582375478927 0.06896551724137931 
0.10679611650485436 0.0970873786407767 0.10679611650485436 0.0970873786407767 0.5922330097087378 
0.5461165048543689 0.07766990291262135 0.1262135922330097 0.06553398058252427 0.18446601941747573 
0.42790697674418604 0.06046511627906977 0.08837209302325581 0.08837209302325581 0.33488372093023255 
0.04332129963898917 0.6931407942238267 0.061371841155234655 0.148014440433213 0.05415162454873646 
0.3369098712446352 0.05150214592274678 0.12875536480686695 0.12446351931330472 0.3583690987124464 
0.05454545454545454 0.7090909090909091 0.12 0.06545454545454546 0.05090909090909091 
0.3409090909090909 0.125 0.15454545454545454 0.30454545454545456 0.075 
0.07692307692307693 0.028083028083028084 0.8070818070818071 0.03785103785103785 0.050061050061050064 
0.06153846153846154 0.03076923076923077 0.08717948717948718 0.6974358974358974 0.12307692307692308 
0.07916666666666666 0.0625 0.6 0.17083333333333334 0.0875 
0.2565217391304348 0.04782608695652174 0.0782608695652174 0.06521739130434782 0.5521739130434783 
0.10426540284360189 0.052132701421800945 0.05687203791469194 0.052132701421800945 0.7345971563981043 
0.1482889733840304 0.057034220532319393 0.11787072243346007 0.5855513307984791 0.09125475285171103 
0.22344944774851316 0.2829226847918437 0.06796941376380629 0.07051826677994902 0.35514018691588783 
0.19383259911894274 0.42290748898678415 0.16299559471365638 0.07048458149779736 0.14977973568281938 
0.06585365853658537 0.04878048780487805 0.05121951219512195 0.36097560975609755 0.47317073170731705 
0.23910171730515192 0.0607661822985469 0.10171730515191546 0.52443857331572 0.07397622192866579 
0.05017921146953405 0.7132616487455197 0.04659498207885305 0.13978494623655913 0.05017921146953405 
0.04633781763826607 0.02242152466367713 0.059790732436472344 0.39461883408071746 0.476831091180867 
0.05370569280343716 0.2513426423200859 0.05155746509129968 0.28678839957035446 0.35660580021482274 
0.10603112840466926 0.054474708171206226 0.5369649805447471 0.17996108949416342 0.122568093385214 
0.05859375 0.75390625 0.0546875 0.08984375 0.04296875 
0.09826589595375723 0.8020231213872833 0.030346820809248554 0.03901734104046243 0.030346820809248554 
0.047128129602356406 0.029455081001472753 0.17673048600883653 0.045655375552282766 0.7010309278350515 
0.12903225806451613 0.08064516129032258 0.08870967741935484 0.11290322580645161 0.5887096774193549 
0.09192200557103064 0.055710306406685235 0.17827298050139276 0.08913649025069638 0.584958217270195 
0.08605341246290801 0.01483679525222552 0.05192878338278932 0.6780415430267063 0.16913946587537093 
0.04477611940298507 0.8022388059701493 0.048507462686567165 0.041044776119402986 0.06343283582089553 
0.09550561797752809 0.047752808988764044 0.5814606741573034 0.20786516853932585 0.06741573033707865 
0.08118081180811808 0.04428044280442804 0.11808118081180811 0.6605166051660517 0.0959409594095941 
0.9274395329441201 0.011676396997497914 0.010842368640533779 0.014178482068390326 0.03586321934945788 
0.0625 0.017992424242424244 0.020833333333333332 0.07954545454545454 0.8191287878787878 
0.08374384236453201 0.027093596059113302 0.03201970443349754 0.027093596059113302 0.8300492610837439 
0.041379310344827586 0.03793103448275862 0.041379310344827586 0.04482758620689655 0.8344827586206897 
0.044897959183673466 0.03469387755102041 0.1653061224489796 0.04285714285714286 0.7122448979591837 
0.3019230769230769 0.028846153846153848 0.051923076923076926 0.5115384615384615 0.10576923076923077 
0.07823960880195599 0.044009779951100246 0.2762836185819071 0.5452322738386308 0.05623471882640587 
0.09615384615384616 0.09615384615384616 0.20512820512820512 0.4358974358974359 0.16666666666666666 
0.11638591117917305 0.02450229709035222 0.7059724349157733 0.12098009188361408 0.03215926493108729 
0.5985185185185186 0.022222222222222223 0.1288888888888889 0.03851851851851852 0.21185185185185185 
0.45036915504511893 0.02871205906480722 0.2387202625102543 0.13043478260869565 0.15176374077112387 
0.07485604606525911 0.026871401151631478 0.04030710172744722 0.7984644913627639 0.05950095969289827 
0.08333333333333333 0.057291666666666664 0.0625 0.06770833333333333 0.7291666666666666 
0.21755725190839695 0.44274809160305345 0.12213740458015267 0.1183206106870229 0.09923664122137404 
0.054982817869415807 0.8247422680412371 0.044673539518900345 0.037800687285223365 0.037800687285223365 
0.9148397976391232 0.00927487352445194 0.01011804384485666 0.013490725126475547 0.05227655986509275 
0.06484641638225255 0.03754266211604096 0.5290102389078498 0.20819112627986347 0.16040955631399317 
0.13152985074626866 0.029850746268656716 0.13246268656716417 0.29011194029850745 0.416044776119403 
0.1570048309178744 0.04830917874396135 0.07004830917874397 0.04830917874396135 0.6763285024154589 
0.30625 0.040625 0.0625 0.503125 0.0875 
0.08791208791208792 0.12454212454212454 0.3553113553113553 0.36996336996337 0.06227106227106227 
0.04318734793187348 0.018856447688564478 0.12712895377128955 0.7487834549878345 0.06204379562043796 
0.05555555555555555 0.03819444444444445 0.53125 0.19791666666666666 0.17708333333333334 
0.17699115044247787 0.17699115044247787 0.12389380530973451 0.22123893805309736 0.3008849557522124 
0.07195301027900147 0.033773861967694566 0.1512481644640235 0.6960352422907489 0.04698972099853157 
0.07954545454545454 0.7689393939393939 0.045454545454545456 0.041666666666666664 0.06439393939393939 
0.08496732026143791 0.0718954248366013 0.11764705882352941 0.09803921568627451 0.6274509803921569 
0.07806691449814127 0.055762081784386616 0.09293680297397769 0.2825278810408922 0.49070631970260226 
0.13352272727272727 0.07102272727272728 0.16193181818181818 0.11363636363636363 0.5198863636363636 
0.06613756613756613 0.06084656084656084 0.14285714285714285 0.12433862433862433 0.6058201058201058 
0.05783582089552239 0.03917910447761194 0.04664179104477612 0.8152985074626866 0.041044776119402986 
0.140625 0.06770833333333333 0.5026041666666666 0.2109375 0.078125 
0.06498194945848375 0.039711191335740074 0.04332129963898917 0.04693140794223827 0.8050541516245487 
0.04150943396226415 0.020754716981132074 0.035849056603773584 0.09811320754716982 0.8037735849056604 
0.07234042553191489 0.06382978723404255 0.059574468085106386 0.06382978723404255 0.7404255319148936 
0.09801136363636363 0.045454545454545456 0.08806818181818182 0.7144886363636364 0.05397727272727273 
0.100418410041841 0.0502092050209205 0.058577405857740586 0.07112970711297072 0.7196652719665272 
0.2591743119266055 0.2018348623853211 0.27293577981651373 0.10091743119266056 0.1651376146788991 
0.0881057268722467 0.07929515418502203 0.1894273127753304 0.4933920704845815 0.14977973568281938 
0.045112781954887216 0.7180451127819549 0.12406015037593984 0.07142857142857142 0.041353383458646614 
0.05324074074074074 0.037037037037037035 0.06944444444444445 0.07175925925925926 0.7685185185185185 
0.09848484848484848 0.056818181818181816 0.07196969696969698 0.6666666666666666 0.10606060606060606 
0.41853932584269665 0.03651685393258427 0.07303370786516854 0.14887640449438203 0.32303370786516855 
0.16 0.152 0.184 0.344 0.16 
0.34099616858237547 0.19157088122605365 0.1724137931034483 0.14559386973180077 0.14942528735632185 
0.14659685863874344 0.1256544502617801 0.518324607329843 0.14136125654450263 0.06806282722513089 
0.045283018867924525 0.8150943396226416 0.04905660377358491 0.04150943396226415 0.04905660377358491 
0.04532967032967033 0.02197802197802198 0.06593406593406594 0.02197802197802198 0.8447802197802198 
0.12825520833333334 0.041666666666666664 0.111328125 0.09375 0.625 
0.3315508021390374 0.06149732620320856 0.13770053475935828 0.30080213903743314 0.16844919786096257 
0.5614035087719298 0.10526315789473684 0.10526315789473684 0.11695906432748537 0.1111111111111111 
