0.12251655629139073 0.08278145695364239 0.1423841059602649 0.6158940397350994 0.03642384105960265 
0.1111111111111111 0.0707070707070707 0.6818181818181818 0.08585858585858586 0.050505050505050504 
0.19607843137254902 0.19607843137254902 0.19607843137254902 0.21568627450980393 0.19607843137254902 
0.009871668311944718 0.01085883514313919 0.01085883514313919 0.01085883514313919 0.9575518262586377 
0.21153846153846154 0.21153846153846154 0.19230769230769232 0.19230769230769232 0.19230769230769232 
0.07272727272727272 0.08311688311688312 0.05974025974025974 0.7558441558441559 0.02857142857142857 
0.17543859649122806 0.24561403508771928 0.21052631578947367 0.17543859649122806 0.19298245614035087 
0.1736842105263158 0.07368421052631578 0.07894736842105263 0.6210526315789474 0.05263157894736842 
0.25333333333333335 0.14666666666666667 0.3333333333333333 0.13333333333333333 0.13333333333333333 
0.8455882352941176 0.08823529411764706 0.028361344537815126 0.026260504201680673 0.011554621848739496 
0.06172839506172839 0.037037037037037035 0.8240740740740741 0.046296296296296294 0.030864197530864196 
0.1078167115902965 0.09164420485175202 0.07816711590296496 0.692722371967655 0.029649595687331536 
0.008710801393728223 0.009581881533101045 0.008710801393728223 0.008710801393728223 0.9642857142857143 
0.09259259259259259 0.07407407407407407 0.6728395061728395 0.09259259259259259 0.06790123456790123 
0.16981132075471697 0.10377358490566038 0.1320754716981132 0.5 0.09433962264150944 
0.07065217391304347 0.30434782608695654 0.5108695652173914 0.059782608695652176 0.05434782608695652 
0.0708955223880597 0.08582089552238806 0.6865671641791045 0.10074626865671642 0.055970149253731345 
0.17938931297709923 0.20610687022900764 0.41603053435114506 0.15648854961832062 0.04198473282442748 
0.10434782608695652 0.11304347826086956 0.5130434782608696 0.1826086956521739 0.08695652173913043 
0.2037037037037037 0.18518518518518517 0.2222222222222222 0.18518518518518517 0.2037037037037037 
0.13691931540342298 0.05378973105134474 0.7139364303178484 0.06845965770171149 0.02689486552567237 
0.21052631578947367 0.22807017543859648 0.21052631578947367 0.17543859649122806 0.17543859649122806 
0.07755102040816327 0.044897959183673466 0.7918367346938775 0.044897959183673466 0.04081632653061224 
0.21428571428571427 0.19642857142857142 0.23214285714285715 0.17857142857142858 0.17857142857142858 
0.07428571428571429 0.06857142857142857 0.7142857142857143 0.08571428571428572 0.05714285714285714 
0.0074794315632011965 0.0074794315632011965 0.008227374719521317 0.008227374719521317 0.9685863874345549 
0.2 0.18181818181818182 0.21818181818181817 0.21818181818181817 0.18181818181818182 
0.041044776119402986 0.048507462686567165 0.8246268656716418 0.048507462686567165 0.03731343283582089 
0.2 0.2 0.2 0.2 0.2 
0.3440366972477064 0.06880733944954129 0.1651376146788991 0.3761467889908257 0.045871559633027525 
0.10416666666666667 0.1527777777777778 0.1388888888888889 0.5347222222222222 0.06944444444444445 
0.4745098039215686 0.18235294117647058 0.15490196078431373 0.16862745098039217 0.0196078431372549 
0.08579881656804733 0.6804733727810651 0.0650887573964497 0.1390532544378698 0.029585798816568046 
0.41496598639455784 0.12244897959183673 0.23809523809523808 0.1564625850340136 0.06802721088435375 
0.07608695652173914 0.07608695652173914 0.6956521739130435 0.09782608695652174 0.05434782608695652 
0.05234159779614325 0.6418732782369146 0.18732782369146006 0.09090909090909091 0.027548209366391185 
0.8019607843137255 0.08823529411764706 0.043137254901960784 0.047058823529411764 0.0196078431372549 
0.0670391061452514 0.03910614525139665 0.8379888268156425 0.035381750465549346 0.020484171322160148 
0.21978021978021978 0.3992673992673993 0.21245421245421245 0.12454212454212454 0.04395604395604396 
0.10429447852760736 0.10429447852760736 0.5766871165644172 0.147239263803681 0.06748466257668712 
0.8764415156507414 0.018121911037891267 0.05601317957166392 0.032948929159802305 0.016474464579901153 
0.3142857142857143 0.22857142857142856 0.18285714285714286 0.21142857142857144 0.06285714285714286 
0.11181434599156118 0.056962025316455694 0.7616033755274262 0.04852320675105485 0.02109704641350211 
0.016051364365971106 0.016051364365971106 0.016051364365971106 0.016051364365971106 0.9357945425361156 
0.059745347698334964 0.21939275220372184 0.6229187071498531 0.0871694417238002 0.010773751224289911 
0.19230769230769232 0.21153846153846154 0.21153846153846154 0.19230769230769232 0.19230769230769232 
0.007575757575757576 0.008333333333333333 0.00909090909090909 0.007575757575757576 0.9674242424242424 
0.08680555555555555 0.6805555555555556 0.09375 0.10416666666666667 0.034722222222222224 
0.0954356846473029 0.14107883817427386 0.0912863070539419 0.6307053941908713 0.04149377593360996 
0.11064543168482817 0.7317686504610227 0.1165129924559933 0.03185247275775356 0.009220452640402346 
0.8660933660933661 0.056511056511056514 0.02457002457002457 0.03931203931203931 0.013513513513513514 
0.07532467532467532 0.04415584415584416 0.8 0.05454545454545454 0.025974025974025976 
0.14220183486238533 0.12844036697247707 0.06880733944954129 0.6009174311926605 0.05963302752293578 
0.065625 0.08125 0.684375 0.1375 0.03125 
0.07407407407407407 0.09567901234567901 0.07098765432098765 0.7253086419753086 0.033950617283950615 
0.10606060606060606 0.3106060606060606 0.4015151515151515 0.10606060606060606 0.07575757575757576 
0.11538461538461539 0.08333333333333333 0.6025641025641025 0.1346153846153846 0.0641025641025641 
0.7142857142857143 0.06233766233766234 0.08571428571428572 0.11168831168831168 0.025974025974025976 
0.8097050428163654 0.10180780209324453 0.022835394862036156 0.056137012369172214 0.009514747859181731 
0.07474226804123711 0.04896907216494845 0.7757731958762887 0.07474226804123711 0.02577319587628866 
0.09375 0.075 0.6625 0.1 0.06875 
0.07107843137254902 0.04411764705882353 0.8137254901960784 0.04656862745098039 0.024509803921568627 
0.08227848101265822 0.10126582278481013 0.6329113924050633 0.12025316455696203 0.06329113924050633 
0.05860805860805861 0.040293040293040296 0.8095238095238095 0.05128205128205128 0.040293040293040296 
0.4092792046396023 0.34382767191383595 0.17067108533554268 0.06793703396851698 0.008285004142502071 
0.05459770114942529 0.031609195402298854 0.8362068965517241 0.04885057471264368 0.028735632183908046 
0.00620347394540943 0.00620347394540943 0.00620347394540943 0.00620347394540943 0.9751861042183623 
0.007473841554559043 0.007473841554559043 0.007473841554559043 0.007473841554559043 0.9701046337817638 
0.07458563535911603 0.03314917127071823 0.8204419889502762 0.04419889502762431 0.027624309392265192 
0.3150684931506849 0.1095890410958904 0.21232876712328766 0.2945205479452055 0.0684931506849315 
0.9526699029126213 0.013046116504854368 0.01972087378640777 0.011529126213592233 0.003033980582524272 
0.11180124223602485 0.12422360248447205 0.5279503105590062 0.17391304347826086 0.062111801242236024 
0.06938775510204082 0.763265306122449 0.044897959183673466 0.08163265306122448 0.04081632653061224 
0.2775330396475771 0.03524229074889868 0.1013215859030837 0.5616740088105727 0.024229074889867842 
0.1368421052631579 0.04736842105263158 0.6263157894736842 0.1631578947368421 0.02631578947368421 
0.11413043478260869 0.6793478260869565 0.07065217391304347 0.08152173913043478 0.05434782608695652 
0.058091286307053944 0.07468879668049792 0.7510373443983402 0.07468879668049792 0.04149377593360996 
0.10150375939849623 0.12030075187969924 0.6428571428571429 0.09774436090225563 0.03759398496240601 
0.4369747899159664 0.14285714285714285 0.15126050420168066 0.18487394957983194 0.08403361344537816 
0.10927152317880795 0.04966887417218543 0.6556291390728477 0.1456953642384106 0.039735099337748346 
0.26519337016574585 0.13259668508287292 0.425414364640884 0.11602209944751381 0.06077348066298342 
0.7653958944281525 0.0469208211143695 0.10850439882697947 0.04985337243401759 0.02932551319648094 
0.04878048780487805 0.056910569105691054 0.8292682926829268 0.037940379403794036 0.02710027100271003 
0.028350515463917526 0.028350515463917526 0.03350515463917526 0.02577319587628866 0.884020618556701 
0.22647058823529412 0.4323529411764706 0.22058823529411764 0.08823529411764706 0.03235294117647059 
0.1388888888888889 0.4305555555555556 0.1527777777777778 0.1388888888888889 0.1388888888888889 
0.008873114463176575 0.008873114463176575 0.008873114463176575 0.009760425909494233 0.963620230700976 
0.24193548387096775 0.1935483870967742 0.20967741935483872 0.1935483870967742 0.16129032258064516 
0.0825242718446602 0.06310679611650485 0.1407766990291262 0.6650485436893204 0.04854368932038835 
0.13004484304932734 0.18385650224215247 0.6098654708520179 0.0515695067264574 0.02466367713004484 
0.24 0.13333333333333333 0.36 0.13333333333333333 0.13333333333333333 
0.9056603773584906 0.04439511653718091 0.021087680355160933 0.016648168701442843 0.01220865704772475 
0.06045865184155664 0.7380125086865879 0.1487143849895761 0.04447533009034051 0.008339124391938846 
0.07920792079207921 0.06435643564356436 0.7376237623762376 0.06930693069306931 0.04950495049504951 
0.19607843137254902 0.21568627450980393 0.19607843137254902 0.19607843137254902 0.19607843137254902 
0.9519689737470167 0.010441527446300716 0.018496420047732696 0.014319809069212411 0.00477326968973747 
0.058823529411764705 0.2647058823529412 0.5441176470588235 0.08333333333333333 0.049019607843137254 
0.08904109589041095 0.136986301369863 0.5547945205479452 0.1506849315068493 0.0684931506849315 
0.06844106463878327 0.7718631178707225 0.06463878326996197 0.057034220532319393 0.03802281368821293 
0.14606741573033707 0.1348314606741573 0.42696629213483145 0.1797752808988764 0.11235955056179775 
0.17857142857142858 0.17857142857142858 0.25 0.19642857142857142 0.19642857142857142 
0.10119047619047619 0.02976190476190476 0.8234126984126984 0.025793650793650792 0.01984126984126984 
0.15441176470588236 0.061274509803921566 0.7230392156862745 0.03676470588235294 0.024509803921568627 
0.13230769230769232 0.6461538461538462 0.08923076923076922 0.10153846153846154 0.03076923076923077 
0.19736842105263158 0.21929824561403508 0.4276315789473684 0.13157894736842105 0.02412280701754386 
0.06565656565656566 0.06565656565656566 0.7424242424242424 0.07575757575757576 0.050505050505050504 
0.004017677782241864 0.0044194455604660505 0.004017677782241864 0.004821213338690237 0.98272398553636 
0.05698529411764706 0.04779411764705882 0.8290441176470589 0.04779411764705882 0.01838235294117647 
0.00510204081632653 0.00510204081632653 0.00510204081632653 0.00510204081632653 0.9795918367346939 
0.10869565217391304 0.06521739130434782 0.7065217391304348 0.06521739130434782 0.05434782608695652 
0.2222222222222222 0.2037037037037037 0.2037037037037037 0.18518518518518517 0.18518518518518517 
0.152317880794702 0.25165562913907286 0.3576158940397351 0.15894039735099338 0.07947019867549669 
0.16216216216216217 0.2972972972972973 0.35135135135135137 0.12972972972972974 0.05945945945945946 
0.28717948717948716 0.05128205128205128 0.6 0.042735042735042736 0.018803418803418803 
0.09271523178807947 0.543046357615894 0.12582781456953643 0.17218543046357615 0.06622516556291391 
0.05084745762711865 0.029055690072639227 0.8523002421307506 0.043583535108958835 0.024213075060532687 
0.2364217252396166 0.26198083067092653 0.4217252396166134 0.04792332268370607 0.03194888178913738 
0.23636363636363636 0.21818181818181817 0.18181818181818182 0.18181818181818182 0.18181818181818182 
0.3228621291448517 0.06108202443280977 0.5340314136125655 0.06457242582897033 0.017452006980802792 
0.05466237942122187 0.04501607717041801 0.7877813504823151 0.08038585209003216 0.03215434083601286 
0.19230769230769232 0.21153846153846154 0.21153846153846154 0.19230769230769232 0.19230769230769232 
0.07074569789674952 0.05736137667304015 0.8126195028680688 0.040152963671128104 0.019120458891013385 
0.009478672985781991 0.009478672985781991 0.009478672985781991 0.009478672985781991 0.9620853080568721 
0.06635514018691589 0.7476635514018691 0.15233644859813084 0.02149532710280374 0.012149532710280374 
0.1864406779661017 0.288135593220339 0.1864406779661017 0.1694915254237288 0.1694915254237288 
0.014970059880239521 0.014970059880239521 0.016467065868263474 0.014970059880239521 0.938622754491018 
0.29310344827586204 0.12931034482758622 0.25 0.2413793103448276 0.08620689655172414 
0.18867924528301888 0.18867924528301888 0.22641509433962265 0.20754716981132076 0.18867924528301888 
0.009671179883945842 0.009671179883945842 0.009671179883945842 0.010638297872340425 0.960348162475822 
0.06854130052724078 0.054481546572934976 0.8260105448154658 0.033391915641476276 0.01757469244288225 
0.26732673267326734 0.499009900990099 0.08118811881188119 0.1306930693069307 0.02178217821782178 
0.5256410256410257 0.19230769230769232 0.12179487179487179 0.12179487179487179 0.038461538461538464 
0.6265560165975104 0.1037344398340249 0.12448132780082988 0.1037344398340249 0.04149377593360996 
0.176056338028169 0.176056338028169 0.2887323943661972 0.28169014084507044 0.07746478873239436 
0.16666666666666666 0.14102564102564102 0.20512820512820512 0.358974358974359 0.1282051282051282 
0.06666666666666667 0.28717948717948716 0.5128205128205128 0.08205128205128205 0.05128205128205128 
0.0471976401179941 0.029498525073746312 0.8716814159292036 0.035398230088495575 0.016224188790560472 
0.45121951219512196 0.12195121951219512 0.24390243902439024 0.12195121951219512 0.06097560975609756 
0.49748743718592964 0.18090452261306533 0.12562814070351758 0.1708542713567839 0.02512562814070352 
0.06147540983606557 0.07377049180327869 0.7377049180327869 0.0778688524590164 0.04918032786885246 
0.4527363184079602 0.14925373134328357 0.1791044776119403 0.15422885572139303 0.06467661691542288 
0.11650485436893204 0.1262135922330097 0.5339805825242718 0.1262135922330097 0.0970873786407767 
0.08494208494208494 0.02702702702702703 0.8359073359073359 0.032818532818532815 0.019305019305019305 
0.1859799713876967 0.23462088698140202 0.04864091559370529 0.5135908440629471 0.017167381974248927 
0.18181818181818182 0.18181818181818182 0.21818181818181817 0.23636363636363636 0.18181818181818182 
0.12941176470588237 0.15294117647058825 0.5607843137254902 0.10588235294117647 0.050980392156862744 
0.046583850931677016 0.034161490683229816 0.8385093167701864 0.049689440993788817 0.031055900621118012 
0.10344827586206896 0.07471264367816093 0.6954022988505747 0.06896551724137931 0.05747126436781609 
0.013317191283292978 0.013317191283292978 0.012106537530266344 0.012106537530266344 0.9491525423728814 
0.0025303643724696357 0.003289473684210526 0.0025303643724696357 0.0025303643724696357 0.9891194331983806 
0.003354681305275999 0.0030497102775236353 0.0030497102775236353 0.0030497102775236353 0.9874961878621531 
0.13194444444444445 0.09027777777777778 0.5902777777777778 0.11805555555555555 0.06944444444444445 
0.09215017064846416 0.12286689419795221 0.6416382252559727 0.10580204778156997 0.03754266211604096 
0.1810344827586207 0.06896551724137931 0.632183908045977 0.08908045977011494 0.028735632183908046 
0.10192837465564739 0.046831955922865015 0.696969696969697 0.12396694214876033 0.030303030303030304 
0.06588235294117648 0.03529411764705882 0.8164705882352942 0.058823529411764705 0.023529411764705882 
0.056818181818181816 0.06060606060606061 0.7613636363636364 0.08333333333333333 0.03787878787878788 
0.12612612612612611 0.05405405405405406 0.6171171171171171 0.15315315315315314 0.04954954954954955 
0.08421052631578947 0.07368421052631578 0.7210526315789474 0.06842105263157895 0.05263157894736842 
0.12173913043478261 0.10434782608695652 0.5391304347826087 0.14782608695652175 0.08695652173913043 
0.21153846153846154 0.21153846153846154 0.19230769230769232 0.19230769230769232 0.19230769230769232 
0.06140350877192982 0.043859649122807015 0.7631578947368421 0.1023391812865497 0.029239766081871343 
0.027548209366391185 0.027548209366391185 0.027548209366391185 0.027548209366391185 0.8898071625344353 
0.09523809523809523 0.48412698412698413 0.1349206349206349 0.1746031746031746 0.1111111111111111 
0.6551724137931034 0.11724137931034483 0.09655172413793103 0.09655172413793103 0.034482758620689655 
0.010073260073260074 0.009157509157509158 0.009157509157509158 0.009157509157509158 0.9624542124542125 
0.856418918918919 0.03209459459459459 0.05405405405405406 0.04054054054054054 0.016891891891891893 
0.01838235294117647 0.02022058823529412 0.01838235294117647 0.025735294117647058 0.9172794117647058 
0.11715481171548117 0.14644351464435146 0.6150627615062761 0.0794979079497908 0.04184100418410042 
0.053125 0.1 0.05 0.7625 0.034375 
0.9050535987748851 0.03215926493108729 0.022970903522205207 0.02450229709035222 0.015313935681470138 
0.19642857142857142 0.17857142857142858 0.25 0.19642857142857142 0.17857142857142858 
0.07142857142857142 0.07142857142857142 0.10285714285714286 0.7228571428571429 0.03142857142857143 
0.1756198347107438 0.2190082644628099 0.0743801652892562 0.5 0.030991735537190084 
0.07179487179487179 0.1282051282051282 0.09230769230769231 0.6358974358974359 0.07179487179487179 
0.17857142857142858 0.19642857142857142 0.21428571428571427 0.23214285714285715 0.17857142857142858 
0.18125 0.2625 0.2875 0.19375 0.075 
0.09124087591240876 0.10218978102189781 0.08759124087591241 0.6788321167883211 0.040145985401459854 
0.5833333333333334 0.17708333333333334 0.14583333333333334 0.0625 0.03125 
0.07142857142857142 0.05612244897959184 0.7602040816326531 0.061224489795918366 0.05102040816326531 
0.15025906735751296 0.533678756476684 0.09844559585492228 0.15025906735751296 0.06735751295336788 
0.0718232044198895 0.055248618784530384 0.7403314917127072 0.0718232044198895 0.06077348066298342 
0.06875 0.075 0.7125 0.08125 0.0625 
0.13366336633663367 0.1782178217821782 0.0594059405940594 0.5742574257425742 0.054455445544554455 
0.14385964912280702 0.05263157894736842 0.6982456140350877 0.06666666666666667 0.03859649122807018 
0.046875 0.046875 0.8229166666666666 0.057291666666666664 0.026041666666666668 
0.06761565836298933 0.06405693950177936 0.697508896797153 0.10320284697508897 0.06761565836298933 
0.004654255319148936 0.0036569148936170214 0.0036569148936170214 0.0036569148936170214 0.984375 
0.00843558282208589 0.00843558282208589 0.00843558282208589 0.007668711656441718 0.9670245398773006 
0.08184143222506395 0.12531969309462915 0.6240409207161125 0.1432225063938619 0.02557544757033248 
0.03546099290780142 0.03546099290780142 0.03546099290780142 0.03546099290780142 0.8581560283687943 
0.17857142857142858 0.17857142857142858 0.23214285714285715 0.23214285714285715 0.17857142857142858 
0.105 0.08 0.645 0.12 0.05 
0.16913946587537093 0.050445103857566766 0.2166172106824926 0.5341246290801187 0.02967359050445104 
0.3157894736842105 0.19736842105263158 0.18421052631578946 0.17105263157894737 0.13157894736842105 
0.05278592375366569 0.07917888563049853 0.7390029325513197 0.093841642228739 0.03519061583577713 
0.7714285714285715 0.05142857142857143 0.10285714285714286 0.045714285714285714 0.02857142857142857 
0.12605042016806722 0.5630252100840336 0.11764705882352941 0.1092436974789916 0.08403361344537816 
0.10222222222222223 0.06222222222222222 0.7066666666666667 0.08444444444444445 0.044444444444444446 
0.00575013068478829 0.00575013068478829 0.006795608991113434 0.006795608991113434 0.9749085206481966 
0.1038961038961039 0.09090909090909091 0.564935064935065 0.17532467532467533 0.06493506493506493 
0.19607843137254902 0.19607843137254902 0.19607843137254902 0.21568627450980393 0.19607843137254902 
0.008613264427217916 0.008613264427217916 0.008613264427217916 0.008613264427217916 0.9655469422911284 
0.2659279778393352 0.481994459833795 0.14681440443213298 0.07479224376731301 0.030470914127423823 
0.13157894736842105 0.14473684210526316 0.17105263157894737 0.42105263157894735 0.13157894736842105 
0.008756567425569177 0.008756567425569177 0.008756567425569177 0.009632224168126095 0.9640980735551664 
0.7661927330173776 0.10900473933649289 0.0631911532385466 0.045813586097946286 0.01579778830963665 
0.6747787610619469 0.15486725663716813 0.07079646017699115 0.07300884955752213 0.02654867256637168 
0.015037593984962405 0.015037593984962405 0.015037593984962405 0.016541353383458645 0.9383458646616541 
0.9209621993127147 0.008247422680412371 0.018556701030927835 0.04536082474226804 0.006872852233676976 
0.05604719764011799 0.10029498525073746 0.11799410029498525 0.6932153392330384 0.032448377581120944 
0.1623931623931624 0.15384615384615385 0.1282051282051282 0.46153846153846156 0.09401709401709402 
0.19607843137254902 0.21568627450980393 0.19607843137254902 0.19607843137254902 0.19607843137254902 
0.2289156626506024 0.19879518072289157 0.24096385542168675 0.26506024096385544 0.06626506024096386 
0.17578125 0.3125 0.078125 0.4088541666666667 0.024739583333333332 
0.08542713567839195 0.5025125628140703 0.11557788944723618 0.2663316582914573 0.03015075376884422 
0.5873015873015873 0.14814814814814814 0.08465608465608465 0.15079365079365079 0.0291005291005291 
0.07650273224043716 0.0546448087431694 0.7540983606557377 0.060109289617486336 0.0546448087431694 
0.116751269035533 0.050761421319796954 0.07106598984771574 0.7106598984771574 0.050761421319796954 
0.1076923076923077 0.6405594405594406 0.04895104895104895 0.1874125874125874 0.015384615384615385 
0.04391891891891892 0.05405405405405406 0.8175675675675675 0.05067567567567568 0.033783783783783786 
0.0625 0.07291666666666667 0.07291666666666667 0.7395833333333334 0.052083333333333336 
0.0033028455284552847 0.0063516260162601625 0.011178861788617886 0.9766260162601627 0.002540650406504065 
0.09022556390977443 0.24812030075187969 0.44360902255639095 0.14285714285714285 0.07518796992481203 
0.07231404958677685 0.1012396694214876 0.743801652892562 0.06198347107438017 0.02066115702479339 
0.09019607843137255 0.07450980392156863 0.7294117647058823 0.06666666666666667 0.0392156862745098 
0.05309734513274336 0.0420353982300885 0.05088495575221239 0.831858407079646 0.022123893805309734 
0.004039662137348513 0.004039662137348513 0.003672420124862284 0.003672420124862284 0.9845758354755784 
0.07926829268292683 0.0975609756097561 0.6341463414634146 0.12804878048780488 0.06097560975609756 
0.007446016381236039 0.008190618019359643 0.008190618019359643 0.007446016381236039 0.9687267311988086 
0.1347517730496454 0.07801418439716312 0.5886524822695035 0.1276595744680851 0.07092198581560284 
0.008984725965858042 0.008984725965858042 0.01078167115902965 0.008984725965858042 0.9622641509433962 
0.024509803921568627 0.024509803921568627 0.024509803921568627 0.024509803921568627 0.9019607843137255 
0.17391304347826086 0.10869565217391304 0.38405797101449274 0.2463768115942029 0.08695652173913043 
0.45454545454545453 0.027807486631016044 0.09946524064171124 0.40748663101604277 0.0106951871657754 
0.7526881720430108 0.076095947063689 0.08023159636062861 0.0827129859387924 0.008271298593879239 
0.07627118644067797 0.06779661016949153 0.6468926553672316 0.1751412429378531 0.03389830508474576 
0.4133949191685912 0.15473441108545036 0.11085450346420324 0.29330254041570436 0.02771362586605081 
0.06358381502890173 0.06358381502890173 0.7456647398843931 0.06936416184971098 0.057803468208092484 
0.006117908787541713 0.0055617352614015575 0.0055617352614015575 0.0055617352614015575 0.9771968854282537 
0.19083969465648856 0.26717557251908397 0.13740458015267176 0.3282442748091603 0.07633587786259542 
0.19607843137254902 0.21568627450980393 0.19607843137254902 0.19607843137254902 0.19607843137254902 
0.2 0.23636363636363636 0.18181818181818182 0.2 0.18181818181818182 
0.004380201489268506 0.004380201489268506 0.004380201489268506 0.004818221638195357 0.9820411738939991 
0.5397350993377483 0.09602649006622517 0.24834437086092714 0.076158940397351 0.039735099337748346 
0.07142857142857142 0.14596273291925466 0.6832298136645962 0.062111801242236024 0.037267080745341616 
0.003751705320600273 0.003751705320600273 0.004092769440654843 0.0034106412005457027 0.984993178717599 
0.04890148830616584 0.780297661233168 0.1268603827072998 0.03330970942593905 0.010630758327427357 
0.07926829268292683 0.056910569105691054 0.05894308943089431 0.7845528455284553 0.02032520325203252 
0.20491803278688525 0.2540983606557377 0.30327868852459017 0.18442622950819673 0.05327868852459016 
0.006489292667099286 0.006489292667099286 0.007138221933809215 0.006489292667099286 0.9733939000648929 
0.19170984455958548 0.17616580310880828 0.09844559585492228 0.5129533678756477 0.02072538860103627 
0.0846774193548387 0.0846774193548387 0.11693548387096774 0.6733870967741935 0.04032258064516129 
0.15283842794759825 0.13100436681222707 0.056768558951965066 0.5938864628820961 0.06550218340611354 
0.09387755102040816 0.689795918367347 0.10612244897959183 0.06938775510204082 0.04081632653061224 
0.18867924528301888 0.18867924528301888 0.22641509433962265 0.20754716981132076 0.18867924528301888 
0.04938271604938271 0.0823045267489712 0.0823045267489712 0.7448559670781894 0.0411522633744856 
0.8944381384790011 0.0340522133938706 0.032917139614074914 0.02724177071509648 0.011350737797956867 
0.137 0.081 0.073 0.699 0.01 
0.08917197452229299 0.22929936305732485 0.10828025477707007 0.4840764331210191 0.08917197452229299 
0.09125475285171103 0.3041825095057034 0.4144486692015209 0.1520912547528517 0.03802281368821293 
0.09019607843137255 0.09803921568627451 0.10196078431372549 0.6705882352941176 0.0392156862745098 
0.10485933503836317 0.09207161125319693 0.061381074168797956 0.7135549872122762 0.028132992327365727 
0.17543859649122806 0.17543859649122806 0.22807017543859648 0.24561403508771928 0.17543859649122806 
0.11650485436893204 0.04854368932038835 0.7281553398058253 0.05825242718446602 0.04854368932038835 
0.19404517453798767 0.36960985626283366 0.3737166324435318 0.048254620123203286 0.014373716632443531 
0.09490740740740741 0.04861111111111111 0.08564814814814815 0.7476851851851852 0.023148148148148147 
0.0029824038174768863 0.0029824038174768863 0.003280644199224575 0.0029824038174768863 0.9877721443483448 
0.058823529411764705 0.06470588235294118 0.7588235294117647 0.08529411764705883 0.03235294117647059 
0.0763888888888889 0.08333333333333333 0.6458333333333334 0.125 0.06944444444444445 
0.003316749585406302 0.003316749585406302 0.003648424543946932 0.003980099502487562 0.9857379767827529 
0.08227848101265822 0.08227848101265822 0.689873417721519 0.0759493670886076 0.06962025316455696 
0.006657789613848202 0.006657789613848202 0.006657789613848202 0.006657789613848202 0.9733688415446072 
0.017064846416382253 0.01877133105802048 0.017064846416382253 0.01877133105802048 0.9283276450511946 
0.04231433506044905 0.03281519861830743 0.8929188255613126 0.022452504317789293 0.009499136442141624 
0.06912442396313365 0.7096774193548387 0.10138248847926268 0.07373271889400922 0.04608294930875576 
0.021015761821366025 0.028021015761821366 0.9001751313485113 0.01926444833625219 0.03152364273204904 
0.0273972602739726 0.0273972602739726 0.0273972602739726 0.0273972602739726 0.8904109589041096 
0.070298769771529 0.820738137082601 0.03163444639718805 0.05799648506151142 0.019332161687170474 
0.19230769230769232 0.21153846153846154 0.21153846153846154 0.19230769230769232 0.19230769230769232 
0.19230769230769232 0.21153846153846154 0.21153846153846154 0.19230769230769232 0.19230769230769232 
0.005055611729019211 0.005055611729019211 0.005055611729019211 0.005055611729019211 0.9797775530839231 
0.7091412742382271 0.11911357340720222 0.0664819944598338 0.07756232686980609 0.027700831024930747 
0.1694915254237288 0.23728813559322035 0.1694915254237288 0.2542372881355932 0.1694915254237288 
0.01020408163265306 0.011224489795918367 0.012244897959183673 0.01020408163265306 0.9561224489795919 
0.14919354838709678 0.07661290322580645 0.11491935483870967 0.6391129032258065 0.020161290322580645 
0.2996632996632997 0.4511784511784512 0.10101010101010101 0.10774410774410774 0.04040404040404041 
0.02444987775061125 0.02689486552567237 0.02444987775061125 0.02444987775061125 0.8997555012224939 
0.17777777777777778 0.12222222222222222 0.15555555555555556 0.4888888888888889 0.05555555555555555 
0.19230769230769232 0.23076923076923078 0.19230769230769232 0.19230769230769232 0.19230769230769232 
0.18518518518518517 0.18518518518518517 0.2037037037037037 0.24074074074074073 0.18518518518518517 
0.05864197530864197 0.043209876543209874 0.3333333333333333 0.5339506172839507 0.030864197530864196 
0.0761904761904762 0.8571428571428571 0.0380952380952381 0.01904761904761905 0.009523809523809525 
0.45323741007194246 0.1223021582733813 0.2302158273381295 0.1223021582733813 0.07194244604316546 
0.10810810810810811 0.13513513513513514 0.08108108108108109 0.6081081081081081 0.06756756756756757 
0.11794019933554817 0.10465116279069768 0.046511627906976744 0.7142857142857143 0.016611295681063124 
0.34782608695652173 0.21739130434782608 0.14492753623188406 0.14492753623188406 0.14492753623188406 
0.06018518518518518 0.0787037037037037 0.12037037037037036 0.6944444444444444 0.046296296296296294 
0.06825938566552901 0.09556313993174062 0.07167235494880546 0.7235494880546075 0.040955631399317405 
0.10891089108910891 0.12871287128712872 0.4752475247524752 0.18811881188118812 0.09900990099009901 
0.12138728323699421 0.5895953757225434 0.13872832369942195 0.09248554913294797 0.057803468208092484 
0.2996941896024465 0.18960244648318042 0.21406727828746178 0.26299694189602446 0.03363914373088685 
0.06451612903225806 0.07038123167155426 0.8064516129032258 0.02932551319648094 0.02932551319648094 
0.05555555555555555 0.20634920634920634 0.6190476190476191 0.07936507936507936 0.03968253968253968 
0.06779661016949153 0.10734463276836158 0.07344632768361582 0.7231638418079096 0.02824858757062147 
0.060034305317324184 0.022298456260720412 0.8387650085763293 0.04974271012006861 0.029159519725557463 
0.008361204013377926 0.00919732441471572 0.008361204013377926 0.00919732441471572 0.9648829431438127 
0.08181818181818182 0.09090909090909091 0.1409090909090909 0.6409090909090909 0.045454545454545456 
0.0625 0.041666666666666664 0.8035714285714286 0.0625 0.02976190476190476 
0.007668711656441718 0.007668711656441718 0.007668711656441718 0.007668711656441718 0.9693251533742331 
0.006297229219143577 0.006297229219143577 0.007556675062972292 0.006297229219143577 0.9735516372795969 
0.075 0.0875 0.64375 0.125 0.06875 
0.01567398119122257 0.01567398119122257 0.018808777429467086 0.017241379310344827 0.932601880877743 
0.19298245614035087 0.24561403508771928 0.21052631578947367 0.17543859649122806 0.17543859649122806 
0.10869565217391304 0.10869565217391304 0.5108695652173914 0.16304347826086957 0.10869565217391304 
0.045627376425855515 0.07984790874524715 0.7680608365019012 0.060836501901140684 0.045627376425855515 
0.08071748878923767 0.05829596412556054 0.726457399103139 0.08071748878923767 0.053811659192825115 
0.01088139281828074 0.01088139281828074 0.01088139281828074 0.013057671381936888 0.9542981501632208 
0.8788990825688073 0.027522935779816515 0.047706422018348627 0.027522935779816515 0.01834862385321101 
0.19607843137254902 0.19607843137254902 0.19607843137254902 0.19607843137254902 0.21568627450980393 
0.02564102564102564 0.023310023310023312 0.027972027972027972 0.023310023310023312 0.8997668997668997 
0.7849740932642487 0.06476683937823834 0.06735751295336788 0.05699481865284974 0.025906735751295335 
0.06342494714587738 0.8097251585623678 0.0613107822410148 0.04439746300211417 0.021141649048625793 
0.18518518518518517 0.18518518518518517 0.2037037037037037 0.24074074074074073 0.18518518518518517 
0.007241606319947334 0.0065832784726793945 0.0065832784726793945 0.0065832784726793945 0.9730085582620145 
0.11258278145695365 0.31788079470198677 0.1456953642384106 0.3509933774834437 0.0728476821192053 
0.06451612903225806 0.12634408602150538 0.7365591397849462 0.04032258064516129 0.03225806451612903 
0.22838345864661655 0.6306390977443609 0.05075187969924812 0.07988721804511278 0.010338345864661654 
0.017699115044247787 0.017699115044247787 0.017699115044247787 0.017699115044247787 0.9292035398230089 
0.19195046439628483 0.15170278637770898 0.20123839009287925 0.42105263157894735 0.034055727554179564 
0.21153846153846154 0.21153846153846154 0.19230769230769232 0.19230769230769232 0.19230769230769232 
0.18518518518518517 0.18518518518518517 0.18518518518518517 0.25925925925925924 0.18518518518518517 
0.0945945945945946 0.0990990990990991 0.536036036036036 0.22072072072072071 0.04954954954954955 
0.11805555555555555 0.11458333333333333 0.08680555555555555 0.6215277777777778 0.059027777777777776 
0.49071925754060325 0.024361948955916472 0.03248259860788863 0.4408352668213457 0.01160092807424594 
0.49310344827586206 0.2517241379310345 0.13448275862068965 0.08620689655172414 0.034482758620689655 
0.06666666666666667 0.14666666666666667 0.08 0.6577777777777778 0.04888888888888889 
0.07712765957446809 0.19680851063829788 0.5771276595744681 0.12234042553191489 0.026595744680851064 
0.16184971098265896 0.1329479768786127 0.1676300578034682 0.4682080924855491 0.06936416184971098 
0.09420289855072464 0.09420289855072464 0.11594202898550725 0.6594202898550725 0.036231884057971016 
0.08368200836820083 0.13389121338912133 0.13807531380753138 0.5983263598326359 0.04602510460251046 
0.06701030927835051 0.10051546391752578 0.05670103092783505 0.75 0.02577319587628866 
0.046228710462287104 0.07542579075425791 0.1070559610705596 0.7445255474452555 0.0267639902676399 
0.2084507042253521 0.19718309859154928 0.4704225352112676 0.09295774647887324 0.030985915492957747 
0.07042253521126761 0.323943661971831 0.4295774647887324 0.1056338028169014 0.07042253521126761 
0.061461794019933555 0.04152823920265781 0.07142857142857142 0.8056478405315615 0.019933554817275746 
0.005578093306288032 0.006085192697768763 0.005578093306288032 0.005070993914807302 0.9776876267748479 
0.1103448275862069 0.1103448275862069 0.5413793103448276 0.19655172413793104 0.041379310344827586 
0.05112474437627812 0.081799591002045 0.16768916155419222 0.6748466257668712 0.024539877300613498 
0.009212730318257957 0.008375209380234505 0.009212730318257957 0.008375209380234505 0.964824120603015 
0.12121212121212122 0.10101010101010101 0.5555555555555556 0.1111111111111111 0.1111111111111111 
0.016778523489932886 0.016778523489932886 0.016778523489932886 0.016778523489932886 0.9328859060402684 
0.0915032679738562 0.0718954248366013 0.6339869281045751 0.12418300653594772 0.0784313725490196 
0.017921146953405017 0.01971326164874552 0.01971326164874552 0.017921146953405017 0.9247311827956989 
0.06043956043956044 0.06043956043956044 0.7582417582417582 0.06593406593406594 0.054945054945054944 
0.15315315315315314 0.18018018018018017 0.40540540540540543 0.17117117117117117 0.09009009009009009 
0.058823529411764705 0.053475935828877004 0.7647058823529411 0.06951871657754011 0.053475935828877004 
0.4195804195804196 0.09090909090909091 0.27972027972027974 0.1258741258741259 0.08391608391608392 
0.26 0.15333333333333332 0.31333333333333335 0.20666666666666667 0.06666666666666667 
0.025974025974025976 0.025974025974025976 0.025974025974025976 0.025974025974025976 0.8961038961038961 
0.1884498480243161 0.14285714285714285 0.11246200607902736 0.5227963525835866 0.03343465045592705 
0.19298245614035087 0.17543859649122806 0.24561403508771928 0.21052631578947367 0.17543859649122806 
0.3554913294797688 0.40173410404624277 0.05491329479768786 0.15895953757225434 0.028901734104046242 
0.1375 0.15 0.1375 0.125 0.45 
0.10869565217391304 0.11956521739130435 0.5217391304347826 0.14130434782608695 0.10869565217391304 
0.19672131147540983 0.18032786885245902 0.18032786885245902 0.26229508196721313 0.18032786885245902 
0.18181818181818182 0.2 0.21818181818181817 0.21818181818181817 0.18181818181818182 
0.015015015015015015 0.016516516516516516 0.015015015015015015 0.015015015015015015 0.9384384384384384 
0.10638297872340426 0.06914893617021277 0.0851063829787234 0.6861702127659575 0.05319148936170213 
0.2698412698412698 0.1746031746031746 0.2222222222222222 0.1746031746031746 0.15873015873015872 
0.047775947281713346 0.054365733113673806 0.06589785831960461 0.8154859967051071 0.016474464579901153 
0.8342857142857143 0.02857142857142857 0.05523809523809524 0.06285714285714286 0.01904761904761905 
0.0728476821192053 0.09933774834437085 0.07947019867549669 0.7152317880794702 0.033112582781456956 
0.18867924528301888 0.18867924528301888 0.22641509433962265 0.20754716981132076 0.18867924528301888 
0.04007633587786259 0.04389312977099236 0.03625954198473282 0.8587786259541985 0.02099236641221374 
0.05238095238095238 0.07936507936507936 0.03650793650793651 0.8111111111111111 0.020634920634920634 
0.0915032679738562 0.6666666666666666 0.0718954248366013 0.10457516339869281 0.06535947712418301 
0.12962962962962962 0.5277777777777778 0.12962962962962962 0.12037037037037036 0.09259259259259259 
0.16766467065868262 0.12574850299401197 0.12574850299401197 0.5149700598802395 0.0658682634730539 
0.11353711790393013 0.16593886462882096 0.06986899563318777 0.6069868995633187 0.043668122270742356 
0.1619718309859155 0.5070422535211268 0.09154929577464789 0.16901408450704225 0.07042253521126761 
0.21893491124260356 0.4437869822485207 0.17159763313609466 0.10650887573964497 0.05917159763313609 
0.06788511749347259 0.06788511749347259 0.0731070496083551 0.7650130548302873 0.02610966057441253 
0.08623853211009175 0.047706422018348627 0.8110091743119267 0.03669724770642202 0.01834862385321101 
0.07818930041152264 0.13991769547325103 0.551440329218107 0.18930041152263374 0.0411522633744856 
0.06933333333333333 0.09333333333333334 0.06933333333333333 0.7253333333333334 0.042666666666666665 
0.06417112299465241 0.06417112299465241 0.7593582887700535 0.058823529411764705 0.053475935828877004 
0.2391304347826087 0.13043478260869565 0.18840579710144928 0.36231884057971014 0.07971014492753623 
0.0041946308724832215 0.004614093959731544 0.0041946308724832215 0.005453020134228188 0.9815436241610739 
0.07758620689655173 0.5890804597701149 0.21264367816091953 0.09195402298850575 0.028735632183908046 
0.10344827586206896 0.13448275862068965 0.09310344827586207 0.6344827586206897 0.034482758620689655 
0.15730337078651685 0.1348314606741573 0.4606741573033708 0.1348314606741573 0.11235955056179775 
0.005612244897959183 0.00510204081632653 0.005612244897959183 0.00510204081632653 0.9785714285714285 
0.11956521739130435 0.10869565217391304 0.5434782608695652 0.11956521739130435 0.10869565217391304 
0.006811989100817439 0.006811989100817439 0.006811989100817439 0.006811989100817439 0.9727520435967303 
0.08904109589041095 0.0958904109589041 0.5958904109589042 0.1506849315068493 0.0684931506849315 
0.1188118811881188 0.12871287128712872 0.5346534653465347 0.1188118811881188 0.09900990099009901 
0.0891089108910891 0.0594059405940594 0.7029702970297029 0.09405940594059406 0.054455445544554455 
0.057692307692307696 0.8431952662721893 0.026627218934911243 0.057692307692307696 0.014792899408284023 
0.8333333333333334 0.031835205992509365 0.0299625468164794 0.08614232209737828 0.018726591760299626 
0.019120458891013385 0.019120458891013385 0.019120458891013385 0.019120458891013385 0.9235181644359465 
0.770573566084788 0.05486284289276808 0.1172069825436409 0.029925187032418952 0.02743142144638404 
0.19230769230769232 0.21153846153846154 0.21153846153846154 0.19230769230769232 0.19230769230769232 
0.026385224274406333 0.026385224274406333 0.026385224274406333 0.0316622691292876 0.8891820580474934 
0.37058823529411766 0.2411764705882353 0.2549019607843137 0.11176470588235295 0.021568627450980392 
0.16129032258064516 0.1935483870967742 0.2903225806451613 0.1935483870967742 0.16129032258064516 
0.19607843137254902 0.19607843137254902 0.19607843137254902 0.19607843137254902 0.21568627450980393 
0.022172949002217297 0.022172949002217297 0.022172949002217297 0.022172949002217297 0.9113082039911308 
