0.1037463976945245 0.06051873198847262 0.6974063400576369 0.06051873198847262 0.07780979827089338 
0.10537190082644628 0.6942148760330579 0.06818181818181818 0.0371900826446281 0.09504132231404959 
0.10373675404350251 0.2487451199107641 0.3602900167317345 0.014500836586726157 0.2727272727272727 
0.024916943521594685 0.03488372093023256 0.036544850498338874 0.02159468438538206 0.8820598006644518 
0.14492753623188406 0.16304347826086957 0.4311594202898551 0.05434782608695652 0.20652173913043478 
0.05555555555555555 0.05952380952380952 0.05952380952380952 0.7658730158730159 0.05952380952380952 
0.09844559585492228 0.08290155440414508 0.7150259067357513 0.05872193436960276 0.044905008635578586 
0.1724137931034483 0.10344827586206896 0.4907161803713528 0.07161803713527852 0.16180371352785147 
0.051515151515151514 0.8363636363636363 0.045454545454545456 0.016666666666666666 0.05 
0.16483516483516483 0.15384615384615385 0.23076923076923078 0.12637362637362637 0.3241758241758242 
0.09195402298850575 0.08045977011494253 0.08620689655172414 0.06896551724137931 0.6724137931034483 
0.16230366492146597 0.46596858638743455 0.07853403141361257 0.05759162303664921 0.2356020942408377 
0.25236593059936907 0.11356466876971609 0.4384858044164038 0.0694006309148265 0.12618296529968454 
0.05862068965517241 0.07241379310344828 0.1103448275862069 0.034482758620689655 0.7241379310344828 
0.08072916666666667 0.16927083333333334 0.3723958333333333 0.033854166666666664 0.34375 
0.08176100628930817 0.1509433962264151 0.07547169811320754 0.08176100628930817 0.610062893081761 
0.17817371937639198 0.155902004454343 0.5267260579064588 0.031180400890868598 0.10801781737193764 
0.22006472491909385 0.5372168284789643 0.11650485436893204 0.05825242718446602 0.06796116504854369 
0.08032128514056225 0.0642570281124498 0.040160642570281124 0.7710843373493976 0.04417670682730924 
0.1386861313868613 0.40875912408759124 0.22627737226277372 0.10948905109489052 0.11678832116788321 
0.5097159940209267 0.23318385650224216 0.11808669656203288 0.029895366218236172 0.10911808669656203 
0.5878003696857671 0.14417744916820702 0.06377079482439926 0.05083179297597042 0.1534195933456562 
0.06565656565656566 0.8265993265993266 0.045454545454545456 0.020202020202020204 0.04208754208754209 
0.04449648711943794 0.02810304449648712 0.03747072599531616 0.03044496487119438 0.8594847775175644 
0.1928020565552699 0.08226221079691516 0.37532133676092544 0.2982005141388175 0.05141388174807198 
0.13513513513513514 0.0972972972972973 0.24324324324324326 0.10810810810810811 0.41621621621621624 
0.5458646616541354 0.15789473684210525 0.16842105263157894 0.04962406015037594 0.07819548872180451 
0.1813186813186813 0.07142857142857142 0.42857142857142855 0.21978021978021978 0.0989010989010989 
0.1958041958041958 0.16083916083916083 0.4020979020979021 0.12937062937062938 0.11188811188811189 
0.10588235294117647 0.46588235294117647 0.2447058823529412 0.07764705882352942 0.10588235294117647 
0.18998527245949925 0.044182621502209134 0.13107511045655376 0.017673048600883652 0.6170839469808542 
0.15363128491620112 0.10335195530726257 0.3463687150837989 0.04189944134078212 0.3547486033519553 
0.08865248226950355 0.2765957446808511 0.0673758865248227 0.03546099290780142 0.5319148936170213 
0.12993039443155452 0.5823665893271461 0.10208816705336426 0.037122969837587005 0.14849187935034802 
0.1619718309859155 0.1267605633802817 0.4612676056338028 0.1619718309859155 0.0880281690140845 
0.20043572984749455 0.2984749455337691 0.289760348583878 0.15468409586056645 0.05664488017429194 
0.11046511627906977 0.05232558139534884 0.6937984496124031 0.0755813953488372 0.06782945736434108 
0.0683453237410072 0.0683453237410072 0.03776978417266187 0.02877697841726619 0.7967625899280576 
0.49165402124430957 0.21851289833080426 0.15629742033383914 0.06828528072837632 0.06525037936267071 
0.11235955056179775 0.43258426966292135 0.07303370786516854 0.06179775280898876 0.3202247191011236 
0.07342657342657342 0.5244755244755245 0.17132867132867133 0.05944055944055944 0.17132867132867133 
0.4627659574468085 0.26595744680851063 0.07446808510638298 0.07446808510638298 0.12234042553191489 
0.13404255319148936 0.6680851063829787 0.03829787234042553 0.04468085106382979 0.1148936170212766 
0.12468193384223919 0.10178117048346055 0.4351145038167939 0.03307888040712468 0.3053435114503817 
0.10588235294117647 0.07058823529411765 0.10588235294117647 0.06470588235294118 0.6529411764705882 
0.12290502793296089 0.11731843575418995 0.35195530726256985 0.03910614525139665 0.3687150837988827 
0.056910569105691054 0.052845528455284556 0.04065040650406504 0.7967479674796748 0.052845528455284556 
0.7033132530120482 0.19126506024096385 0.02710843373493976 0.04969879518072289 0.0286144578313253 
0.08796296296296297 0.09722222222222222 0.06944444444444445 0.35185185185185186 0.39351851851851855 
0.0893719806763285 0.16908212560386474 0.3743961352657005 0.028985507246376812 0.33816425120772947 
0.15934755332496864 0.5984943538268507 0.11794228356336262 0.03889585947302384 0.08531994981179424 
0.06818181818181818 0.11931818181818182 0.08522727272727272 0.19886363636363635 0.5284090909090909 
0.05357142857142857 0.060714285714285714 0.03571428571428571 0.039285714285714285 0.8107142857142857 
0.05157593123209169 0.10028653295128939 0.11461318051575932 0.045845272206303724 0.6876790830945558 
0.1111111111111111 0.5740740740740741 0.15555555555555556 0.07777777777777778 0.08148148148148149 
0.22297297297297297 0.30405405405405406 0.10135135135135136 0.21621621621621623 0.1554054054054054 
0.825938566552901 0.05688282138794084 0.05460750853242321 0.02161547212741752 0.040955631399317405 
0.6506024096385542 0.1536144578313253 0.0677710843373494 0.03313253012048193 0.09487951807228916 
0.05714285714285714 0.060714285714285714 0.08928571428571429 0.7321428571428571 0.060714285714285714 
0.09476309226932668 0.10473815461346633 0.18453865336658354 0.04738154613466334 0.5685785536159601 
0.06692406692406692 0.036036036036036036 0.02574002574002574 0.01287001287001287 0.8584298584298584 
0.13402061855670103 0.36082474226804123 0.20618556701030927 0.14432989690721648 0.15463917525773196 
0.10638297872340426 0.13829787234042554 0.18085106382978725 0.11702127659574468 0.4574468085106383 
0.05405405405405406 0.04247104247104247 0.06177606177606178 0.752895752895753 0.0888030888030888 
0.6210191082802548 0.14968152866242038 0.09554140127388536 0.0732484076433121 0.06050955414012739 
0.07352941176470588 0.05514705882352941 0.051470588235294115 0.7757352941176471 0.04411764705882353 
0.11920529801324503 0.0728476821192053 0.17439293598233996 0.04194260485651214 0.5916114790286976 
0.1 0.698076923076923 0.032692307692307694 0.05576923076923077 0.11346153846153846 
0.18329466357308585 0.14849187935034802 0.10672853828306264 0.058004640371229696 0.5034802784222738 
0.09163346613545817 0.22310756972111553 0.09163346613545817 0.04780876494023904 0.545816733067729 
0.4354243542435424 0.15498154981549817 0.2140221402214022 0.06273062730627306 0.13284132841328414 
0.15822784810126583 0.0759493670886076 0.3259493670886076 0.37658227848101267 0.06329113924050633 
0.07857142857142857 0.6392857142857142 0.11071428571428571 0.06785714285714285 0.10357142857142858 
0.09598214285714286 0.7232142857142857 0.04241071428571429 0.04017857142857143 0.09821428571428571 
0.038461538461538464 0.041025641025641026 0.035897435897435895 0.03076923076923077 0.8538461538461538 
0.07291666666666667 0.7118055555555556 0.07291666666666667 0.041666666666666664 0.10069444444444445 
0.1610738255033557 0.7302013422818792 0.05100671140939597 0.01879194630872483 0.038926174496644296 
0.12727272727272726 0.5212121212121212 0.1393939393939394 0.07272727272727272 0.1393939393939394 
0.187984496124031 0.48643410852713176 0.06395348837209303 0.031007751937984496 0.23062015503875968 
0.8521939953810623 0.03926096997690531 0.04849884526558892 0.025404157043879907 0.03464203233256351 
0.07846410684474124 0.7946577629382304 0.04674457429048414 0.021702838063439065 0.05843071786310518 
0.05338078291814947 0.05338078291814947 0.08540925266903915 0.4199288256227758 0.3879003558718861 
0.16370808678500987 0.5088757396449705 0.11439842209072978 0.04339250493096647 0.16962524654832348 
0.07129455909943715 0.7410881801125704 0.039399624765478425 0.028142589118198873 0.1200750469043152 
0.058091286307053944 0.14937759336099585 0.06224066390041494 0.04979253112033195 0.6804979253112033 
0.1049136786188579 0.6347941567065073 0.055776892430278883 0.021248339973439574 0.18326693227091634 
0.053125 0.1734375 0.1875 0.0375 0.5484375 
0.1571072319201995 0.7406483790523691 0.03740648379052369 0.0199501246882793 0.04488778054862843 
0.1327713382507903 0.5258166491043204 0.2244467860906217 0.03161222339304531 0.08535300316122234 
0.034444444444444444 0.03666666666666667 0.8555555555555555 0.023333333333333334 0.05 
0.17543859649122806 0.07017543859649122 0.06516290726817042 0.045112781954887216 0.6441102756892231 
0.06070287539936102 0.426517571884984 0.03354632587859425 0.03354632587859425 0.44568690095846647 
0.019736842105263157 0.04111842105263158 0.024671052631578948 0.029605263157894735 0.8848684210526315 
0.12594458438287154 0.1309823677581864 0.42317380352644834 0.0327455919395466 0.2871536523929471 
0.20375521557719053 0.14325452016689846 0.048678720445062586 0.017385257301808066 0.5869262865090403 
0.16117216117216118 0.10989010989010989 0.14285714285714285 0.054945054945054944 0.5311355311355311 
0.03753127606338615 0.8365304420350292 0.07589658048373644 0.013344453711426188 0.03669724770642202 
0.24015748031496062 0.5767716535433071 0.07677165354330709 0.04330708661417323 0.06299212598425197 
0.10689655172413794 0.07241379310344828 0.04827586206896552 0.7310344827586207 0.041379310344827586 
0.6075949367088608 0.22468354430379747 0.10548523206751055 0.02109704641350211 0.04113924050632911 
0.10199556541019955 0.5343680709534369 0.14412416851441243 0.03547671840354767 0.18403547671840353 
0.19956616052060738 0.0737527114967462 0.17136659436008678 0.03036876355748373 0.5249457700650759 
0.4584323040380047 0.16864608076009502 0.22327790973871733 0.07125890736342043 0.07838479809976247 
0.43795620437956206 0.19951338199513383 0.1678832116788321 0.07542579075425791 0.1192214111922141 
0.3151750972762646 0.07198443579766536 0.23540856031128404 0.029182879377431907 0.34824902723735407 
0.7478632478632479 0.11253561253561253 0.05982905982905983 0.027065527065527065 0.05270655270655271 
0.6023529411764705 0.12941176470588237 0.11058823529411765 0.06588235294117648 0.09176470588235294 
0.18099547511312217 0.4796380090497738 0.05731523378582202 0.22624434389140272 0.05580693815987934 
0.1601423487544484 0.15658362989323843 0.39501779359430605 0.05338078291814947 0.23487544483985764 
0.18463444857496902 0.18463444857496902 0.12453531598513011 0.020446096654275093 0.4857496902106567 
0.06007067137809187 0.0812720848056537 0.045936395759717315 0.7420494699646644 0.0706713780918728 
0.0658682634730539 0.0658682634730539 0.16167664670658682 0.0658682634730539 0.6407185628742516 
0.15025906735751296 0.27202072538860106 0.41968911917098445 0.06994818652849741 0.08808290155440414 
0.04310344827586207 0.10344827586206896 0.04741379310344827 0.06896551724137931 0.7370689655172413 
0.09389671361502347 0.1267605633802817 0.28169014084507044 0.107981220657277 0.38967136150234744 
0.07220216606498195 0.06498194945848375 0.09025270758122744 0.039711191335740074 0.7328519855595668 
0.06763285024154589 0.0821256038647343 0.11594202898550725 0.057971014492753624 0.6763285024154589 
0.15170278637770898 0.6811145510835913 0.04953560371517028 0.03715170278637771 0.0804953560371517 
0.06500956022944551 0.7724665391969407 0.03441682600382409 0.021032504780114723 0.10707456978967496 
0.034482758620689655 0.042440318302387266 0.03978779840848806 0.029177718832891247 0.8541114058355438 
0.15294117647058825 0.23529411764705882 0.15294117647058825 0.23529411764705882 0.2235294117647059 
0.15223880597014924 0.6149253731343284 0.06865671641791045 0.05970149253731343 0.1044776119402985 
0.12345679012345678 0.19753086419753085 0.1728395061728395 0.12345679012345678 0.38271604938271603 
0.06696428571428571 0.09375 0.049107142857142856 0.049107142857142856 0.7410714285714286 
0.08762886597938144 0.09278350515463918 0.08247422680412371 0.23195876288659795 0.5051546391752577 
0.0453781512605042 0.838655462184874 0.05714285714285714 0.012605042016806723 0.046218487394957986 
0.40336134453781514 0.16806722689075632 0.16806722689075632 0.12605042016806722 0.13445378151260504 
0.06567164179104477 0.6880597014925374 0.06865671641791045 0.01791044776119403 0.15970149253731344 
0.045454545454545456 0.125 0.04924242424242424 0.7159090909090909 0.06439393939393939 
0.03879310344827586 0.028017241379310345 0.036637931034482756 0.03017241379310345 0.8663793103448276 
0.13291139240506328 0.5928270042194093 0.056962025316455694 0.027426160337552744 0.189873417721519 
0.0947075208913649 0.20891364902506965 0.10027855153203342 0.0584958217270195 0.5376044568245125 
0.16379310344827586 0.6235632183908046 0.07183908045977011 0.040229885057471264 0.10057471264367816 
0.13793103448275862 0.3045977011494253 0.10344827586206896 0.28735632183908044 0.16666666666666666 
0.32407407407407407 0.1388888888888889 0.3271604938271605 0.07098765432098765 0.1388888888888889 
0.0622568093385214 0.038910505836575876 0.08949416342412451 0.7587548638132295 0.05058365758754864 
0.16883116883116883 0.11688311688311688 0.4588744588744589 0.09523809523809523 0.16017316017316016 
0.6976744186046512 0.12919896640826872 0.06330749354005168 0.037467700258397935 0.07235142118863049 
0.09523809523809523 0.6428571428571429 0.09523809523809523 0.044642857142857144 0.12202380952380952 
0.10840108401084012 0.056910569105691054 0.06775067750677506 0.08130081300813008 0.6856368563685636 
0.24848484848484848 0.43636363636363634 0.09696969696969697 0.15151515151515152 0.06666666666666667 
0.0362400906002265 0.03737259343148358 0.8459796149490374 0.03737259343148358 0.04303510758776897 
0.6851851851851852 0.10740740740740741 0.0962962962962963 0.05185185185185185 0.05925925925925926 
0.2740286298568507 0.07975460122699386 0.5705521472392638 0.0408997955010225 0.034764826175869123 
0.1460446247464503 0.12778904665314403 0.22920892494929007 0.05476673427991886 0.4421906693711968 
0.21428571428571427 0.04081632653061224 0.09183673469387756 0.024489795918367346 0.6285714285714286 
0.22109275730622618 0.21855146124523506 0.035578144853875476 0.2630241423125794 0.2617534942820839 
0.13261648745519714 0.546594982078853 0.13261648745519714 0.035842293906810034 0.15232974910394265 
0.1624548736462094 0.5595667870036101 0.09025270758122744 0.07942238267148015 0.10830324909747292 
0.03457216940363008 0.06050129645635264 0.05445116681071737 0.011235955056179775 0.8392394122731202 
0.19072164948453607 0.5257731958762887 0.03865979381443299 0.04639175257731959 0.19845360824742267 
0.1982896846606093 0.2175307322287547 0.18546231961517906 0.01389631213254944 0.38482095136290756 
0.16122448979591836 0.05510204081632653 0.1 0.03469387755102041 0.6489795918367347 
0.109375 0.4453125 0.3125 0.049479166666666664 0.08333333333333333 
0.09269356597600872 0.025081788440567066 0.8178844056706652 0.022900763358778626 0.04143947655398037 
0.04695652173913043 0.09565217391304348 0.043478260869565216 0.019130434782608695 0.7947826086956522 
0.12869198312236288 0.6139240506329114 0.05485232067510549 0.027426160337552744 0.1751054852320675 
0.10784313725490197 0.09803921568627451 0.11764705882352941 0.12745098039215685 0.5490196078431373 
0.11824668705402651 0.7716615698267074 0.039755351681957186 0.0254841997961264 0.04485219164118247 
0.18055555555555555 0.3506944444444444 0.0798611111111111 0.18055555555555555 0.20833333333333334 
0.052050473186119876 0.055205047318611984 0.7760252365930599 0.08517350157728706 0.031545741324921134 
0.08496732026143791 0.13071895424836602 0.08496732026143791 0.0718954248366013 0.6274509803921569 
0.09433962264150944 0.10377358490566038 0.11320754716981132 0.09433962264150944 0.5943396226415094 
0.05460750853242321 0.7064846416382252 0.05460750853242321 0.034129692832764506 0.15017064846416384 
0.1 0.17857142857142858 0.07857142857142857 0.15714285714285714 0.4857142857142857 
0.5911371237458194 0.0225752508361204 0.014214046822742474 0.011705685618729096 0.3603678929765886 
0.0518783542039356 0.14669051878354203 0.259391771019678 0.023255813953488372 0.518783542039356 
0.20454545454545456 0.22727272727272727 0.09659090909090909 0.2784090909090909 0.19318181818181818 
0.07547169811320754 0.09056603773584905 0.052830188679245285 0.7320754716981132 0.04905660377358491 
0.2119047619047619 0.1 0.2761904761904762 0.3523809523809524 0.05952380952380952 
0.13026819923371646 0.6130268199233716 0.06896551724137931 0.09961685823754789 0.08812260536398467 
0.0970873786407767 0.11650485436893204 0.0970873786407767 0.0970873786407767 0.5922330097087378 
0.2087378640776699 0.08009708737864078 0.38106796116504854 0.04854368932038835 0.2815533980582524 
0.09767441860465116 0.13023255813953488 0.29767441860465116 0.10232558139534884 0.37209302325581395 
0.05415162454873646 0.11913357400722022 0.04332129963898917 0.7184115523465704 0.06498194945848375 
0.148068669527897 0.18454935622317598 0.16952789699570817 0.0536480686695279 0.44420600858369097 
0.11636363636363636 0.04727272727272727 0.04363636363636364 0.7345454545454545 0.05818181818181818 
0.24545454545454545 0.27045454545454545 0.3340909090909091 0.05909090909090909 0.09090909090909091 
0.8205128205128205 0.040293040293040296 0.06837606837606838 0.020757020757020756 0.050061050061050064 
0.06666666666666667 0.7025641025641025 0.05641025641025641 0.02564102564102564 0.14871794871794872 
0.5625 0.21666666666666667 0.0625 0.10416666666666667 0.05416666666666667 
0.19130434782608696 0.05217391304347826 0.09565217391304348 0.04782608695652174 0.6130434782608696 
0.061611374407582936 0.052132701421800945 0.06635071090047394 0.04739336492890995 0.7725118483412322 
0.12927756653992395 0.5551330798479087 0.17110266159695817 0.06463878326996197 0.07984790874524715 
0.10450297366185217 0.08920985556499575 0.4409515717926933 0.029736618521665252 0.33559898045879355 
0.18061674008810572 0.11013215859030837 0.4052863436123348 0.17180616740088106 0.13215859030837004 
0.04390243902439024 0.348780487804878 0.07073170731707316 0.05365853658536585 0.48292682926829267 
0.19154557463672392 0.5442536327608983 0.13606340819022458 0.036988110964332896 0.09114927344782034 
0.06451612903225806 0.11469534050179211 0.04659498207885305 0.7132616487455197 0.06093189964157706 
0.0687593423019432 0.4200298953662182 0.02242152466367713 0.02391629297458894 0.4648729446935725 
0.04618689581095596 0.30934479054779807 0.05370569280343716 0.25241675617615467 0.3383458646616541 
0.2616731517509728 0.17801556420233464 0.06031128404669261 0.377431906614786 0.122568093385214 
0.0546875 0.046875 0.0546875 0.78515625 0.05859375 
0.023121387283236993 0.03901734104046243 0.8786127167630058 0.015895953757225433 0.04335260115606936 
0.18114874815905743 0.050073637702503684 0.11487481590574374 0.017673048600883652 0.6362297496318114 
0.0967741935483871 0.10483870967741936 0.08870967741935484 0.08870967741935484 0.6209677419354839 
0.15041782729805014 0.13370473537604458 0.07242339832869081 0.0584958217270195 0.584958217270195 
0.057863501483679525 0.6646884272997032 0.08160237388724036 0.016320474777448073 0.1795252225519288 
0.03731343283582089 0.05223880597014925 0.11194029850746269 0.746268656716418 0.05223880597014925 
0.49157303370786515 0.31179775280898875 0.08426966292134831 0.05056179775280899 0.06179775280898876 
0.0959409594095941 0.6937269372693727 0.06642066420664207 0.06273062730627306 0.08118081180811808 
0.6013344453711427 0.01751459549624687 0.010842368640533779 0.010008340283569641 0.3603002502085071 
0.045454545454545456 0.056818181818181816 0.04924242424242424 0.013257575757575758 0.8352272727272727 
0.029556650246305417 0.03694581280788178 0.04433497536945813 0.03201970443349754 0.8571428571428571 
0.041379310344827586 0.06206896551724138 0.03793103448275862 0.041379310344827586 0.8172413793103448 
0.21020408163265306 0.04285714285714286 0.061224489795918366 0.02040816326530612 0.6653061224489796 
0.08846153846153847 0.6384615384615384 0.07884615384615384 0.019230769230769232 0.175 
0.10024449877750612 0.6405867970660146 0.06845965770171149 0.1271393643031785 0.06356968215158924 
0.17307692307692307 0.46794871794871795 0.09615384615384616 0.07692307692307693 0.1858974358974359 
0.7143950995405819 0.11791730474732007 0.11485451761102604 0.026033690658499236 0.02679938744257274 
0.3037037037037037 0.07111111111111111 0.24444444444444444 0.016296296296296295 0.36444444444444446 
0.3666940114848236 0.19196062346185397 0.29614438063986875 0.022149302707136997 0.12305168170631665 
0.04222648752399232 0.7907869481765835 0.09596928982725528 0.036468330134357005 0.0345489443378119 
0.0625 0.07291666666666667 0.057291666666666664 0.052083333333333336 0.7552083333333334 
0.1450381679389313 0.0916030534351145 0.5610687022900763 0.07633587786259542 0.12595419847328243 
0.041237113402061855 0.037800687285223365 0.13058419243986255 0.7353951890034365 0.054982817869415807 
0.6155143338954469 0.01854974704890388 0.013490725126475547 0.00927487352445194 0.34317032040472173 
0.05802047781569966 0.7474402730375427 0.04436860068259386 0.03754266211604096 0.11262798634812286 
0.13992537313432835 0.3675373134328358 0.061567164179104475 0.02332089552238806 0.4076492537313433 
0.09178743961352658 0.06038647342995169 0.08454106280193237 0.043478260869565216 0.7198067632850241 
0.08125 0.678125 0.046875 0.04375 0.15 
0.18681318681318682 0.336996336996337 0.09157509157509157 0.3076923076923077 0.07692307692307693 
0.11313868613138686 0.7560827250608273 0.04440389294403893 0.024330900243309004 0.06204379562043796 
0.04861111111111111 0.7291666666666666 0.052083333333333336 0.034722222222222224 0.13541666666666666 
0.12389380530973451 0.168141592920354 0.19469026548672566 0.1415929203539823 0.37168141592920356 
0.16740088105726872 0.7224669603524229 0.04552129221732746 0.033773861967694566 0.030837004405286344 
0.06060606060606061 0.041666666666666664 0.10984848484848485 0.7234848484848485 0.06439393939393939 
0.08496732026143791 0.12418300653594772 0.0718954248366013 0.0718954248366013 0.6470588235294118 
0.06691449814126393 0.3345724907063197 0.05947955390334572 0.04460966542750929 0.4944237918215613 
0.1903409090909091 0.09090909090909091 0.2585227272727273 0.03977272727272727 0.42045454545454547 
0.1402116402116402 0.1349206349206349 0.07936507936507936 0.06084656084656084 0.5846560846560847 
0.029850746268656716 0.7444029850746269 0.13246268656716417 0.027985074626865673 0.06529850746268656 
0.17708333333333334 0.4947916666666667 0.1875 0.06770833333333333 0.07291666666666667 
0.039711191335740074 0.07581227436823104 0.04332129963898917 0.039711191335740074 0.8014440433212996 
0.03773584905660377 0.1018867924528302 0.033962264150943396 0.024528301886792454 0.8018867924528302 
0.05531914893617021 0.06808510638297872 0.05106382978723404 0.05531914893617021 0.7702127659574468 
0.061079545454545456 0.7088068181818182 0.12926136363636365 0.041193181818181816 0.05965909090909091 
0.0502092050209205 0.13807531380753138 0.05439330543933055 0.0502092050209205 0.7071129707112971 
0.27522935779816515 0.19036697247706422 0.18807339449541285 0.17660550458715596 0.16972477064220184 
0.1894273127753304 0.5242290748898678 0.06607929515418502 0.0881057268722467 0.13215859030837004 
0.11654135338345864 0.06766917293233082 0.04887218045112782 0.7255639097744361 0.041353383458646614 
0.041666666666666664 0.08796296296296297 0.08333333333333333 0.037037037037037035 0.75 
0.06439393939393939 0.7007575757575758 0.06439393939393939 0.04924242424242424 0.12121212121212122 
0.0702247191011236 0.19662921348314608 0.10112359550561797 0.047752808988764044 0.5842696629213483 
0.176 0.328 0.2 0.136 0.16 
0.1417624521072797 0.19540229885057472 0.4559386973180077 0.06513409961685823 0.1417624521072797 
0.24607329842931938 0.14659685863874344 0.08376963350785341 0.450261780104712 0.07329842931937172 
0.04905660377358491 0.045283018867924525 0.04905660377358491 0.7811320754716982 0.07547169811320754 
0.057692307692307696 0.034340659340659344 0.03296703296703297 0.01510989010989011 0.8598901098901099 
0.1171875 0.11393229166666667 0.22330729166666666 0.011067708333333334 0.5345052083333334 
0.2192513368983957 0.29545454545454547 0.1657754010695187 0.09358288770053476 0.22593582887700533 
0.13450292397660818 0.0935672514619883 0.49122807017543857 0.07602339181286549 0.2046783625730994 
