0.07780979827089338 0.06340057636887608 0.7463976945244957 0.04610951008645533 0.06628242074927954 
0.10330578512396695 0.6797520661157025 0.07231404958677685 0.047520661157024795 0.09710743801652892 
0.13218070273284996 0.23759063022866703 0.3340769659788065 0.020078081427774678 0.27607361963190186 
0.03488372093023256 0.05813953488372093 0.05813953488372093 0.02159468438538206 0.8272425249169435 
0.10869565217391304 0.21014492753623187 0.41304347826086957 0.06884057971014493 0.19927536231884058 
0.051587301587301584 0.05952380952380952 0.047619047619047616 0.7857142857142857 0.05555555555555555 
0.07599309153713299 0.0690846286701209 0.7115716753022453 0.1001727115716753 0.04317789291882556 
0.1724137931034483 0.09549071618037135 0.5437665782493368 0.07957559681697612 0.10875331564986737 
0.05 0.8287878787878787 0.03787878787878788 0.016666666666666666 0.06666666666666667 
0.17032967032967034 0.13186813186813187 0.2967032967032967 0.06593406593406594 0.33516483516483514 
0.08620689655172414 0.07471264367816093 0.08045977011494253 0.05747126436781609 0.7011494252873564 
0.18848167539267016 0.5026178010471204 0.06806282722513089 0.05759162303664921 0.18324607329842932 
0.23659305993690852 0.08201892744479496 0.5078864353312302 0.05362776025236593 0.11987381703470032 
0.07241379310344828 0.06206896551724138 0.1 0.04482758620689655 0.7206896551724138 
0.09635416666666667 0.13802083333333334 0.375 0.026041666666666668 0.3645833333333333 
0.07547169811320754 0.11949685534591195 0.08176100628930817 0.06289308176100629 0.660377358490566 
0.155902004454343 0.13028953229398663 0.579064587973274 0.03229398663697105 0.10244988864142539 
0.19741100323624594 0.4886731391585761 0.14563106796116504 0.07766990291262135 0.09061488673139159 
0.07228915662650602 0.0642570281124498 0.04819277108433735 0.7710843373493976 0.04417670682730924 
0.13138686131386862 0.40145985401459855 0.2116788321167883 0.10218978102189781 0.15328467153284672 
0.46038863976083705 0.25411061285500747 0.15695067264573992 0.04185351270553064 0.08669656203288491 
0.588724584103512 0.12384473197781885 0.07208872458410351 0.041589648798521256 0.17375231053604437 
0.06565656565656566 0.8215488215488216 0.03535353535353535 0.025252525252525252 0.05218855218855219 
0.03044496487119438 0.03278688524590164 0.0468384074941452 0.03044496487119438 0.8594847775175644 
0.14138817480719795 0.07455012853470437 0.43958868894601544 0.2699228791773779 0.07455012853470437 
0.12972972972972974 0.11891891891891893 0.2864864864864865 0.10270270270270271 0.3621621621621622 
0.4691729323308271 0.1518796992481203 0.22556390977443608 0.042105263157894736 0.11127819548872181 
0.2032967032967033 0.1043956043956044 0.46153846153846156 0.1043956043956044 0.12637362637362637 
0.12937062937062938 0.18181818181818182 0.4020979020979021 0.17832167832167833 0.10839160839160839 
0.13176470588235295 0.4117647058823529 0.2376470588235294 0.07058823529411765 0.14823529411764705 
0.18262150220913106 0.045655375552282766 0.10603829160530191 0.017673048600883652 0.6480117820324006 
0.12290502793296089 0.12849162011173185 0.388268156424581 0.036312849162011177 0.3240223463687151 
0.09929078014184398 0.25886524822695034 0.0425531914893617 0.0425531914893617 0.5567375886524822 
0.12993039443155452 0.6009280742459396 0.11600928074245939 0.04640371229698376 0.10672853828306264 
0.14084507042253522 0.1443661971830986 0.4014084507042254 0.20774647887323944 0.1056338028169014 
0.13725490196078433 0.1721132897603486 0.2222222222222222 0.38344226579520696 0.08496732026143791 
0.09883720930232558 0.050387596899224806 0.6918604651162791 0.10271317829457365 0.0562015503875969 
0.08992805755395683 0.06115107913669065 0.04136690647482014 0.019784172661870502 0.7877697841726619 
0.503793626707132 0.17147192716236723 0.1669195751138088 0.07587253414264036 0.0819423368740516 
0.11235955056179775 0.42696629213483145 0.07303370786516854 0.06179775280898876 0.3258426966292135 
0.08741258741258741 0.4825174825174825 0.16083916083916083 0.08041958041958042 0.1888111888111888 
0.4148936170212766 0.30319148936170215 0.0797872340425532 0.0797872340425532 0.12234042553191489 
0.08085106382978724 0.7127659574468085 0.04893617021276596 0.04893617021276596 0.10851063829787234 
0.13231552162849872 0.09669211195928754 0.455470737913486 0.043256997455470736 0.272264631043257 
0.08823529411764706 0.11764705882352941 0.10588235294117647 0.07058823529411765 0.6176470588235294 
0.08379888268156424 0.17039106145251395 0.3854748603351955 0.0335195530726257 0.3268156424581006 
0.04878048780487805 0.052845528455284556 0.044715447154471545 0.7926829268292683 0.06097560975609756 
0.7725903614457831 0.12650602409638553 0.024096385542168676 0.04819277108433735 0.0286144578313253 
0.09722222222222222 0.09259259259259259 0.0787037037037037 0.3333333333333333 0.39814814814814814 
0.12077294685990338 0.13526570048309178 0.39855072463768115 0.026570048309178744 0.3188405797101449 
0.13048933500627352 0.6110414052697616 0.1355081555834379 0.03889585947302384 0.08406524466750313 
0.07386363636363637 0.13636363636363635 0.10227272727272728 0.18181818181818182 0.5056818181818182 
0.05357142857142857 0.08571428571428572 0.04642857142857143 0.04285714285714286 0.7714285714285715 
0.04297994269340974 0.10315186246418338 0.0830945558739255 0.054441260744985676 0.7163323782234957 
0.1 0.5666666666666667 0.21851851851851853 0.05555555555555555 0.05925925925925926 
0.14864864864864866 0.24324324324324326 0.13513513513513514 0.27702702702702703 0.19594594594594594 
0.8395904436860068 0.040955631399317405 0.06370875995449374 0.015927189988623434 0.03981797497155859 
0.6265060240963856 0.1822289156626506 0.06475903614457831 0.03765060240963856 0.08885542168674698 
0.05714285714285714 0.06428571428571428 0.09642857142857143 0.7214285714285714 0.060714285714285714 
0.08977556109725686 0.09975062344139651 0.18703241895261846 0.06234413965087282 0.5610972568578554 
0.059202059202059204 0.03346203346203346 0.03346203346203346 0.02059202059202059 0.8532818532818532 
0.1134020618556701 0.3711340206185567 0.20618556701030927 0.13402061855670103 0.17525773195876287 
0.10638297872340426 0.1276595744680851 0.14893617021276595 0.1276595744680851 0.48936170212765956 
0.05019305019305019 0.08494208494208494 0.06177606177606178 0.7374517374517374 0.06563706563706563 
0.09872611464968153 0.1942675159235669 0.08598726114649681 0.5509554140127388 0.07006369426751592 
0.04779411764705882 0.0661764705882353 0.04044117647058824 0.7941176470588235 0.051470588235294115 
0.1346578366445916 0.04856512141280353 0.16997792494481237 0.02869757174392936 0.6181015452538632 
0.125 0.6730769230769231 0.03076923076923077 0.06923076923076923 0.10192307692307692 
0.20185614849187936 0.10208816705336426 0.10208816705336426 0.05568445475638051 0.5382830626450116 
0.09163346613545817 0.20318725099601595 0.09163346613545817 0.05179282868525897 0.5617529880478087 
0.36162361623616235 0.14391143911439114 0.2915129151291513 0.05904059040590406 0.14391143911439114 
0.16139240506329114 0.08227848101265822 0.2848101265822785 0.39556962025316456 0.0759493670886076 
0.07142857142857142 0.275 0.09285714285714286 0.45 0.11071428571428571 
0.08258928571428571 0.7455357142857143 0.03794642857142857 0.04017857142857143 0.09375 
0.041025641025641026 0.04358974358974359 0.046153846153846156 0.02564102564102564 0.8435897435897436 
0.10416666666666667 0.6493055555555556 0.06597222222222222 0.04861111111111111 0.13194444444444445 
0.1436241610738255 0.7557046979865771 0.042953020134228186 0.01879194630872483 0.038926174496644296 
0.09090909090909091 0.5515151515151515 0.14545454545454545 0.06666666666666667 0.14545454545454545 
0.1511627906976744 0.5038759689922481 0.06589147286821706 0.029069767441860465 0.25 
0.8683602771362586 0.03233256351039261 0.04157043879907621 0.023094688221709007 0.03464203233256351 
0.08347245409015025 0.7996661101836394 0.035058430717863104 0.018363939899833055 0.06343906510851419 
0.06761565836298933 0.03558718861209965 0.0711743772241993 0.42704626334519574 0.398576512455516 
0.20512820512820512 0.44970414201183434 0.13609467455621302 0.04142011834319527 0.16765285996055226 
0.08067542213883677 0.7654784240150094 0.0300187617260788 0.020637898686679174 0.10318949343339587 
0.06639004149377593 0.11203319502074689 0.05394190871369295 0.058091286307053944 0.7095435684647303 
0.08366533864541832 0.6600265604249668 0.055776892430278883 0.02257636122177955 0.17795484727755645 
0.0953125 0.159375 0.1515625 0.05625 0.5375 
0.14588528678304238 0.7680798004987531 0.03117206982543641 0.018703241895261846 0.03615960099750624 
0.13487881981032665 0.49420442571127504 0.24973656480505796 0.06533192834562697 0.05584826132771338 
0.043333333333333335 0.051111111111111114 0.8466666666666667 0.015555555555555555 0.043333333333333335 
0.17543859649122806 0.07268170426065163 0.07769423558897243 0.05764411027568922 0.6165413533834586 
0.05750798722044728 0.43929712460063897 0.03354632587859425 0.023961661341853034 0.44568690095846647 
0.027960526315789474 0.04276315789473684 0.06414473684210527 0.019736842105263157 0.8453947368421053 
0.1309823677581864 0.0982367758186398 0.42317380352644834 0.05793450881612091 0.28967254408060455 
0.2023643949930459 0.1502086230876217 0.061891515994436715 0.031988873435326845 0.5535465924895688 
0.15018315018315018 0.09157509157509157 0.1391941391941392 0.0695970695970696 0.5494505494505495 
0.05587989991659716 0.8373644703919934 0.0633861551292744 0.015012510425354461 0.02835696413678065 
0.23622047244094488 0.6023622047244095 0.07677165354330709 0.03937007874015748 0.045275590551181105 
0.10344827586206896 0.05862068965517241 0.04482758620689655 0.7344827586206897 0.05862068965517241 
0.6149789029535865 0.20780590717299577 0.10759493670886076 0.020042194092827006 0.049578059071729956 
0.10864745011086474 0.5587583148558758 0.1130820399113082 0.028824833702882482 0.19068736141906872 
0.14099783080260303 0.07158351409978309 0.24511930585683298 0.028199566160520606 0.5140997830802603 
0.44655581947743467 0.17577197149643706 0.22327790973871733 0.07600950118764846 0.07838479809976247 
0.40389294403892945 0.21897810218978103 0.12895377128953772 0.07785888077858881 0.170316301703163 
0.122568093385214 0.06420233463035019 0.5019455252918288 0.03696498054474708 0.27431906614785995 
0.7250712250712251 0.11396011396011396 0.06267806267806268 0.03561253561253561 0.06267806267806268 
0.5552941176470588 0.15058823529411763 0.14352941176470588 0.08 0.07058823529411765 
0.1885369532428356 0.4720965309200603 0.0693815987933635 0.22171945701357465 0.048265460030165915 
0.12099644128113879 0.1423487544483986 0.4483985765124555 0.06405693950177936 0.22419928825622776 
0.1524163568773234 0.1697645600991326 0.15613382899628253 0.022304832713754646 0.4993804213135068 
0.04946996466431095 0.09540636042402827 0.0636042402826855 0.7420494699646644 0.04946996466431095 
0.0658682634730539 0.09580838323353294 0.12574850299401197 0.0658682634730539 0.6467065868263473 
0.12953367875647667 0.24352331606217617 0.45077720207253885 0.07512953367875648 0.10103626943005181 
0.07327586206896551 0.09482758620689655 0.05172413793103448 0.0603448275862069 0.7198275862068966 
0.08450704225352113 0.09389671361502347 0.24882629107981222 0.1784037558685446 0.39436619718309857 
0.06859205776173286 0.07942238267148015 0.10830324909747292 0.05054151624548736 0.6931407942238267 
0.057971014492753624 0.08695652173913043 0.11594202898550725 0.06280193236714976 0.6763285024154589 
0.1826625386996904 0.6377708978328174 0.05572755417956656 0.058823529411764705 0.06501547987616099 
0.07265774378585087 0.7495219885277247 0.032504780114722756 0.022944550669216062 0.12237093690248566 
0.029177718832891247 0.04774535809018567 0.042440318302387266 0.026525198938992044 0.8541114058355438 
0.16470588235294117 0.15294117647058825 0.16470588235294117 0.3058823529411765 0.21176470588235294 
0.18507462686567164 0.5970149253731343 0.04776119402985075 0.08059701492537313 0.08955223880597014 
0.12345679012345678 0.13580246913580246 0.16049382716049382 0.14814814814814814 0.43209876543209874 
0.05803571428571429 0.09821428571428571 0.05357142857142857 0.05357142857142857 0.7366071428571429 
0.10824742268041238 0.10824742268041238 0.07731958762886598 0.1958762886597938 0.5103092783505154 
0.04957983193277311 0.8663865546218488 0.046218487394957986 0.013445378151260505 0.024369747899159664 
0.42857142857142855 0.16806722689075632 0.17647058823529413 0.12605042016806722 0.10084033613445378 
0.058208955223880594 0.6611940298507463 0.08507462686567165 0.025373134328358207 0.1701492537313433 
0.04924242424242424 0.10606060606060606 0.04924242424242424 0.7196969696969697 0.07575757575757576 
0.03879310344827586 0.032327586206896554 0.034482758620689655 0.02586206896551724 0.8685344827586207 
0.10548523206751055 0.620253164556962 0.08227848101265822 0.02531645569620253 0.16666666666666666 
0.116991643454039 0.23676880222841226 0.10306406685236769 0.03899721448467967 0.5041782729805014 
0.16954022988505746 0.646551724137931 0.05459770114942529 0.03735632183908046 0.09195402298850575 
0.10344827586206896 0.367816091954023 0.12643678160919541 0.2471264367816092 0.15517241379310345 
0.37037037037037035 0.15432098765432098 0.27469135802469136 0.08641975308641975 0.11419753086419752 
0.054474708171206226 0.04669260700389105 0.10505836575875487 0.7431906614785992 0.05058365758754864 
0.16017316017316016 0.15151515151515152 0.43722943722943725 0.09090909090909091 0.16017316017316016 
0.661498708010336 0.1434108527131783 0.05426356589147287 0.05555555555555555 0.08527131782945736 
0.07142857142857142 0.6220238095238095 0.12797619047619047 0.047619047619047616 0.13095238095238096 
0.10298102981029811 0.06775067750677506 0.056910569105691054 0.05420054200542006 0.7181571815718157 
0.23030303030303031 0.38181818181818183 0.09696969696969697 0.1696969696969697 0.12121212121212122 
0.07021517553793885 0.030577576443941108 0.8301245753114382 0.039637599093997736 0.02944507361268403 
0.6888888888888889 0.1259259259259259 0.05185185185185185 0.06296296296296296 0.07037037037037037 
0.294478527607362 0.065439672801636 0.5644171779141104 0.03885480572597137 0.03680981595092025 
0.07910750507099391 0.16835699797160245 0.2616632860040568 0.10141987829614604 0.3894523326572008 
0.18571428571428572 0.053061224489795916 0.061224489795918366 0.022448979591836733 0.6775510204081633 
0.24650571791613723 0.19695044472681067 0.07369758576874205 0.21473951715374842 0.2681067344345616 
0.12544802867383512 0.5304659498207885 0.15591397849462366 0.03763440860215054 0.15053763440860216 
0.19855595667870035 0.5595667870036101 0.061371841155234655 0.05415162454873646 0.1263537906137184 
0.04753673292999136 0.07346585998271392 0.055315471045808126 0.01296456352636128 0.8107173725151253 
0.21649484536082475 0.5154639175257731 0.05412371134020619 0.041237113402061855 0.17268041237113402 
0.18599679315873865 0.2073757349011224 0.20096205237840728 0.021378941742383754 0.38428647781934794 
0.1489795918367347 0.05510204081632653 0.11632653061224489 0.0326530612244898 0.6469387755102041 
0.07552083333333333 0.4947916666666667 0.2708333333333333 0.0625 0.09635416666666667 
0.08942202835332606 0.029443838604143947 0.8276990185387132 0.026172300981461286 0.027262813522355506 
0.05391304347826087 0.06956521739130435 0.04521739130434783 0.022608695652173914 0.808695652173913 
0.10548523206751055 0.6329113924050633 0.08649789029535865 0.02531645569620253 0.14978902953586498 
0.13725490196078433 0.11764705882352941 0.10784313725490197 0.10784313725490197 0.5294117647058824 
0.15188583078491336 0.7380224260958206 0.0326197757390418 0.0254841997961264 0.05198776758409786 
0.16666666666666666 0.3229166666666667 0.09375 0.19791666666666666 0.21875 
0.04889589905362776 0.06309148264984227 0.7839116719242902 0.05993690851735016 0.04416403785488959 
0.06535947712418301 0.1437908496732026 0.1111111111111111 0.06535947712418301 0.6143790849673203 
0.09433962264150944 0.10377358490566038 0.10377358490566038 0.11320754716981132 0.5849056603773585 
0.04778156996587031 0.757679180887372 0.040955631399317405 0.04436860068259386 0.10921501706484642 
0.12857142857142856 0.17857142857142858 0.09285714285714286 0.12142857142857143 0.4785714285714286 
0.612876254180602 0.03595317725752508 0.010869565217391304 0.010033444816053512 0.3302675585284281 
0.07155635062611806 0.1252236135957066 0.25760286225402507 0.026833631484794274 0.518783542039356 
0.19318181818181818 0.2727272727272727 0.125 0.21022727272727273 0.19886363636363635 
0.06037735849056604 0.1018867924528302 0.06415094339622641 0.7245283018867924 0.04905660377358491 
0.21904761904761905 0.10714285714285714 0.2523809523809524 0.35 0.07142857142857142 
0.1839080459770115 0.6091954022988506 0.07279693486590039 0.06896551724137931 0.06513409961685823 
0.0970873786407767 0.0970873786407767 0.0970873786407767 0.0970873786407767 0.6116504854368932 
0.15048543689320387 0.07766990291262135 0.5339805825242718 0.06310679611650485 0.17475728155339806 
0.09767441860465116 0.10697674418604651 0.24186046511627907 0.17209302325581396 0.3813953488372093 
0.06498194945848375 0.1371841155234657 0.039711191335740074 0.7075812274368231 0.05054151624548736 
0.12446351931330472 0.19527896995708155 0.17381974248927037 0.0536480686695279 0.45278969957081544 
0.11272727272727273 0.07636363636363637 0.05818181818181818 0.7054545454545454 0.04727272727272727 
0.18863636363636363 0.29318181818181815 0.33181818181818185 0.09545454545454546 0.09090909090909091 
0.8156288156288156 0.0463980463980464 0.08547008547008547 0.019536019536019536 0.03296703296703297 
0.07179487179487179 0.6794871794871795 0.05641025641025641 0.03333333333333333 0.15897435897435896 
0.5291666666666667 0.2375 0.058333333333333334 0.0875 0.0875 
0.16521739130434782 0.06521739130434782 0.07391304347826087 0.05217391304347826 0.6434782608695652 
0.052132701421800945 0.05687203791469194 0.052132701421800945 0.04739336492890995 0.7914691943127962 
0.11787072243346007 0.5893536121673004 0.19011406844106463 0.04182509505703422 0.060836501901140684 
0.12064570943075616 0.06711979609175871 0.4324553950722175 0.026338147833474938 0.35344095157179267 
0.11013215859030837 0.11013215859030837 0.45374449339207046 0.2026431718061674 0.12334801762114538 
0.05609756097560976 0.32439024390243903 0.05121951219512195 0.07317073170731707 0.4951219512195122 
0.17965653896961692 0.5693527080581242 0.16776750330250992 0.022457067371202115 0.0607661822985469 
0.053763440860215055 0.12186379928315412 0.043010752688172046 0.7204301075268817 0.06093189964157706 
0.04484304932735426 0.4260089686098655 0.02391629297458894 0.026905829596412557 0.47832585949177875 
0.06229860365198711 0.2953813104189044 0.04296455424274973 0.22556390977443608 0.37379162191192267 
0.20719844357976655 0.19455252918287938 0.09241245136186771 0.3638132295719844 0.14202334630350194 
0.05078125 0.0546875 0.05859375 0.7734375 0.0625 
0.033236994219653176 0.024566473988439308 0.880057803468208 0.02601156069364162 0.036127167630057806 
0.15905743740795286 0.05891016200294551 0.12223858615611193 0.01914580265095729 0.6406480117820325 
0.08870967741935484 0.0967741935483871 0.0967741935483871 0.08870967741935484 0.6290322580645161 
0.11977715877437325 0.15877437325905291 0.06963788300835655 0.08635097493036212 0.5654596100278552 
0.08605341246290801 0.6543026706231454 0.08605341246290801 0.017804154302670624 0.15578635014836795 
0.041044776119402986 0.041044776119402986 0.13805970149253732 0.7276119402985075 0.05223880597014925 
0.5252808988764045 0.2696629213483146 0.08426966292134831 0.05056179775280899 0.0702247191011236 
0.0996309963099631 0.6863468634686347 0.06273062730627306 0.06273062730627306 0.08856088560885608 
0.6238532110091743 0.022518765638031693 0.011676396997497914 0.010842368640533779 0.3311092577147623 
0.04640151515151515 0.0928030303030303 0.05965909090909091 0.014204545454545454 0.7869318181818182 
0.03694581280788178 0.03940886699507389 0.06403940886699508 0.027093596059113302 0.8325123152709359 
0.041379310344827586 0.07586206896551724 0.034482758620689655 0.03793103448275862 0.8103448275862069 
0.17755102040816326 0.04693877551020408 0.05714285714285714 0.022448979591836733 0.6959183673469388 
0.08846153846153847 0.6096153846153847 0.06153846153846154 0.04038461538461539 0.2 
0.10268948655256724 0.6014669926650367 0.04645476772616137 0.1784841075794621 0.07090464547677261 
0.15384615384615385 0.5384615384615384 0.10897435897435898 0.0641025641025641 0.1346153846153846 
0.7036753445635529 0.10872894333843798 0.12404287901990811 0.032924961715160794 0.030627871362940276 
0.14666666666666667 0.04148148148148148 0.4962962962962963 0.028148148148148148 0.2874074074074074 
0.2945036915504512 0.19524200164068908 0.3281378178835111 0.02871205906480722 0.15340442986054142 
0.0345489443378119 0.7715930902111324 0.10748560460652591 0.028790786948176585 0.05758157389635317 
0.057291666666666664 0.07291666666666667 0.0625 0.0625 0.7447916666666666 
0.13358778625954199 0.07633587786259542 0.5190839694656488 0.20229007633587787 0.06870229007633588 
0.044673539518900345 0.044673539518900345 0.13058419243986255 0.738831615120275 0.041237113402061855 
0.6290050590219224 0.0193929173693086 0.010961214165261383 0.00927487352445194 0.33136593591905567 
0.06143344709897611 0.726962457337884 0.04778156996587031 0.040955631399317405 0.12286689419795221 
0.166044776119403 0.2947761194029851 0.0960820895522388 0.027985074626865673 0.41511194029850745 
0.08695652173913043 0.05314009661835749 0.14009661835748793 0.04106280193236715 0.678743961352657 
0.0875 0.675 0.065625 0.05 0.121875 
0.21978021978021978 0.336996336996337 0.10622710622710622 0.28205128205128205 0.054945054945054944 
0.11313868613138686 0.7566909975669099 0.037712895377128956 0.023722627737226276 0.06873479318734793 
0.052083333333333336 0.71875 0.041666666666666664 0.04513888888888889 0.1423611111111111 
0.1592920353982301 0.17699115044247787 0.1415929203539823 0.168141592920354 0.35398230088495575 
0.14243759177679882 0.7224669603524229 0.05286343612334802 0.032305433186490456 0.049926578560939794 
0.05303030303030303 0.03787878787878788 0.10606060606060606 0.7386363636363636 0.06439393939393939 
0.08496732026143791 0.11764705882352941 0.08496732026143791 0.06535947712418301 0.6470588235294118 
0.07063197026022305 0.2342007434944238 0.05947955390334572 0.055762081784386616 0.5799256505576208 
0.13636363636363635 0.08238636363636363 0.23295454545454544 0.05113636363636364 0.4971590909090909 
0.1349206349206349 0.16137566137566137 0.0582010582010582 0.06613756613756613 0.5793650793650794 
0.03731343283582089 0.7705223880597015 0.12686567164179105 0.026119402985074626 0.03917910447761194 
0.1484375 0.24479166666666666 0.11197916666666667 0.3984375 0.09635416666666667 
0.04332129963898917 0.09386281588447654 0.036101083032490974 0.04332129963898917 0.7833935018050542 
0.06981132075471698 0.06037735849056604 0.02830188679245283 0.018867924528301886 0.8226415094339623 
0.07659574468085106 0.07234042553191489 0.05531914893617021 0.05531914893617021 0.7404255319148936 
0.07528409090909091 0.6860795454545454 0.14914772727272727 0.045454545454545456 0.04403409090909091 
0.05439330543933055 0.10460251046025104 0.05439330543933055 0.05439330543933055 0.7322175732217573 
0.27522935779816515 0.12385321100917432 0.1651376146788991 0.2775229357798165 0.15825688073394495 
0.18502202643171806 0.5330396475770925 0.07048458149779736 0.09251101321585903 0.11894273127753303 
0.12030075187969924 0.07142857142857142 0.04887218045112782 0.7142857142857143 0.045112781954887216 
0.041666666666666664 0.09490740740740741 0.0787037037037037 0.034722222222222224 0.75 
0.07954545454545454 0.696969696969697 0.06060606060606061 0.041666666666666664 0.12121212121212122 
0.10112359550561797 0.23314606741573032 0.12921348314606743 0.03651685393258427 0.5 
0.12 0.392 0.192 0.128 0.168 
0.17624521072796934 0.13793103448275862 0.47126436781609193 0.11877394636015326 0.09578544061302682 
0.2879581151832461 0.1099476439790576 0.10471204188481675 0.41361256544502617 0.08376963350785341 
0.04150943396226415 0.04905660377358491 0.052830188679245285 0.7924528301886793 0.06415094339622641 
0.07554945054945054 0.034340659340659344 0.023351648351648352 0.020604395604395604 0.8461538461538461 
0.115234375 0.11197916666666667 0.212890625 0.01171875 0.5481770833333334 
0.21524064171122995 0.25935828877005346 0.24064171122994651 0.06550802139037433 0.2192513368983957 
0.1286549707602339 0.1286549707602339 0.5087719298245614 0.07017543859649122 0.16374269005847952 
