0.0893371757925072 0.07204610951008646 0.7204610951008645 0.043227665706051875 0.07492795389048991 
0.09297520661157024 0.6983471074380165 0.05578512396694215 0.04132231404958678 0.1115702479338843 
0.12437255995538204 0.23647518126045733 0.305633017289459 0.03179029559397657 0.301728945900725 
0.02823920265780731 0.03986710963455149 0.036544850498338874 0.02159468438538206 0.8737541528239202 
0.07246376811594203 0.2028985507246377 0.322463768115942 0.06521739130434782 0.33695652173913043 
0.047619047619047616 0.06349206349206349 0.04365079365079365 0.7936507936507936 0.051587301587301584 
0.09326424870466321 0.07944732297063903 0.7202072538860104 0.07599309153713299 0.031088082901554404 
0.1830238726790451 0.09018567639257294 0.5464190981432361 0.04509283819628647 0.13527851458885942 
0.05757575757575758 0.8257575757575758 0.031818181818181815 0.015151515151515152 0.0696969696969697 
0.19230769230769232 0.14285714285714285 0.3021978021978022 0.07142857142857142 0.29120879120879123 
0.09195402298850575 0.08620689655172414 0.08045977011494253 0.07471264367816093 0.6666666666666666 
0.2198952879581152 0.4712041884816754 0.09947643979057591 0.05235602094240838 0.15706806282722513 
0.26813880126182965 0.11356466876971609 0.4668769716088328 0.06624605678233439 0.08517350157728706 
0.05862068965517241 0.06206896551724138 0.08275862068965517 0.041379310344827586 0.7551724137931034 
0.11197916666666667 0.14322916666666666 0.3697916666666667 0.046875 0.328125 
0.09433962264150944 0.1320754716981132 0.06918238993710692 0.06289308176100629 0.6415094339622641 
0.111358574610245 0.1870824053452116 0.5645879732739421 0.024498886414253896 0.11247216035634744 
0.2783171521035599 0.4854368932038835 0.10679611650485436 0.06472491909385113 0.06472491909385113 
0.10441767068273092 0.05220883534136546 0.04417670682730924 0.7590361445783133 0.040160642570281124 
0.1678832116788321 0.39416058394160586 0.1897810218978102 0.11678832116788321 0.13138686131386862 
0.4349775784753363 0.2705530642750374 0.13901345291479822 0.04185351270553064 0.11360239162929746 
0.6025878003696857 0.1044362292051756 0.08410351201478743 0.026802218114602587 0.18207024029574861 
0.06397306397306397 0.82996632996633 0.045454545454545456 0.018518518518518517 0.04208754208754209 
0.02576112412177986 0.03747072599531616 0.04215456674473068 0.03747072599531616 0.8571428571428571 
0.21079691516709512 0.06683804627249357 0.5295629820051414 0.12339331619537275 0.06940874035989718 
0.10810810810810811 0.0972972972972973 0.2810810810810811 0.0918918918918919 0.42162162162162165 
0.5112781954887218 0.15639097744360902 0.19699248120300752 0.06315789473684211 0.07218045112781955 
0.19230769230769232 0.10989010989010989 0.4175824175824176 0.15384615384615385 0.12637362637362637 
0.1888111888111888 0.15384615384615385 0.3531468531468531 0.1958041958041958 0.10839160839160839 
0.12705882352941175 0.4447058823529412 0.24 0.058823529411764705 0.12941176470588237 
0.18556701030927836 0.05154639175257732 0.10751104565537556 0.016200294550810016 0.6391752577319587 
0.12569832402234637 0.13687150837988826 0.3547486033519553 0.030726256983240222 0.35195530726256985 
0.07446808510638298 0.3120567375886525 0.0673758865248227 0.04609929078014184 0.5 
0.12296983758700696 0.6102088167053364 0.10440835266821345 0.04640371229698376 0.11600928074245939 
0.18661971830985916 0.15492957746478872 0.4119718309859155 0.176056338028169 0.07042253521126761 
0.13725490196078433 0.1655773420479303 0.23529411764705882 0.39651416122004357 0.06535947712418301 
0.0755813953488372 0.0562015503875969 0.6957364341085271 0.09496124031007752 0.07751937984496124 
0.03237410071942446 0.09892086330935251 0.02697841726618705 0.02158273381294964 0.8201438848920863 
0.5189681335356601 0.19423368740515934 0.16084977238239756 0.08497723823975721 0.0409711684370258 
0.11235955056179775 0.42696629213483145 0.0898876404494382 0.06741573033707865 0.30337078651685395 
0.0944055944055944 0.5384615384615384 0.17482517482517482 0.06293706293706294 0.12937062937062938 
0.4308510638297872 0.23404255319148937 0.0851063829787234 0.11702127659574468 0.13297872340425532 
0.12127659574468085 0.6978723404255319 0.03829787234042553 0.04468085106382979 0.09787234042553192 
0.1475826972010178 0.10178117048346055 0.41475826972010177 0.04071246819338423 0.2951653944020356 
0.11176470588235295 0.07058823529411765 0.09411764705882353 0.07058823529411765 0.6529411764705882 
0.11731843575418995 0.11731843575418995 0.388268156424581 0.0446927374301676 0.3324022346368715 
0.052845528455284556 0.044715447154471545 0.04065040650406504 0.8008130081300813 0.06097560975609756 
0.7650602409638554 0.125 0.022590361445783132 0.03614457831325301 0.05120481927710843 
0.0787037037037037 0.09259259259259259 0.08796296296296297 0.35648148148148145 0.38425925925925924 
0.06521739130434782 0.16183574879227053 0.41545893719806765 0.04106280193236715 0.3164251207729469 
0.17691342534504392 0.616060225846926 0.09159347553324969 0.0451693851944793 0.07026348808030113 
0.08522727272727272 0.1534090909090909 0.07954545454545454 0.14772727272727273 0.5340909090909091 
0.04642857142857143 0.08571428571428572 0.04285714285714286 0.03571428571428571 0.7892857142857143 
0.045845272206303724 0.10888252148997135 0.06876790830945559 0.054441260744985676 0.7220630372492837 
0.1111111111111111 0.5851851851851851 0.12222222222222222 0.08148148148148149 0.1 
0.14864864864864866 0.30405405405405406 0.1554054054054054 0.23648648648648649 0.1554054054054054 
0.8282138794084186 0.048919226393629126 0.053469852104664393 0.013651877133105802 0.055745164960182024 
0.6340361445783133 0.15512048192771086 0.058734939759036146 0.07379518072289157 0.0783132530120482 
0.05714285714285714 0.060714285714285714 0.06785714285714285 0.7464285714285714 0.06785714285714285 
0.059850374064837904 0.1396508728179551 0.15211970074812967 0.05236907730673317 0.5960099750623441 
0.07850707850707851 0.03474903474903475 0.019305019305019305 0.015444015444015444 0.851994851994852 
0.14432989690721648 0.29896907216494845 0.17525773195876287 0.13402061855670103 0.24742268041237114 
0.11702127659574468 0.13829787234042554 0.1595744680851064 0.11702127659574468 0.46808510638297873 
0.05019305019305019 0.05791505791505792 0.05791505791505792 0.752895752895753 0.08108108108108109 
0.5955414012738853 0.2070063694267516 0.07006369426751592 0.044585987261146494 0.08280254777070063 
0.058823529411764705 0.051470588235294115 0.05514705882352941 0.7904411764705882 0.04411764705882353 
0.10596026490066225 0.06181015452538632 0.17218543046357615 0.039735099337748346 0.6203090507726269 
0.10576923076923077 0.6673076923076923 0.038461538461538464 0.07115384615384615 0.11730769230769231 
0.1716937354988399 0.09976798143851508 0.09744779582366589 0.09048723897911833 0.5406032482598608 
0.08764940239043825 0.24701195219123506 0.10756972111553785 0.05976095617529881 0.49800796812749004 
0.3210332103321033 0.18081180811808117 0.2952029520295203 0.07380073800738007 0.12915129151291513 
0.1550632911392405 0.0759493670886076 0.23734177215189872 0.40189873417721517 0.12974683544303797 
0.06785714285714285 0.275 0.060714285714285714 0.5071428571428571 0.08928571428571429 
0.109375 0.7522321428571429 0.03125 0.03794642857142857 0.06919642857142858 
0.038461538461538464 0.046153846153846156 0.041025641025641026 0.03333333333333333 0.841025641025641 
0.0625 0.7256944444444444 0.052083333333333336 0.041666666666666664 0.11805555555555555 
0.1436241610738255 0.7651006711409396 0.03355704697986577 0.016107382550335572 0.04161073825503356 
0.10303030303030303 0.5393939393939394 0.1393939393939394 0.06060606060606061 0.15757575757575756 
0.2054263565891473 0.4806201550387597 0.044573643410852716 0.029069767441860465 0.24031007751937986 
0.8637413394919169 0.04157043879907621 0.03695150115473441 0.023094688221709007 0.03464203233256351 
0.06010016694490818 0.8130217028380634 0.04674457429048414 0.021702838063439065 0.05843071786310518 
0.05338078291814947 0.0498220640569395 0.060498220640569395 0.45195729537366547 0.38434163701067614 
0.1932938856015779 0.5167652859960552 0.09270216962524655 0.021696252465483234 0.1755424063116371 
0.06566604127579738 0.7317073170731707 0.028142589118198873 0.02626641651031895 0.14821763602251406 
0.06639004149377593 0.0954356846473029 0.06224066390041494 0.07883817427385892 0.6970954356846473 
0.08764940239043825 0.649402390438247 0.05976095617529881 0.01593625498007968 0.18725099601593626 
0.0796875 0.171875 0.125 0.053125 0.5703125 
0.13216957605985039 0.7793017456359103 0.03740648379052369 0.018703241895261846 0.032418952618453865 
0.13593256059009484 0.4815595363540569 0.19388830347734456 0.10326659641728135 0.08535300316122234 
0.051111111111111114 0.056666666666666664 0.8166666666666667 0.023333333333333334 0.052222222222222225 
0.15288220551378445 0.10526315789473684 0.10275689223057644 0.03759398496240601 0.6015037593984962 
0.05910543130990415 0.426517571884984 0.036741214057507986 0.020766773162939296 0.45686900958466453 
0.023026315789473683 0.024671052631578948 0.044407894736842105 0.02138157894736842 0.8865131578947368 
0.11838790931989925 0.12846347607052896 0.4282115869017632 0.037783375314861464 0.2871536523929471 
0.19749652294853964 0.1620305980528512 0.07649513212795549 0.019471488178025034 0.5445062586926287 
0.13186813186813187 0.09157509157509157 0.15384615384615385 0.054945054945054944 0.5677655677655677 
0.045871559633027525 0.8507089241034195 0.045871559633027525 0.009174311926605505 0.04837364470391994 
0.2440944881889764 0.5688976377952756 0.07677165354330709 0.03937007874015748 0.07086614173228346 
0.0896551724137931 0.06551724137931035 0.04482758620689655 0.7586206896551724 0.041379310344827586 
0.619198312236287 0.21518987341772153 0.0938818565400844 0.02109704641350211 0.05063291139240506 
0.1130820399113082 0.5631929046563193 0.1352549889135255 0.03325942350332594 0.15521064301552107 
0.15835140997830802 0.07158351409978309 0.20607375271149675 0.0368763557483731 0.527114967462039 
0.4584323040380047 0.15676959619952494 0.2375296912114014 0.0665083135391924 0.08076009501187649 
0.36496350364963503 0.20681265206812652 0.17274939172749393 0.0827250608272506 0.17274939172749393 
0.1245136186770428 0.06420233463035019 0.5097276264591439 0.023346303501945526 0.2782101167315175 
0.7464387464387464 0.11253561253561253 0.05698005698005698 0.03561253561253561 0.04843304843304843 
0.5788235294117647 0.08 0.13647058823529412 0.11058823529411765 0.09411764705882353 
0.17043740573152338 0.473604826546003 0.05429864253393665 0.2594268476621418 0.042232277526395176 
0.099644128113879 0.18861209964412812 0.36298932384341637 0.060498220640569395 0.28825622775800713 
0.18649318463444858 0.1691449814126394 0.14807930607187111 0.017967781908302356 0.47831474597273854 
0.05653710247349823 0.09187279151943463 0.0636042402826855 0.7385159010600707 0.04946996466431095 
0.059880239520958084 0.08383233532934131 0.1377245508982036 0.07784431137724551 0.6407185628742516 
0.10621761658031088 0.2772020725388601 0.4430051813471503 0.08808290155440414 0.08549222797927461 
0.05603448275862069 0.08189655172413793 0.04741379310344827 0.05603448275862069 0.7586206896551724 
0.09389671361502347 0.09389671361502347 0.323943661971831 0.10328638497652583 0.38497652582159625 
0.061371841155234655 0.06498194945848375 0.06859205776173286 0.04693140794223827 0.7581227436823105 
0.06763285024154589 0.06280193236714976 0.1111111111111111 0.06280193236714976 0.6956521739130435 
0.18885448916408668 0.6068111455108359 0.04024767801857585 0.058823529411764705 0.10526315789473684 
0.07265774378585087 0.7323135755258127 0.030592734225621414 0.02676864244741874 0.13766730401529637 
0.034482758620689655 0.03978779840848806 0.03978779840848806 0.026525198938992044 0.8594164456233422 
0.16470588235294117 0.23529411764705882 0.12941176470588237 0.27058823529411763 0.2 
0.1582089552238806 0.6208955223880597 0.04776119402985075 0.05373134328358209 0.11940298507462686 
0.16049382716049382 0.16049382716049382 0.19753086419753085 0.12345679012345678 0.35802469135802467 
0.05803571428571429 0.15625 0.0625 0.05803571428571429 0.6651785714285714 
0.09278350515463918 0.13402061855670103 0.07731958762886598 0.20103092783505155 0.4948453608247423 
0.03949579831932773 0.8815126050420168 0.040336134453781515 0.011764705882352941 0.02689075630252101 
0.453781512605042 0.16806722689075632 0.1092436974789916 0.10084033613445378 0.16806722689075632 
0.050746268656716415 0.6626865671641791 0.07014925373134329 0.025373134328358207 0.191044776119403 
0.041666666666666664 0.09848484848484848 0.06439393939393939 0.7196969696969697 0.07575757575757576 
0.05387931034482758 0.036637931034482756 0.036637931034482756 0.02586206896551724 0.8469827586206896 
0.08649789029535865 0.6223628691983122 0.0759493670886076 0.03375527426160337 0.18143459915611815 
0.07242339832869081 0.2590529247910863 0.1615598885793872 0.04735376044568245 0.4596100278551532 
0.15229885057471265 0.6149425287356322 0.08908045977011494 0.040229885057471264 0.10344827586206896 
0.10919540229885058 0.3275862068965517 0.07471264367816093 0.3218390804597701 0.16666666666666666 
0.32098765432098764 0.18209876543209877 0.33024691358024694 0.07098765432098765 0.09567901234567901 
0.042801556420233464 0.042801556420233464 0.08560311284046693 0.7626459143968871 0.06614785992217899 
0.18181818181818182 0.15584415584415584 0.42424242424242425 0.11255411255411256 0.12554112554112554 
0.6937984496124031 0.1421188630490956 0.046511627906976744 0.04392764857881137 0.07364341085271318 
0.09821428571428571 0.6101190476190477 0.08630952380952381 0.047619047619047616 0.15773809523809523 
0.05962059620596206 0.0921409214092141 0.051490514905149054 0.0948509485094851 0.7018970189701897 
0.18787878787878787 0.3151515151515151 0.09090909090909091 0.20606060606060606 0.2 
0.072480181200453 0.03850509626274066 0.8199320498301246 0.03397508493771234 0.035107587768969425 
0.6814814814814815 0.08888888888888889 0.08888888888888889 0.05555555555555555 0.08518518518518518 
0.25971370143149286 0.06134969325153374 0.5480572597137015 0.05521472392638037 0.07566462167689161 
0.06490872210953347 0.16024340770791076 0.3691683569979716 0.032454361054766734 0.37322515212981744 
0.19795918367346937 0.04081632653061224 0.0653061224489796 0.03469387755102041 0.6612244897959184 
0.21728081321473952 0.18932655654383734 0.062261753494282084 0.2503176620076239 0.28081321473951715 
0.12903225806451613 0.5483870967741935 0.10215053763440861 0.044802867383512544 0.17562724014336917 
0.19855595667870035 0.5812274368231047 0.06498194945848375 0.06498194945848375 0.09025270758122744 
0.03975799481417459 0.07865168539325842 0.0449438202247191 0.01296456352636128 0.8236819360414867 
0.18814432989690721 0.5515463917525774 0.06443298969072164 0.04639175257731959 0.14948453608247422 
0.18760021378941744 0.21272047033671834 0.18813468733297703 0.026189203634420097 0.3853554249064671 
0.1836734693877551 0.04897959183673469 0.09387755102040816 0.04081632653061224 0.6326530612244898 
0.07552083333333333 0.5 0.3072916666666667 0.049479166666666664 0.06770833333333333 
0.1134133042529989 0.03489640130861505 0.7960741548527808 0.018538713195201745 0.03707742639040349 
0.04173913043478261 0.10608695652173913 0.03130434782608696 0.019130434782608695 0.8017391304347826 
0.11814345991561181 0.5928270042194093 0.07805907172995781 0.027426160337552744 0.18354430379746836 
0.11764705882352941 0.11764705882352941 0.12745098039215685 0.10784313725490197 0.5294117647058824 
0.11824668705402651 0.764525993883792 0.04892966360856269 0.022426095820591234 0.045871559633027525 
0.2152777777777778 0.3229166666666667 0.07291666666666667 0.2013888888888889 0.1875 
0.07728706624605679 0.04574132492113565 0.7870662460567823 0.0473186119873817 0.04258675078864353 
0.09803921568627451 0.1503267973856209 0.0784313725490196 0.06535947712418301 0.6078431372549019 
0.11320754716981132 0.11320754716981132 0.11320754716981132 0.10377358490566038 0.5566037735849056 
0.05460750853242321 0.6996587030716723 0.051194539249146756 0.04436860068259386 0.15017064846416384 
0.10714285714285714 0.15714285714285714 0.11428571428571428 0.12142857142857143 0.5 
0.6195652173913043 0.03177257525083612 0.011705685618729096 0.008361204013377926 0.3285953177257525 
0.06797853309481217 0.13774597495527727 0.259391771019678 0.023255813953488372 0.5116279069767442 
0.2215909090909091 0.2840909090909091 0.10227272727272728 0.25 0.14204545454545456 
0.06037735849056604 0.09056603773584905 0.045283018867924525 0.7433962264150943 0.06037735849056604 
0.21666666666666667 0.14047619047619048 0.24285714285714285 0.32857142857142857 0.07142857142857142 
0.14559386973180077 0.6091954022988506 0.07662835249042145 0.0842911877394636 0.0842911877394636 
0.0970873786407767 0.0970873786407767 0.0970873786407767 0.0970873786407767 0.6116504854368932 
0.15048543689320387 0.08495145631067962 0.5145631067961165 0.06067961165048544 0.18932038834951456 
0.07906976744186046 0.11162790697674418 0.33488372093023255 0.10232558139534884 0.37209302325581395 
0.06498194945848375 0.1263537906137184 0.039711191335740074 0.7075812274368231 0.061371841155234655 
0.14163090128755365 0.17167381974248927 0.17381974248927037 0.04291845493562232 0.4699570815450644 
0.12727272727272726 0.06181818181818182 0.05090909090909091 0.7127272727272728 0.04727272727272727 
0.17045454545454544 0.2863636363636364 0.36363636363636365 0.10227272727272728 0.07727272727272727 
0.8327228327228328 0.04151404151404151 0.05982905982905983 0.018315018315018316 0.047619047619047616 
0.05641025641025641 0.7025641025641025 0.07692307692307693 0.028205128205128206 0.1358974358974359 
0.49583333333333335 0.22916666666666666 0.10416666666666667 0.0875 0.08333333333333333 
0.17391304347826086 0.05652173913043478 0.06086956521739131 0.05652173913043478 0.6521739130434783 
0.052132701421800945 0.052132701421800945 0.052132701421800945 0.052132701421800945 0.7914691943127962 
0.09125475285171103 0.6121673003802282 0.1482889733840304 0.07224334600760456 0.07604562737642585 
0.10195412064570943 0.06542056074766354 0.4766355140186916 0.026338147833474938 0.3296516567544605 
0.09691629955947137 0.1145374449339207 0.44933920704845814 0.15418502202643172 0.18502202643171806 
0.041463414634146344 0.3195121951219512 0.06097560975609756 0.07073170731707316 0.5073170731707317 
0.13210039630118892 0.5904887714663144 0.12417437252311757 0.026420079260237782 0.12681638044914134 
0.053763440860215055 0.12186379928315412 0.03942652329749104 0.7275985663082437 0.05734767025089606 
0.043348281016442454 0.40358744394618834 0.03288490284005979 0.026905829596412557 0.49327354260089684 
0.04940923737916219 0.3029001074113856 0.045112781954887216 0.24060150375939848 0.3619763694951665 
0.1867704280155642 0.18093385214007782 0.07101167315175097 0.4280155642023346 0.13326848249027237 
0.05078125 0.0625 0.04296875 0.7890625 0.0546875 
0.028901734104046242 0.036127167630057806 0.8815028901734104 0.02167630057803468 0.031791907514450865 
0.1796759941089838 0.050073637702503684 0.09572901325478646 0.017673048600883652 0.6568483063328424 
0.0967741935483871 0.10483870967741936 0.0967741935483871 0.08064516129032258 0.6209677419354839 
0.1615598885793872 0.14484679665738162 0.06685236768802229 0.08913649025069638 0.5376044568245125 
0.05637982195845697 0.6765578635014837 0.05934718100890208 0.02225519287833828 0.18545994065281898 
0.04477611940298507 0.04477611940298507 0.12686567164179105 0.7276119402985075 0.055970149253731345 
0.5280898876404494 0.2640449438202247 0.09550561797752809 0.047752808988764044 0.06460674157303371 
0.1033210332103321 0.7011070110701108 0.04428044280442804 0.055350553505535055 0.0959409594095941 
0.622185154295246 0.03336113427856547 0.010008340283569641 0.008340283569641367 0.32610508757297746 
0.04450757575757576 0.07291666666666667 0.05113636363636364 0.014204545454545454 0.8172348484848485 
0.027093596059113302 0.034482758620689655 0.07389162561576355 0.029556650246305417 0.8349753694581281 
0.04827586206896552 0.06551724137931035 0.041379310344827586 0.03793103448275862 0.8068965517241379 
0.19183673469387755 0.04693877551020408 0.07346938775510205 0.026530612244897958 0.6612244897959184 
0.09615384615384616 0.6519230769230769 0.057692307692307696 0.032692307692307694 0.16153846153846155 
0.1100244498777506 0.687041564792176 0.06601466992665037 0.08068459657701711 0.05623471882640587 
0.14743589743589744 0.5 0.10256410256410256 0.08333333333333333 0.16666666666666666 
0.7212863705972435 0.1110260336906585 0.11485451761102604 0.02526799387442573 0.027565084226646247 
0.1451851851851852 0.04888888888888889 0.4948148148148148 0.02074074074074074 0.2903703703703704 
0.29942575881870387 0.20344544708777687 0.32075471698113206 0.03691550451189499 0.13945857260049221 
0.04030710172744722 0.7907869481765835 0.09788867562380038 0.023032629558541268 0.04798464491362764 
0.057291666666666664 0.08333333333333333 0.057291666666666664 0.0625 0.7395833333333334 
0.15267175572519084 0.0648854961832061 0.5687022900763359 0.13740458015267176 0.07633587786259542 
0.044673539518900345 0.037800687285223365 0.14432989690721648 0.7147766323024055 0.058419243986254296 
0.6146711635750421 0.022765598650927487 0.010961214165261383 0.01011804384485666 0.3414839797639123 
0.05802047781569966 0.7133105802047781 0.05802047781569966 0.04778156996587031 0.12286689419795221 
0.11473880597014925 0.35074626865671643 0.08861940298507463 0.026119402985074626 0.4197761194029851 
0.0966183574879227 0.036231884057971016 0.0966183574879227 0.04830917874396135 0.7222222222222222 
0.0625 0.671875 0.046875 0.05 0.16875 
0.2600732600732601 0.2600732600732601 0.09157509157509157 0.30036630036630035 0.08791208791208792 
0.10644768856447688 0.7670316301703163 0.03953771289537713 0.020072992700729927 0.06690997566909976 
0.06944444444444445 0.6979166666666666 0.052083333333333336 0.052083333333333336 0.1284722222222222 
0.12389380530973451 0.17699115044247787 0.12389380530973451 0.20353982300884957 0.37168141592920356 
0.15565345080763582 0.7136563876651982 0.06167400881057269 0.02936857562408223 0.039647577092511016 
0.04924242424242424 0.04924242424242424 0.09848484848484848 0.7348484848484849 0.06818181818181818 
0.0915032679738562 0.13071895424836602 0.0915032679738562 0.0784313725490196 0.6078431372549019 
0.08550185873605948 0.2788104089219331 0.055762081784386616 0.05204460966542751 0.5278810408921933 
0.16477272727272727 0.08522727272727272 0.21022727272727273 0.0625 0.4772727272727273 
0.15608465608465608 0.12169312169312169 0.08465608465608465 0.06349206349206349 0.5740740740740741 
0.033582089552238806 0.8190298507462687 0.0914179104477612 0.027985074626865673 0.027985074626865673 
0.18229166666666666 0.2864583333333333 0.14322916666666666 0.3359375 0.052083333333333336 
0.04332129963898917 0.07220216606498195 0.039711191335740074 0.039711191335740074 0.8050541516245487 
0.04150943396226415 0.08867924528301886 0.03018867924528302 0.020754716981132074 0.8188679245283019 
0.05531914893617021 0.059574468085106386 0.05106382978723404 0.04680851063829787 0.7872340425531915 
0.07102272727272728 0.7201704545454546 0.12073863636363637 0.041193181818181816 0.046875 
0.058577405857740586 0.1087866108786611 0.04602510460251046 0.06276150627615062 0.7238493723849372 
0.3830275229357798 0.0963302752293578 0.12844036697247707 0.22706422018348624 0.1651376146788991 
0.19383259911894274 0.5638766519823789 0.05726872246696035 0.06607929515418502 0.11894273127753303 
0.10902255639097744 0.06390977443609022 0.041353383458646614 0.7443609022556391 0.041353383458646614 
0.05092592592592592 0.07175925925925926 0.046296296296296294 0.03009259259259259 0.8009259259259259 
0.05303030303030303 0.6856060606060606 0.06439393939393939 0.05303030303030303 0.14393939393939395 
0.06741573033707865 0.2612359550561798 0.14606741573033707 0.042134831460674156 0.48314606741573035 
0.144 0.36 0.168 0.112 0.216 
0.20306513409961685 0.19157088122605365 0.39846743295019155 0.09578544061302682 0.1111111111111111 
0.2670157068062827 0.14136125654450263 0.12041884816753927 0.4031413612565445 0.06806282722513089 
0.045283018867924525 0.045283018867924525 0.05660377358490566 0.8 0.052830188679245285 
0.06456043956043957 0.03021978021978022 0.024725274725274724 0.013736263736263736 0.8667582417582418 
0.08723958333333333 0.130859375 0.22786458333333334 0.013671875 0.5403645833333334 
0.19117647058823528 0.3088235294117647 0.20320855614973263 0.07219251336898395 0.22459893048128343 
0.08187134502923976 0.1111111111111111 0.49707602339181284 0.08771929824561403 0.2222222222222222 
