0.09221902017291066 0.06628242074927954 0.7377521613832853 0.04899135446685879 0.05475504322766571 
0.10330578512396695 0.6921487603305785 0.06818181818181818 0.03512396694214876 0.1012396694214876 
0.12827663134411602 0.2403792526491913 0.30117122141662017 0.019520356943669825 0.31065253764640266 
0.019933554817275746 0.054817275747508304 0.04318936877076412 0.023255813953488372 0.8588039867109635 
0.10507246376811594 0.17391304347826086 0.4855072463768116 0.043478260869565216 0.19202898550724637 
0.051587301587301584 0.08333333333333333 0.051587301587301584 0.7619047619047619 0.051587301587301584 
0.07944732297063903 0.06563039723661486 0.7737478411053541 0.04145077720207254 0.039723661485319514 
0.1724137931034483 0.07427055702917772 0.5358090185676393 0.09283819628647215 0.1246684350132626 
0.05757575757575758 0.7772727272727272 0.03636363636363636 0.022727272727272728 0.10606060606060606 
0.17032967032967034 0.15934065934065933 0.29120879120879123 0.08791208791208792 0.29120879120879123 
0.08620689655172414 0.08620689655172414 0.07471264367816093 0.07471264367816093 0.6781609195402298 
0.19895287958115182 0.4973821989528796 0.08900523560209424 0.07853403141361257 0.13612565445026178 
0.25236593059936907 0.0946372239747634 0.42586750788643535 0.09779179810725552 0.12933753943217666 
0.05862068965517241 0.06896551724137931 0.08620689655172414 0.041379310344827586 0.7448275862068966 
0.09375 0.1484375 0.4270833333333333 0.028645833333333332 0.3020833333333333 
0.07547169811320754 0.10062893081761007 0.0880503144654088 0.06918238993710692 0.6666666666666666 
0.14365256124721604 0.16481069042316257 0.5434298440979956 0.035634743875278395 0.11247216035634744 
0.20711974110032363 0.49514563106796117 0.1779935275080906 0.06472491909385113 0.05501618122977346 
0.08433734939759036 0.060240963855421686 0.04417670682730924 0.7670682730923695 0.04417670682730924 
0.11678832116788321 0.41605839416058393 0.23357664233576642 0.10218978102189781 0.13138686131386862 
0.5082212257100149 0.24962630792227206 0.10164424514200299 0.029895366218236172 0.11061285500747384 
0.5619223659889094 0.1377079482439926 0.06007393715341959 0.034195933456561925 0.20609981515711645 
0.07912457912457913 0.8148148148148148 0.04377104377104377 0.018518518518518517 0.04377104377104377 
0.03044496487119438 0.03044496487119438 0.02810304449648712 0.02810304449648712 0.882903981264637 
0.20051413881748073 0.043701799485861184 0.34190231362467866 0.3496143958868895 0.06426735218508997 
0.0972972972972973 0.07567567567567568 0.35135135135135137 0.14594594594594595 0.32972972972972975 
0.518796992481203 0.17293233082706766 0.17142857142857143 0.04360902255639098 0.09323308270676692 
0.1978021978021978 0.09340659340659341 0.46703296703296704 0.15934065934065933 0.08241758241758242 
0.14335664335664336 0.22377622377622378 0.3951048951048951 0.1258741258741259 0.11188811188811189 
0.14823529411764705 0.4423529411764706 0.21176470588235294 0.047058823529411764 0.15058823529411763 
0.15169366715758467 0.033873343151693665 0.1561119293078056 0.020618556701030927 0.6377025036818851 
0.10335195530726257 0.15363128491620112 0.3770949720670391 0.0446927374301676 0.32122905027932963 
0.07801418439716312 0.30141843971631205 0.0673758865248227 0.0425531914893617 0.5106382978723404 
0.1368909512761021 0.5986078886310905 0.09280742459396751 0.04640371229698376 0.12529002320185614 
0.1936619718309859 0.09859154929577464 0.4119718309859155 0.1443661971830986 0.15140845070422534 
0.11764705882352941 0.19389978213507625 0.2679738562091503 0.355119825708061 0.06535947712418301 
0.10271317829457365 0.06201550387596899 0.6686046511627907 0.11046511627906977 0.0562015503875969 
0.052158273381294966 0.08992805755395683 0.04316546762589928 0.025179856115107913 0.789568345323741 
0.496206373292868 0.2094081942336874 0.18512898330804248 0.051593323216995446 0.057663125948406675 
0.11235955056179775 0.38202247191011235 0.07865168539325842 0.06741573033707865 0.3595505617977528 
0.08741258741258741 0.513986013986014 0.1853146853146853 0.08391608391608392 0.12937062937062938 
0.4574468085106383 0.26063829787234044 0.0797872340425532 0.0797872340425532 0.12234042553191489 
0.1127659574468085 0.7085106382978723 0.04468085106382979 0.04042553191489362 0.09361702127659574 
0.11450381679389313 0.11959287531806616 0.4631043256997455 0.035623409669211195 0.26717557251908397 
0.11764705882352941 0.07647058823529412 0.11176470588235295 0.058823529411764705 0.6352941176470588 
0.09776536312849161 0.1564245810055866 0.40502793296089384 0.030726256983240222 0.3100558659217877 
0.052845528455284556 0.052845528455284556 0.044715447154471545 0.7967479674796748 0.052845528455284556 
0.7003012048192772 0.1536144578313253 0.04066265060240964 0.058734939759036146 0.046686746987951805 
0.08796296296296297 0.09722222222222222 0.11574074074074074 0.3148148148148148 0.38425925925925924 
0.0821256038647343 0.15458937198067632 0.43719806763285024 0.028985507246376812 0.2971014492753623 
0.12547051442910917 0.6323713927227101 0.12421580928481807 0.05269761606022585 0.06524466750313676 
0.09090909090909091 0.11363636363636363 0.09090909090909091 0.19318181818181818 0.5113636363636364 
0.039285714285714285 0.06785714285714285 0.039285714285714285 0.04285714285714286 0.8107142857142857 
0.05157593123209169 0.12034383954154727 0.07449856733524356 0.04871060171919771 0.7048710601719198 
0.1259259259259259 0.5444444444444444 0.17037037037037037 0.05925925925925926 0.1 
0.20945945945945946 0.2635135135135135 0.08783783783783784 0.20270270270270271 0.23648648648648649 
0.825938566552901 0.05802047781569966 0.04209328782707622 0.02161547212741752 0.05233219567690557 
0.641566265060241 0.17018072289156627 0.058734939759036146 0.03463855421686747 0.09487951807228916 
0.05 0.05714285714285714 0.09285714285714286 0.725 0.075 
0.0773067331670823 0.14962593516209477 0.19201995012468828 0.04488778054862843 0.5361596009975063 
0.05662805662805663 0.029601029601029602 0.02702702702702703 0.01287001287001287 0.8738738738738738 
0.16494845360824742 0.32989690721649484 0.1958762886597938 0.1134020618556701 0.1958762886597938 
0.10638297872340426 0.10638297872340426 0.1276595744680851 0.1276595744680851 0.5319148936170213 
0.04633204633204633 0.04633204633204633 0.05405405405405406 0.7567567567567568 0.09652509652509653 
0.07006369426751592 0.2611464968152866 0.09554140127388536 0.5095541401273885 0.06369426751592357 
0.058823529411764705 0.058823529411764705 0.058823529411764705 0.7720588235294118 0.051470588235294115 
0.12141280353200883 0.0684326710816777 0.15011037527593818 0.04415011037527594 0.6158940397350994 
0.09615384615384616 0.7173076923076923 0.04423076923076923 0.05961538461538462 0.08269230769230769 
0.16937354988399073 0.12993039443155452 0.11832946635730858 0.06728538283062645 0.5150812064965197 
0.0796812749003984 0.2151394422310757 0.08764940239043825 0.06374501992031872 0.5537848605577689 
0.42435424354243545 0.12915129151291513 0.22878228782287824 0.09225092250922509 0.12546125461254612 
0.14873417721518986 0.07278481012658228 0.29430379746835444 0.37341772151898733 0.11075949367088607 
0.08214285714285714 0.32857142857142857 0.075 0.4357142857142857 0.07857142857142857 
0.11607142857142858 0.734375 0.04241071428571429 0.03571428571428571 0.07142857142857142 
0.041025641025641026 0.04358974358974359 0.0641025641025641 0.03333333333333333 0.8179487179487179 
0.10069444444444445 0.6770833333333334 0.04513888888888889 0.03819444444444445 0.1388888888888889 
0.0953020134228188 0.8295302013422818 0.03087248322147651 0.01879194630872483 0.025503355704697986 
0.10909090909090909 0.5636363636363636 0.15151515151515152 0.06666666666666667 0.10909090909090909 
0.16666666666666666 0.5038759689922481 0.08527131782945736 0.03488372093023256 0.20930232558139536 
0.8545034642032333 0.03926096997690531 0.04387990762124711 0.03002309468822171 0.03233256351039261 
0.0667779632721202 0.8213689482470785 0.04674457429048414 0.02003338898163606 0.045075125208681135 
0.07473309608540925 0.03558718861209965 0.0498220640569395 0.4626334519572954 0.37722419928825623 
0.1834319526627219 0.5404339250493096 0.07889546351084813 0.03155818540433925 0.16568047337278108 
0.06378986866791744 0.7636022514071295 0.0300187617260788 0.0225140712945591 0.1200750469043152 
0.058091286307053944 0.11203319502074689 0.058091286307053944 0.06224066390041494 0.7095435684647303 
0.10358565737051793 0.6414342629482072 0.057104913678618856 0.01859229747675963 0.17928286852589642 
0.10625 0.15625 0.165625 0.03125 0.540625 
0.11346633416458853 0.800498753117207 0.034912718204488775 0.018703241895261846 0.032418952618453865 
0.15911485774499473 0.5026343519494204 0.2244467860906217 0.0684931506849315 0.045310853530031614 
0.051111111111111114 0.058888888888888886 0.8188888888888889 0.024444444444444446 0.04666666666666667 
0.17543859649122806 0.06516290726817042 0.08020050125313283 0.045112781954887216 0.6340852130325815 
0.08146964856230032 0.3722044728434505 0.039936102236421724 0.038338658146964855 0.4680511182108626 
0.027960526315789474 0.039473684210526314 0.04111842105263158 0.023026315789473683 0.868421052631579 
0.10327455919395466 0.11586901763224182 0.4659949622166247 0.037783375314861464 0.2770780856423174 
0.19541029207232266 0.14881780250347706 0.0674547983310153 0.024339360222531293 0.5639777468706537 
0.1794871794871795 0.0989010989010989 0.17216117216117216 0.07326007326007326 0.47619047619047616 
0.0567139282735613 0.8740617180984154 0.03836530442035029 0.009174311926605505 0.021684737281067557 
0.24606299212598426 0.5826771653543307 0.05708661417322835 0.04921259842519685 0.06496062992125984 
0.12758620689655173 0.05172413793103448 0.05517241379310345 0.7172413793103448 0.04827586206896552 
0.6455696202531646 0.21729957805907174 0.06856540084388185 0.020042194092827006 0.04852320675105485 
0.13082039911308205 0.5365853658536586 0.10864745011086474 0.037694013303769404 0.18625277161862527 
0.15184381778741865 0.052060737527114966 0.21475054229934923 0.021691973969631236 0.559652928416486 
0.5130641330166271 0.14726840855106887 0.19714964370546317 0.06413301662707839 0.07838479809976247 
0.4257907542579075 0.24087591240875914 0.10948905109489052 0.072992700729927 0.15085158150851583 
0.14980544747081712 0.07198443579766536 0.49416342412451364 0.0311284046692607 0.2529182879377432 
0.7478632478632479 0.10968660968660969 0.06267806267806268 0.037037037037037035 0.042735042735042736 
0.5152941176470588 0.1411764705882353 0.20470588235294118 0.06823529411764706 0.07058823529411765 
0.17194570135746606 0.49019607843137253 0.058823529411764705 0.22624434389140272 0.05279034690799397 
0.10676156583629894 0.1387900355871886 0.4875444839857651 0.03914590747330961 0.2277580071174377 
0.17472118959107807 0.1821561338289963 0.12391573729863693 0.023543990086741014 0.49566294919454773 
0.05653710247349823 0.08480565371024736 0.06713780918727916 0.734982332155477 0.05653710247349823 
0.0718562874251497 0.10179640718562874 0.12574850299401197 0.08383233532934131 0.6167664670658682 
0.15025906735751296 0.32124352331606215 0.3393782383419689 0.11398963730569948 0.07512953367875648 
0.06465517241379311 0.11637931034482758 0.06465517241379311 0.05603448275862069 0.6982758620689655 
0.10328638497652583 0.107981220657277 0.30985915492957744 0.14084507042253522 0.3380281690140845 
0.06859205776173286 0.07220216606498195 0.061371841155234655 0.05415162454873646 0.7436823104693141 
0.07246376811594203 0.10628019323671498 0.09178743961352658 0.05314009661835749 0.6763285024154589 
0.19195046439628483 0.631578947368421 0.043343653250773995 0.07120743034055728 0.06191950464396285 
0.05927342256214149 0.7571701720841301 0.030592734225621414 0.028680688336520075 0.124282982791587 
0.034482758620689655 0.03183023872679045 0.029177718832891247 0.026525198938992044 0.8779840848806366 
0.15294117647058825 0.18823529411764706 0.12941176470588237 0.29411764705882354 0.23529411764705882 
0.14626865671641792 0.6179104477611941 0.07761194029850746 0.06865671641791045 0.08955223880597014 
0.12345679012345678 0.12345679012345678 0.14814814814814814 0.13580246913580246 0.4691358024691358 
0.05357142857142857 0.125 0.0625 0.06696428571428571 0.6919642857142857 
0.09278350515463918 0.11855670103092783 0.08762886597938144 0.20618556701030927 0.4948453608247423 
0.04957983193277311 0.8840336134453781 0.02689075630252101 0.010924369747899159 0.02857142857142857 
0.3949579831932773 0.19327731092436976 0.15966386554621848 0.13445378151260504 0.11764705882352941 
0.07761194029850746 0.6716417910447762 0.06119402985074627 0.023880597014925373 0.16567164179104477 
0.041666666666666664 0.10606060606060606 0.045454545454545456 0.7234848484848485 0.08333333333333333 
0.03879310344827586 0.03879310344827586 0.04525862068965517 0.028017241379310345 0.8491379310344828 
0.08438818565400844 0.620253164556962 0.056962025316455694 0.02531645569620253 0.21308016877637131 
0.08635097493036212 0.25069637883008355 0.15598885793871867 0.03064066852367688 0.4763231197771588 
0.14080459770114942 0.6235632183908046 0.06609195402298851 0.04597701149425287 0.1235632183908046 
0.08045977011494253 0.3735632183908046 0.10344827586206896 0.2471264367816092 0.19540229885057472 
0.3487654320987654 0.1388888888888889 0.33641975308641975 0.08024691358024691 0.09567901234567901 
0.042801556420233464 0.04669260700389105 0.10505836575875487 0.7626459143968871 0.042801556420233464 
0.17316017316017315 0.15151515151515152 0.43722943722943725 0.08658008658008658 0.15151515151515152 
0.6718346253229974 0.15762273901808785 0.056847545219638244 0.028423772609819122 0.08527131782945736 
0.09821428571428571 0.6458333333333334 0.06845238095238096 0.05952380952380952 0.12797619047619047 
0.1002710027100271 0.0921409214092141 0.06775067750677506 0.05962059620596206 0.6802168021680217 
0.24848484848484848 0.4 0.12121212121212122 0.13333333333333333 0.09696969696969697 
0.05889014722536806 0.030577576443941108 0.8312570781426953 0.044167610419026046 0.035107587768969425 
0.6592592592592592 0.11481481481481481 0.09259259259259259 0.05555555555555555 0.07777777777777778 
0.21267893660531698 0.09611451942740286 0.5930470347648262 0.03885480572597137 0.05930470347648262 
0.07302231237322515 0.14807302231237324 0.3265720081135903 0.032454361054766734 0.4198782961460446 
0.17755102040816326 0.044897959183673466 0.09183673469387756 0.024489795918367346 0.6612244897959184 
0.2312579415501906 0.22998729351969505 0.035578144853875476 0.21601016518424396 0.28716645489199494 
0.08781362007168458 0.5483870967741935 0.13082437275985664 0.03942652329749104 0.1935483870967742 
0.19855595667870035 0.5379061371841155 0.07942238267148015 0.061371841155234655 0.12274368231046931 
0.032843560933448576 0.0682800345721694 0.06482281763180639 0.010371650821089023 0.8236819360414867 
0.2268041237113402 0.5309278350515464 0.059278350515463915 0.03865979381443299 0.14432989690721648 
0.19401389631213256 0.20096205237840728 0.20416889363976484 0.024051309460181722 0.3768038482095136 
0.16326530612244897 0.07755102040816327 0.06938775510204082 0.03469387755102041 0.6551020408163265 
0.12239583333333333 0.5026041666666666 0.22916666666666666 0.06510416666666667 0.08072916666666667 
0.09487459105779716 0.027262813522355506 0.8178844056706652 0.016357688113413305 0.04362050163576881 
0.059130434782608696 0.07130434782608695 0.04 0.020869565217391306 0.808695652173913 
0.1160337552742616 0.6139240506329114 0.06329113924050633 0.029535864978902954 0.17721518987341772 
0.11764705882352941 0.11764705882352941 0.13725490196078433 0.10784313725490197 0.5196078431372549 
0.09378185524974515 0.7869520897043832 0.0417940876656473 0.03363914373088685 0.04383282364933741 
0.1840277777777778 0.2951388888888889 0.08333333333333333 0.2534722222222222 0.1840277777777778 
0.033123028391167195 0.06782334384858044 0.8201892744479495 0.0473186119873817 0.031545741324921134 
0.0784313725490196 0.1568627450980392 0.09803921568627451 0.0718954248366013 0.5947712418300654 
0.11320754716981132 0.09433962264150944 0.09433962264150944 0.11320754716981132 0.5849056603773585 
0.05802047781569966 0.7337883959044369 0.03754266211604096 0.034129692832764506 0.13651877133105803 
0.12857142857142856 0.19285714285714287 0.09285714285714286 0.12857142857142856 0.45714285714285713 
0.6053511705685619 0.019230769230769232 0.016722408026755852 0.00919732441471572 0.3494983277591973 
0.08050089445438283 0.12164579606440072 0.2629695885509839 0.01967799642218247 0.5152057245080501 
0.2159090909090909 0.25 0.09090909090909091 0.2784090909090909 0.16477272727272727 
0.06037735849056604 0.10566037735849057 0.045283018867924525 0.7245283018867924 0.06415094339622641 
0.2571428571428571 0.1261904761904762 0.19047619047619047 0.3547619047619048 0.07142857142857142 
0.13026819923371646 0.6053639846743295 0.09195402298850575 0.0842911877394636 0.08812260536398467 
0.10679611650485436 0.10679611650485436 0.0970873786407767 0.0970873786407767 0.5922330097087378 
0.15048543689320387 0.09951456310679611 0.48058252427184467 0.055825242718446605 0.21359223300970873 
0.11162790697674418 0.12093023255813953 0.24651162790697675 0.13953488372093023 0.3813953488372093 
0.05415162454873646 0.1299638989169675 0.039711191335740074 0.7148014440433214 0.061371841155234655 
0.13304721030042918 0.1781115879828326 0.22532188841201717 0.034334763948497854 0.4291845493562232 
0.13090909090909092 0.06181818181818182 0.04363636363636364 0.7054545454545454 0.05818181818181818 
0.17045454545454544 0.30227272727272725 0.35 0.06363636363636363 0.11363636363636363 
0.8046398046398047 0.05128205128205128 0.05616605616605617 0.031746031746031744 0.05616605616605617 
0.07948717948717948 0.717948717948718 0.041025641025641026 0.028205128205128206 0.13333333333333333 
0.5458333333333333 0.19583333333333333 0.09166666666666666 0.0875 0.07916666666666666 
0.14347826086956522 0.05652173913043478 0.08695652173913043 0.05652173913043478 0.6565217391304348 
0.06635071090047394 0.06635071090047394 0.061611374407582936 0.052132701421800945 0.7535545023696683 
0.13688212927756654 0.6045627376425855 0.1444866920152091 0.045627376425855515 0.06844106463878327 
0.10620220900594732 0.07476635514018691 0.4409515717926933 0.022939677145284623 0.35514018691588783 
0.15418502202643172 0.0881057268722467 0.4713656387665198 0.17180616740088106 0.1145374449339207 
0.05365853658536585 0.32439024390243903 0.06341463414634146 0.04878048780487805 0.5097560975609756 
0.154557463672391 0.5772787318361955 0.15587846763540292 0.018494055482166448 0.09379128137384413 
0.05017921146953405 0.12544802867383512 0.053763440860215055 0.7240143369175627 0.04659498207885305 
0.06278026905829596 0.38863976083707025 0.04035874439461883 0.02391629297458894 0.484304932735426 
0.05263157894736842 0.3007518796992481 0.05800214822771214 0.23952738990332975 0.34908700322234154 
0.21011673151750973 0.1877431906614786 0.07684824902723736 0.39202334630350194 0.13326848249027237 
0.046875 0.0625 0.0546875 0.78515625 0.05078125 
0.02745664739884393 0.031791907514450865 0.8858381502890174 0.02745664739884393 0.02745664739884393 
0.15463917525773196 0.044182621502209134 0.12665684830633284 0.01914580265095729 0.6553755522827688 
0.08064516129032258 0.12096774193548387 0.08870967741935484 0.08870967741935484 0.6209677419354839 
0.09192200557103064 0.1309192200557103 0.07242339832869081 0.06685236768802229 0.637883008356546 
0.05934718100890208 0.6735905044510386 0.0712166172106825 0.025222551928783383 0.17062314540059348 
0.048507462686567165 0.048507462686567165 0.12313432835820895 0.7276119402985075 0.05223880597014925 
0.5646067415730337 0.2443820224719101 0.05898876404494382 0.05337078651685393 0.07865168539325842 
0.1033210332103321 0.7084870848708487 0.05166051660516605 0.04428044280442804 0.09225092250922509 
0.6263552960800667 0.020016680567139282 0.011676396997497914 0.009174311926605505 0.3327773144286906 
0.03314393939393939 0.06534090909090909 0.07481060606060606 0.013257575757575758 0.8134469696969697 
0.027093596059113302 0.029556650246305417 0.06157635467980296 0.029556650246305417 0.8522167487684729 
0.034482758620689655 0.05517241379310345 0.03793103448275862 0.034482758620689655 0.8379310344827586 
0.15510204081632653 0.05918367346938776 0.08979591836734693 0.022448979591836733 0.673469387755102 
0.08846153846153847 0.6538461538461539 0.05576923076923077 0.028846153846153848 0.17307692307692307 
0.15158924205378974 0.6112469437652812 0.06601466992665037 0.10024449877750612 0.07090464547677261 
0.1794871794871795 0.42948717948717946 0.09615384615384616 0.08974358974358974 0.20512820512820512 
0.7289433384379785 0.09800918836140889 0.09724349157733538 0.03445635528330781 0.04134762633996937 
0.17629629629629628 0.05037037037037037 0.4696296296296296 0.02074074074074074 0.28296296296296297 
0.30434782608695654 0.21493027071369974 0.29860541427399506 0.022149302707136997 0.15996718621821165 
0.03838771593090211 0.7927063339731286 0.09021113243761997 0.03262955854126679 0.046065259117082535 
0.052083333333333336 0.06770833333333333 0.057291666666666664 0.0625 0.7604166666666666 
0.1717557251908397 0.0648854961832061 0.5572519083969466 0.10687022900763359 0.09923664122137404 
0.05154639175257732 0.03436426116838488 0.14432989690721648 0.7250859106529209 0.044673539518900345 
0.6003372681281619 0.03372681281618887 0.012647554806070826 0.01011804384485666 0.34317032040472173 
0.051194539249146756 0.7337883959044369 0.04436860068259386 0.034129692832764506 0.13651877133105803 
0.11287313432835822 0.34048507462686567 0.08115671641791045 0.01958955223880597 0.4458955223880597 
0.09420289855072464 0.050724637681159424 0.09903381642512077 0.04830917874396135 0.7077294685990339 
0.08125 0.68125 0.05 0.04375 0.14375 
0.2271062271062271 0.38461538461538464 0.08791208791208792 0.23443223443223443 0.06593406593406594 
0.08759124087591241 0.7718978102189781 0.05048661800486618 0.027980535279805353 0.06204379562043796 
0.052083333333333336 0.7326388888888888 0.04513888888888889 0.041666666666666664 0.1284722222222222 
0.11504424778761062 0.13274336283185842 0.1415929203539823 0.1504424778761062 0.46017699115044247 
0.11160058737151249 0.7533039647577092 0.05433186490455213 0.03524229074889868 0.04552129221732746 
0.045454545454545456 0.045454545454545456 0.08712121212121213 0.7613636363636364 0.06060606060606061 
0.08496732026143791 0.13071895424836602 0.06535947712418301 0.0784313725490196 0.6405228758169934 
0.08921933085501858 0.3048327137546468 0.08178438661710037 0.03717472118959108 0.48698884758364314 
0.16193181818181818 0.05397727272727273 0.2840909090909091 0.05965909090909091 0.4403409090909091 
0.14814814814814814 0.10317460317460317 0.07407407407407407 0.07671957671957672 0.5978835978835979 
0.03917910447761194 0.7873134328358209 0.09328358208955224 0.03544776119402985 0.04477611940298507 
0.1875 0.22916666666666666 0.1015625 0.3854166666666667 0.09635416666666667 
0.04332129963898917 0.05054151624548736 0.05054151624548736 0.039711191335740074 0.8158844765342961 
0.04716981132075472 0.08490566037735849 0.033962264150943396 0.018867924528301886 0.8150943396226416 
0.06808510638297872 0.05106382978723404 0.04680851063829787 0.05106382978723404 0.7829787234042553 
0.07386363636363637 0.7244318181818182 0.09517045454545454 0.05965909090909091 0.046875 
0.06694560669456066 0.1087866108786611 0.058577405857740586 0.05439330543933055 0.7112970711297071 
0.2775229357798165 0.21330275229357798 0.1743119266055046 0.1811926605504587 0.1536697247706422 
0.2643171806167401 0.4801762114537445 0.08370044052863436 0.07488986784140969 0.09691629955947137 
0.10902255639097744 0.07142857142857142 0.041353383458646614 0.7255639097744361 0.05263157894736842 
0.05555555555555555 0.07407407407407407 0.0763888888888889 0.037037037037037035 0.7569444444444444 
0.10227272727272728 0.678030303030303 0.07954545454545454 0.045454545454545456 0.0946969696969697 
0.0702247191011236 0.24157303370786518 0.16573033707865167 0.047752808988764044 0.4747191011235955 
0.2 0.36 0.2 0.088 0.152 
0.1417624521072797 0.14559386973180077 0.4789272030651341 0.10344827586206896 0.13026819923371646 
0.31413612565445026 0.16753926701570682 0.12041884816753927 0.33507853403141363 0.06282722513089005 
0.045283018867924525 0.04150943396226415 0.04905660377358491 0.8113207547169812 0.052830188679245285 
0.059065934065934064 0.03571428571428571 0.03571428571428571 0.013736263736263736 0.8557692307692307 
0.119140625 0.11002604166666667 0.216796875 0.013671875 0.5403645833333334 
0.18181818181818182 0.32219251336898397 0.21390374331550802 0.08422459893048129 0.19786096256684493 
0.08187134502923976 0.1111111111111111 0.543859649122807 0.07602339181286549 0.1871345029239766 
