0.46518105849582175 0.12813370473537605 0.07242339832869081 0.14206128133704735 0.19220055710306408 
0.026970954356846474 0.0912863070539419 0.43568464730290457 0.36929460580912865 0.07676348547717843 
0.03980370774263904 0.31624863685932386 0.15267175572519084 0.1624863685932388 0.3287895310796074 
0.024834437086092714 0.8725165562913907 0.023178807947019868 0.0347682119205298 0.04470198675496689 
0.12177121771217712 0.22140221402214022 0.15867158671586715 0.09225092250922509 0.4059040590405904 
0.8086642599277978 0.036101083032490974 0.05054151624548736 0.06498194945848375 0.039711191335740074 
0.5813559322033899 0.05084745762711865 0.08305084745762711 0.08813559322033898 0.19661016949152543 
0.4025641025641026 0.1794871794871795 0.07692307692307693 0.07435897435897436 0.26666666666666666 
0.022889842632331903 0.06151645207439199 0.8068669527896996 0.07439198855507868 0.034334763948497854 
0.16374269005847952 0.28654970760233917 0.16374269005847952 0.14619883040935672 0.23976608187134502 
0.06470588235294118 0.6529411764705882 0.08823529411764706 0.1 0.09411764705882353 
0.06629834254143646 0.11602209944751381 0.30386740331491713 0.3259668508287293 0.1878453038674033 
0.31511254019292606 0.12218649517684887 0.1382636655948553 0.1157556270096463 0.3086816720257235 
0.08214285714285714 0.6285714285714286 0.11071428571428571 0.08214285714285714 0.09642857142857143 
0.04392764857881137 0.3049095607235142 0.07493540051679587 0.09560723514211886 0.4806201550387597 
0.06329113924050633 0.6265822784810127 0.12025316455696203 0.11392405063291139 0.0759493670886076 
0.4594298245614035 0.07894736842105263 0.13267543859649122 0.18640350877192982 0.1425438596491228 
0.06369426751592357 0.06369426751592357 0.28662420382165604 0.31528662420382164 0.27070063694267515 
0.7709090909090909 0.04363636363636364 0.06545454545454546 0.04727272727272727 0.07272727272727272 
0.14074074074074075 0.11851851851851852 0.17037037037037037 0.4074074074074074 0.16296296296296298 
0.03293413173652695 0.12724550898203593 0.09431137724550898 0.2559880239520958 0.48952095808383234 
0.025570776255707764 0.13515981735159818 0.10136986301369863 0.12511415525114156 0.6127853881278539 
0.025167785234899327 0.04697986577181208 0.8036912751677853 0.08221476510067115 0.04194630872483222 
0.033734939759036145 0.8361445783132531 0.05542168674698795 0.043373493975903614 0.03132530120481928 
0.5137844611528822 0.07268170426065163 0.08020050125313283 0.11027568922305764 0.22305764411027568 
0.1711229946524064 0.48128342245989303 0.0962566844919786 0.10695187165775401 0.1443850267379679 
0.03896103896103896 0.10966810966810966 0.09668109668109669 0.17027417027417027 0.5844155844155844 
0.36548223350253806 0.116751269035533 0.14720812182741116 0.15736040609137056 0.2131979695431472 
0.3957597173144876 0.10600706713780919 0.1978798586572438 0.15547703180212014 0.14487632508833923 
0.056338028169014086 0.13380281690140844 0.352112676056338 0.2535211267605634 0.20422535211267606 
0.022857142857142857 0.6671428571428571 0.037142857142857144 0.03428571428571429 0.23857142857142857 
0.0326975476839237 0.4359673024523161 0.11444141689373297 0.15803814713896458 0.25885558583106266 
0.03900709219858156 0.5106382978723404 0.1773049645390071 0.20567375886524822 0.0673758865248227 
0.0378619153674833 0.12249443207126949 0.0645879732739421 0.6503340757238307 0.12472160356347439 
0.3161512027491409 0.1134020618556701 0.12027491408934708 0.17525773195876287 0.27491408934707906 
0.11578947368421053 0.08210526315789474 0.33052631578947367 0.21473684210526317 0.25684210526315787 
0.6604477611940298 0.07462686567164178 0.09701492537313433 0.05783582089552239 0.11007462686567164 
0.02737226277372263 0.7098540145985401 0.04744525547445255 0.14963503649635038 0.06569343065693431 
0.033182503770739065 0.05279034690799397 0.10708898944193061 0.23076923076923078 0.5761689291101055 
0.07602339181286549 0.1871345029239766 0.08771929824561403 0.5321637426900585 0.11695906432748537 
0.08771929824561403 0.12631578947368421 0.15789473684210525 0.5543859649122806 0.07368421052631578 
0.07291666666666667 0.109375 0.22916666666666666 0.234375 0.3541666666666667 
0.029227557411273485 0.07724425887265135 0.06263048016701461 0.7578288100208769 0.07306889352818371 
0.2725 0.2875 0.0875 0.1525 0.2 
0.08695652173913043 0.5838509316770186 0.08695652173913043 0.12422360248447205 0.11801242236024845 
0.04644808743169399 0.43169398907103823 0.09836065573770492 0.1557377049180328 0.2677595628415301 
0.8 0.05555555555555555 0.037037037037037035 0.06296296296296296 0.044444444444444446 
0.035868005738880916 0.05308464849354376 0.11908177905308465 0.11047345767575323 0.6814921090387375 
0.35319148936170214 0.3574468085106383 0.0851063829787234 0.09361702127659574 0.11063829787234042 
0.03836930455635491 0.3069544364508393 0.09112709832134293 0.09592326139088729 0.4676258992805755 
0.05710659898477157 0.04568527918781726 0.37182741116751267 0.36421319796954316 0.16116751269035534 
0.06857142857142857 0.52 0.09142857142857143 0.24571428571428572 0.07428571428571429 
0.039568345323741004 0.8201438848920863 0.046762589928057555 0.046762589928057555 0.046762589928057555 
0.05917159763313609 0.7337278106508875 0.07692307692307693 0.07396449704142012 0.05621301775147929 
0.05970149253731343 0.10074626865671642 0.17164179104477612 0.5335820895522388 0.13432835820895522 
0.10810810810810811 0.19594594594594594 0.14864864864864866 0.41216216216216217 0.13513513513513514 
0.0234375 0.025669642857142856 0.041294642857142856 0.04241071428571429 0.8671875 
0.036418816388467376 0.048558421851289835 0.1638846737481032 0.09559939301972686 0.6555386949924128 
0.7894736842105263 0.05592105263157895 0.05921052631578947 0.05263157894736842 0.04276315789473684 
0.07575757575757576 0.494949494949495 0.12626262626262627 0.16666666666666666 0.13636363636363635 
0.026615969581749048 0.8403041825095057 0.019011406844106463 0.04182509505703422 0.07224334600760456 
0.1836734693877551 0.17346938775510204 0.21428571428571427 0.30612244897959184 0.12244897959183673 
0.1111111111111111 0.5 0.1111111111111111 0.13333333333333333 0.14444444444444443 
0.8153310104529616 0.04529616724738676 0.04529616724738676 0.059233449477351915 0.03484320557491289 
0.08414239482200647 0.05177993527508091 0.09061488673139159 0.6990291262135923 0.0744336569579288 
0.7973421926910299 0.046511627906976744 0.046511627906976744 0.03986710963455149 0.06976744186046512 
0.0668103448275862 0.6422413793103449 0.04310344827586207 0.09051724137931035 0.15732758620689655 
0.027131782945736434 0.06782945736434108 0.5213178294573644 0.3178294573643411 0.06589147286821706 
0.05411764705882353 0.508235294117647 0.0988235294117647 0.11529411764705882 0.2235294117647059 
0.084 0.528 0.116 0.196 0.076 
0.0959409594095941 0.16974169741697417 0.15498154981549817 0.0996309963099631 0.4797047970479705 
0.4559748427672956 0.13522012578616352 0.11320754716981132 0.12578616352201258 0.16981132075471697 
0.06593406593406594 0.10989010989010989 0.5787545787545788 0.13186813186813187 0.11355311355311355 
0.033185840707964605 0.048672566371681415 0.5929203539823009 0.2234513274336283 0.10176991150442478 
0.03076923076923077 0.8435897435897436 0.03333333333333333 0.046153846153846156 0.046153846153846156 
0.04421768707482993 0.11224489795918367 0.23809523809523808 0.5578231292517006 0.047619047619047616 
0.014986376021798364 0.027247956403269755 0.726158038147139 0.10899182561307902 0.1226158038147139 
0.07741935483870968 0.11612903225806452 0.23225806451612904 0.41935483870967744 0.15483870967741936 
0.04339622641509434 0.16226415094339622 0.0509433962264151 0.6377358490566037 0.10566037735849057 
0.02643171806167401 0.030837004405286344 0.048458149779735685 0.046255506607929514 0.8480176211453745 
0.024916943521594685 0.05647840531561462 0.8073089700996677 0.06312292358803986 0.04817275747508306 
0.4536082474226804 0.38144329896907214 0.061855670103092786 0.048109965635738834 0.054982817869415807 
0.03822937625754527 0.11468812877263582 0.24346076458752516 0.45271629778672035 0.15090543259557343 
0.021032504780114723 0.06118546845124283 0.04780114722753346 0.8240917782026769 0.045889101338432124 
0.04819277108433735 0.7068273092369478 0.05220883534136546 0.14056224899598393 0.05220883534136546 
0.03674540682414698 0.1036745406824147 0.031496062992125984 0.7847769028871391 0.04330708661417323 
0.121875 0.490625 0.0703125 0.1703125 0.146875 
0.015151515151515152 0.030303030303030304 0.6957070707070707 0.14646464646464646 0.11237373737373738 
0.0767656090071648 0.06550665301944729 0.345957011258956 0.3961105424769703 0.11566018423746162 
0.604494382022472 0.12022471910112359 0.04157303370786517 0.04044943820224719 0.19325842696629214 
0.05305039787798409 0.583554376657825 0.1883289124668435 0.10610079575596817 0.06896551724137931 
0.019261637239165328 0.3595505617977528 0.03210272873194221 0.5521669341894061 0.03691813804173355 
0.024509803921568627 0.8562091503267973 0.03594771241830065 0.03758169934640523 0.0457516339869281 
0.25125628140703515 0.3316582914572864 0.07537688442211055 0.15577889447236182 0.18592964824120603 
0.024708304735758406 0.5586822237474263 0.21139327385037748 0.11256005490734386 0.09265614275909403 
0.06093189964157706 0.5125448028673835 0.0967741935483871 0.15412186379928317 0.17562724014336917 
0.013266998341625208 0.02155887230514096 0.03897180762852405 0.9054726368159204 0.020729684908789386 
0.039761431411530816 0.04771371769383698 0.27634194831013914 0.44930417495029823 0.18687872763419483 
0.7115384615384616 0.04487179487179487 0.057692307692307696 0.057692307692307696 0.1282051282051282 
0.025396825396825397 0.02433862433862434 0.17989417989417988 0.15767195767195769 0.6126984126984127 
0.03275109170305677 0.1462882096069869 0.06768558951965066 0.6135371179039302 0.13973799126637554 
0.0405982905982906 0.6025641025641025 0.03632478632478633 0.05128205128205128 0.2692307692307692 
0.1 0.0880952380952381 0.11190476190476191 0.20238095238095238 0.4976190476190476 
0.03349282296650718 0.11961722488038277 0.09090909090909091 0.33253588516746413 0.423444976076555 
0.033073929961089495 0.311284046692607 0.038910505836575876 0.0622568093385214 0.5544747081712063 
0.02912621359223301 0.052704576976421634 0.12343966712898752 0.08460471567267684 0.710124826629681 
0.05251141552511415 0.07077625570776255 0.1324200913242009 0.09817351598173515 0.6461187214611872 
0.05037037037037037 0.044444444444444446 0.45185185185185184 0.3037037037037037 0.14962962962962964 
0.1079136690647482 0.25539568345323743 0.12589928057553956 0.1366906474820144 0.37410071942446044 
0.0322180916976456 0.4473358116480793 0.09169764560099132 0.17100371747211895 0.2577447335811648 
0.7523809523809524 0.044444444444444446 0.050793650793650794 0.10793650793650794 0.044444444444444446 
0.1 0.66875 0.06875 0.08125 0.08125 
0.09900990099009901 0.1188118811881188 0.10148514851485149 0.3886138613861386 0.29207920792079206 
0.05976095617529881 0.6693227091633466 0.08764940239043825 0.13545816733067728 0.04780876494023904 
0.15486725663716813 0.45132743362831856 0.09292035398230089 0.11504424778761062 0.18584070796460178 
0.08178438661710037 0.6802973977695167 0.09293680297397769 0.055762081784386616 0.08921933085501858 
0.07692307692307693 0.7282051282051282 0.07692307692307693 0.06153846153846154 0.05641025641025641 
0.03134796238244514 0.05956112852664577 0.2946708463949843 0.49843260188087773 0.11598746081504702 
0.021400778210116732 0.07198443579766536 0.038910505836575876 0.830739299610895 0.03696498054474708 
0.027777777777777776 0.8388888888888889 0.03611111111111111 0.05555555555555555 0.041666666666666664 
0.20481927710843373 0.24096385542168675 0.18072289156626506 0.1927710843373494 0.18072289156626506 
0.048484848484848485 0.06060606060606061 0.4212121212121212 0.3212121212121212 0.1484848484848485 
0.14634146341463414 0.4024390243902439 0.12195121951219512 0.18292682926829268 0.14634146341463414 
0.04741379310344827 0.6982758620689655 0.05603448275862069 0.14224137931034483 0.05603448275862069 
0.06282722513089005 0.5078534031413613 0.08900523560209424 0.2670157068062827 0.07329842931937172 
0.01173512154233026 0.020117351215423303 0.025146689019279127 0.9136630343671417 0.02933780385582565 
0.16666666666666666 0.12280701754385964 0.12280701754385964 0.08771929824561403 0.5 
0.01791044776119403 0.049253731343283584 0.7731343283582089 0.09850746268656717 0.06119402985074627 
0.7413793103448276 0.06206896551724138 0.041379310344827586 0.1103448275862069 0.04482758620689655 
0.02947845804988662 0.8299319727891157 0.05215419501133787 0.049886621315192746 0.03854875283446712 
0.031512605042016806 0.11974789915966387 0.05042016806722689 0.7247899159663865 0.07352941176470588 
0.040983606557377046 0.5245901639344263 0.08196721311475409 0.273224043715847 0.07923497267759563 
0.04477611940298507 0.08358208955223881 0.21492537313432836 0.5402985074626866 0.11641791044776119 
0.07647058823529412 0.14705882352941177 0.18235294117647058 0.5 0.09411764705882353 
0.11746987951807229 0.09337349397590361 0.12650602409638553 0.11144578313253012 0.5512048192771084 
0.8297872340425532 0.03900709219858156 0.03546099290780142 0.05319148936170213 0.0425531914893617 
0.2551440329218107 0.18518518518518517 0.13991769547325103 0.18106995884773663 0.23868312757201646 
0.03176620076238882 0.054637865311308764 0.09783989834815757 0.1207115628970775 0.6950444726810674 
0.046511627906976744 0.15406976744186046 0.29941860465116277 0.39244186046511625 0.10755813953488372 
0.056 0.6746666666666666 0.06133333333333333 0.13333333333333333 0.07466666666666667 
0.09259259259259259 0.13580246913580246 0.12962962962962962 0.46296296296296297 0.17901234567901234 
0.6272439281942978 0.05385427666314678 0.0559662090813094 0.06019007391763464 0.20274551214361142 
0.06810035842293907 0.07885304659498207 0.07526881720430108 0.12903225806451613 0.6487455197132617 
0.42570281124497994 0.09236947791164658 0.08835341365461848 0.10441767068273092 0.2891566265060241 
0.08433734939759036 0.3755020080321285 0.178714859437751 0.08634538152610442 0.2751004016064257 
0.03162055335968379 0.7015810276679841 0.03359683794466403 0.0533596837944664 0.17984189723320157 
0.048994974874371856 0.22236180904522612 0.08668341708542714 0.457286432160804 0.18467336683417085 
0.09074733096085409 0.0800711743772242 0.20640569395017794 0.5604982206405694 0.06227758007117438 
0.05223880597014925 0.13059701492537312 0.22761194029850745 0.44029850746268656 0.14925373134328357 
0.013923013923013924 0.8214578214578214 0.06715806715806716 0.062244062244062245 0.03521703521703522 
0.03926701570680628 0.1099476439790576 0.0968586387434555 0.6282722513089005 0.1256544502617801 
0.07616580310880829 0.3901554404145078 0.16528497409326426 0.16010362694300517 0.20829015544041452 
0.04056795131845842 0.6572008113590264 0.10344827586206896 0.09127789046653144 0.1075050709939148 
0.0639386189258312 0.0741687979539642 0.45268542199488493 0.15601023017902813 0.2531969309462916 
0.7646443514644351 0.021966527196652718 0.03347280334728033 0.03347280334728033 0.14644351464435146 
0.022847100175746926 0.7838312829525483 0.03690685413005272 0.0913884007029877 0.06502636203866433 
0.03991596638655462 0.10714285714285714 0.04411764705882353 0.7457983193277311 0.06302521008403361 
0.12244897959183673 0.5204081632653061 0.11224489795918367 0.10204081632653061 0.14285714285714285 
0.017137096774193547 0.04435483870967742 0.5262096774193549 0.3225806451612903 0.08971774193548387 
0.1079136690647482 0.09352517985611511 0.5035971223021583 0.17625899280575538 0.11870503597122302 
0.7293934681181959 0.04665629860031104 0.06376360808709176 0.06531881804043546 0.09486780715396578 
0.0718954248366013 0.5751633986928104 0.10457516339869281 0.16339869281045752 0.08496732026143791 
0.10784313725490197 0.5980392156862745 0.09803921568627451 0.09803921568627451 0.09803921568627451 
0.05338078291814947 0.12811387900355872 0.6725978647686833 0.09608540925266904 0.0498220640569395 
0.07746478873239436 0.43661971830985913 0.09154929577464789 0.23943661971830985 0.15492957746478872 
0.009181969949916527 0.24540901502504173 0.7186978297161937 0.012520868113522538 0.014190317195325543 
0.023214285714285715 0.5910714285714286 0.08035714285714286 0.10892857142857143 0.19642857142857142 
0.10909090909090909 0.10303030303030303 0.44242424242424244 0.20606060606060606 0.1393939393939394 
0.775438596491228 0.03859649122807018 0.08771929824561403 0.04912280701754386 0.04912280701754386 
0.22790697674418606 0.08139534883720931 0.08837209302325581 0.16511627906976745 0.4372093023255814 
0.064 0.068 0.236 0.476 0.156 
0.1 0.58 0.1 0.12 0.1 
0.29484029484029484 0.22358722358722358 0.11056511056511056 0.12776412776412777 0.24324324324324326 
0.11504424778761062 0.4424778761061947 0.07964601769911504 0.13716814159292035 0.22566371681415928 
0.7161716171617162 0.0627062706270627 0.0891089108910891 0.07590759075907591 0.056105610561056105 
0.11373390557939914 0.3948497854077253 0.1351931330472103 0.1781115879828326 0.1781115879828326 
0.7333333333333333 0.04666666666666667 0.056666666666666664 0.06666666666666667 0.09666666666666666 
0.14414414414414414 0.08333333333333333 0.20045045045045046 0.24324324324324326 0.32882882882882886 
0.020190023752969122 0.039192399049881234 0.03681710213776722 0.0510688836104513 0.8527315914489311 
0.03482587064676617 0.0845771144278607 0.07462686567164178 0.7388059701492538 0.06716417910447761 
0.07264957264957266 0.07264957264957266 0.2564102564102564 0.1452991452991453 0.452991452991453 
0.07589285714285714 0.6294642857142857 0.13392857142857142 0.07142857142857142 0.08928571428571429 
0.06 0.775 0.055 0.055 0.055 
0.05363984674329502 0.10344827586206896 0.13409961685823754 0.6091954022988506 0.09961685823754789 
0.2658959537572254 0.374896779521057 0.05284888521882741 0.13459950454170108 0.1717588769611891 
0.4482758620689655 0.16810344827586207 0.09482758620689655 0.06465517241379311 0.22413793103448276 
0.045454545454545456 0.39952153110047844 0.4090909090909091 0.1076555023923445 0.03827751196172249 
0.06418485237483953 0.0821566110397946 0.2605905006418485 0.49293966623876767 0.10012836970474968 
0.7375415282392026 0.03986710963455149 0.10299003322259136 0.07641196013289037 0.04318936877076412 
0.016129032258064516 0.4208211143695015 0.036656891495601175 0.4897360703812317 0.036656891495601175 
0.1828752642706131 0.266384778012685 0.024312896405919663 0.49471458773784355 0.03171247357293869 
0.03902439024390244 0.1248780487804878 0.09951219512195122 0.5287804878048781 0.20780487804878048 
0.7730496453900709 0.0425531914893617 0.08156028368794327 0.05673758865248227 0.04609929078014184 
0.8764940239043825 0.035856573705179286 0.03054448871181939 0.02656042496679947 0.03054448871181939 
0.017142857142857144 0.6628571428571428 0.03142857142857143 0.04428571428571428 0.24428571428571427 
0.09090909090909091 0.6115702479338843 0.08264462809917356 0.09917355371900827 0.11570247933884298 
0.056910569105691054 0.5149051490514905 0.08130081300813008 0.23306233062330622 0.11382113821138211 
0.016105417276720352 0.05856515373352855 0.7686676427525623 0.0951683748169839 0.06149341142020498 
0.8293515358361775 0.05460750853242321 0.034129692832764506 0.034129692832764506 0.04778156996587031 
0.05449591280653951 0.08174386920980926 0.1226158038147139 0.20435967302452315 0.5367847411444142 
0.043795620437956206 0.058394160583941604 0.41605839416058393 0.3795620437956204 0.10218978102189781 
0.016764459346186086 0.25230511316010057 0.6999161777032691 0.015088013411567477 0.01592623637887678 
0.012999071494893221 0.7985143918291551 0.06963788300835655 0.07242339832869081 0.04642525533890436 
0.038461538461538464 0.8512820512820513 0.035897435897435895 0.04871794871794872 0.02564102564102564 
0.03819444444444445 0.8194444444444444 0.0625 0.034722222222222224 0.04513888888888889 
0.03550295857988166 0.6785009861932939 0.04339250493096647 0.05917159763313609 0.1834319526627219 
0.03415559772296015 0.1062618595825427 0.2030360531309298 0.5901328273244781 0.06641366223908918 
0.04245283018867924 0.0589622641509434 0.5141509433962265 0.24528301886792453 0.1391509433962264 
0.07142857142857142 0.09740259740259741 0.3051948051948052 0.37662337662337664 0.14935064935064934 
0.02343159486016629 0.03325774754346183 0.13529856386999245 0.08843537414965986 0.7195767195767195 
0.026865671641791045 0.3164179104477612 0.04626865671641791 0.04776119402985075 0.5626865671641791 
0.03521703521703522 0.12366912366912367 0.15315315315315314 0.13841113841113842 0.5495495495495496 
0.03244274809160305 0.04770992366412214 0.0648854961832061 0.8110687022900763 0.04389312977099236 
0.05235602094240838 0.7591623036649214 0.06806282722513089 0.06282722513089005 0.05759162303664921 
0.3957597173144876 0.127208480565371 0.10247349823321555 0.1166077738515901 0.2579505300353357 
0.815625 0.05 0.04375 0.0375 0.053125 
0.01015228426395939 0.24957698815566837 0.7157360406091371 0.014382402707275803 0.01015228426395939 
0.042704626334519574 0.13523131672597866 0.6441281138790036 0.12811387900355872 0.0498220640569395 
0.05161290322580645 0.3548387096774194 0.06912442396313365 0.4202764976958525 0.10414746543778802 
0.04656862745098039 0.6470588235294118 0.10049019607843138 0.09068627450980392 0.11519607843137254 
0.043209876543209874 0.10185185185185185 0.19444444444444445 0.5987654320987654 0.06172839506172839 
0.11355311355311355 0.06593406593406594 0.3516483516483517 0.2600732600732601 0.2087912087912088 
0.01737567405632115 0.04134212103055722 0.5715997603355303 0.28879568603954464 0.08088675853804674 
0.05755395683453238 0.1079136690647482 0.6762589928057554 0.09712230215827339 0.06115107913669065 
0.1111111111111111 0.3425925925925926 0.19444444444444445 0.23148148148148148 0.12037037037037036 
0.02442528735632184 0.04454022988505747 0.46695402298850575 0.3620689655172414 0.10201149425287356 
0.8153310104529616 0.04878048780487805 0.03832752613240418 0.041811846689895474 0.05574912891986063 
0.06535947712418301 0.6013071895424836 0.0784313725490196 0.1568627450980392 0.09803921568627451 
0.04477611940298507 0.48880597014925375 0.1865671641791045 0.2126865671641791 0.06716417910447761 
0.06162464985994398 0.5154061624649859 0.06442577030812324 0.10084033613445378 0.25770308123249297 
0.0379746835443038 0.5316455696202531 0.09367088607594937 0.21265822784810126 0.1240506329113924 
0.026022304832713755 0.06319702602230483 0.06505576208178439 0.8048327137546468 0.040892193308550186 
0.07532467532467532 0.06493506493506493 0.5246753246753246 0.12727272727272726 0.2077922077922078 
0.036231884057971016 0.8188405797101449 0.043478260869565216 0.050724637681159424 0.050724637681159424 
0.023076923076923078 0.7730769230769231 0.046153846153846156 0.11346153846153846 0.04423076923076923 
0.049773755656108594 0.7285067873303167 0.09049773755656108 0.05429864253393665 0.07692307692307693 
0.04136947218259629 0.04850213980028531 0.24536376604850213 0.5563480741797432 0.10841654778887304 
0.04417670682730924 0.6746987951807228 0.09236947791164658 0.12449799196787148 0.0642570281124498 
0.30184331797235026 0.14746543778801843 0.22350230414746544 0.11059907834101383 0.21658986175115208 
0.05726872246696035 0.07929515418502203 0.3568281938325991 0.3656387665198238 0.14096916299559473 
0.7526132404181185 0.03832752613240418 0.04529616724738676 0.04878048780487805 0.11498257839721254 
0.046189376443418015 0.7505773672055427 0.06235565819861432 0.07159353348729793 0.06928406466512702 
0.04059040590405904 0.09225092250922509 0.05904059040590406 0.7490774907749077 0.05904059040590406 
0.049723756906077346 0.5082872928176796 0.06353591160220995 0.292817679558011 0.0856353591160221 
0.16535433070866143 0.1732283464566929 0.2204724409448819 0.2992125984251969 0.14173228346456693 
0.3181818181818182 0.1553030303030303 0.125 0.19696969696969696 0.20454545454545456 
0.13366336633663367 0.0594059405940594 0.16831683168316833 0.10891089108910891 0.5297029702970297 
0.8344827586206897 0.04482758620689655 0.034482758620689655 0.041379310344827586 0.04482758620689655 
0.016483516483516484 0.842032967032967 0.03021978021978022 0.042582417582417584 0.06868131868131869 
0.030398986700443317 0.5820139328689043 0.09373020899303357 0.09626345788473717 0.19759341355288157 
0.0622568093385214 0.19714656290531776 0.14656290531776914 0.3722438391699092 0.22178988326848248 
0.2926829268292683 0.3597560975609756 0.08536585365853659 0.12195121951219512 0.1402439024390244 
