0.5292479108635098 0.09749303621169916 0.06128133704735376 0.09192200557103064 0.2200557103064067 
0.029045643153526972 0.07261410788381743 0.3941908713692946 0.4107883817427386 0.09336099585062241 
0.03598691384950927 0.3440567066521265 0.14340239912758998 0.17829880043620502 0.29825517993456924 
0.024834437086092714 0.8675496688741722 0.026490066225165563 0.048013245033112585 0.033112582781456956 
0.08118081180811808 0.25461254612546125 0.15129151291512916 0.15129151291512916 0.36162361623616235 
0.8122743682310469 0.05054151624548736 0.05054151624548736 0.04693140794223827 0.039711191335740074 
0.576271186440678 0.0576271186440678 0.07457627118644068 0.08813559322033898 0.2033898305084746 
0.3923076923076923 0.15128205128205127 0.07948717948717948 0.1 0.27692307692307694 
0.017167381974248927 0.05007153075822604 0.8597997138769671 0.045779685264663805 0.027181688125894134 
0.11695906432748537 0.36257309941520466 0.12280701754385964 0.11695906432748537 0.2807017543859649 
0.058823529411764705 0.6941176470588235 0.058823529411764705 0.1 0.08823529411764706 
0.055248618784530384 0.14917127071823205 0.19337016574585636 0.43646408839779005 0.16574585635359115 
0.19935691318327975 0.09646302250803858 0.15434083601286175 0.13183279742765272 0.4180064308681672 
0.08571428571428572 0.6892857142857143 0.09642857142857143 0.075 0.05357142857142857 
0.04909560723514212 0.330749354005168 0.08010335917312661 0.11627906976744186 0.42377260981912146 
0.06329113924050633 0.620253164556962 0.11392405063291139 0.13291139240506328 0.06962025316455696 
0.43969298245614036 0.08881578947368421 0.14692982456140352 0.23793859649122806 0.08662280701754387 
0.04777070063694268 0.07006369426751592 0.2770700636942675 0.37898089171974525 0.22611464968152867 
0.7890909090909091 0.04 0.04 0.05818181818181818 0.07272727272727272 
0.18518518518518517 0.11851851851851852 0.2740740740740741 0.28888888888888886 0.13333333333333333 
0.023952095808383235 0.08982035928143713 0.08682634730538923 0.2634730538922156 0.5359281437125748 
0.024657534246575342 0.17077625570776256 0.09680365296803653 0.15251141552511416 0.5552511415525114 
0.02181208053691275 0.03859060402684564 0.8355704697986577 0.06879194630872483 0.03523489932885906 
0.03855421686746988 0.8530120481927711 0.024096385542168676 0.03855421686746988 0.04578313253012048 
0.49874686716791977 0.08771929824561403 0.10025062656641603 0.10025062656641603 0.21303258145363407 
0.21390374331550802 0.40641711229946526 0.08021390374331551 0.09090909090909091 0.20855614973262032 
0.03463203463203463 0.09523809523809523 0.06204906204906205 0.2106782106782107 0.5974025974025974 
0.43147208121827413 0.1065989847715736 0.12690355329949238 0.14213197969543148 0.19289340101522842 
0.38869257950530034 0.1413427561837456 0.23674911660777384 0.12367491166077739 0.10954063604240283 
0.046948356807511735 0.09389671361502347 0.36384976525821594 0.27699530516431925 0.21830985915492956 
0.03 0.6342857142857142 0.02142857142857143 0.05714285714285714 0.2571428571428571 
0.03814713896457766 0.4877384196185286 0.11444141689373297 0.1335149863760218 0.22615803814713897 
0.03900709219858156 0.5319148936170213 0.10283687943262411 0.25177304964539005 0.07446808510638298 
0.031180400890868598 0.0801781737193764 0.0957683741648107 0.7037861915367484 0.08908685968819599 
0.20962199312714777 0.10996563573883161 0.15463917525773196 0.1958762886597938 0.32989690721649484 
0.11368421052631579 0.06526315789473684 0.3642105263157895 0.21473684210526317 0.24210526315789474 
0.6268656716417911 0.08582089552238806 0.07276119402985075 0.0708955223880597 0.14365671641791045 
0.020072992700729927 0.7572992700729927 0.029197080291970802 0.14233576642335766 0.051094890510948905 
0.0392156862745098 0.04524886877828054 0.14630467571644043 0.24434389140271492 0.5248868778280543 
0.07017543859649122 0.23391812865497075 0.07017543859649122 0.5263157894736842 0.09941520467836257 
0.07719298245614035 0.10175438596491228 0.09473684210526316 0.6350877192982456 0.0912280701754386 
0.057291666666666664 0.10416666666666667 0.171875 0.3385416666666667 0.328125 
0.03549060542797495 0.0709812108559499 0.05219206680584551 0.7995824634655533 0.04175365344467641 
0.25 0.31 0.08 0.15 0.21 
0.07453416149068323 0.6459627329192547 0.09316770186335403 0.08695652173913043 0.09937888198757763 
0.03551912568306011 0.4890710382513661 0.12568306010928962 0.13114754098360656 0.2185792349726776 
0.8074074074074075 0.05555555555555555 0.044444444444444446 0.044444444444444446 0.04814814814814815 
0.03443328550932568 0.04447632711621234 0.11190817790530846 0.1563845050215208 0.6527977044476327 
0.3659574468085106 0.3659574468085106 0.06808510638297872 0.1148936170212766 0.0851063829787234 
0.03117505995203837 0.33093525179856115 0.08872901678657075 0.11031175059952038 0.43884892086330934 
0.0583756345177665 0.05203045685279188 0.37055837563451777 0.37817258883248733 0.14086294416243655 
0.07428571428571429 0.48 0.07428571428571429 0.3028571428571429 0.06857142857142857 
0.039568345323741004 0.7841726618705036 0.0683453237410072 0.06115107913669065 0.046762589928057555 
0.05029585798816568 0.7011834319526628 0.07100591715976332 0.11834319526627218 0.05917159763313609 
0.07462686567164178 0.08582089552238806 0.24253731343283583 0.4701492537313433 0.12686567164179105 
0.11486486486486487 0.18243243243243243 0.13513513513513514 0.40540540540540543 0.16216216216216217 
0.026785714285714284 0.036830357142857144 0.04017857142857143 0.05133928571428571 0.8448660714285714 
0.036418816388467376 0.07132018209408195 0.1426403641881639 0.11229135053110774 0.637329286798179 
0.7730263157894737 0.05921052631578947 0.0625 0.06578947368421052 0.039473684210526314 
0.050505050505050504 0.5656565656565656 0.09848484848484848 0.16161616161616163 0.12373737373737374 
0.021546261089987327 0.8326996197718631 0.031685678073510776 0.06463878326996197 0.049429657794676805 
0.16326530612244897 0.1836734693877551 0.20408163265306123 0.29591836734693877 0.15306122448979592 
0.12222222222222222 0.5111111111111111 0.13333333333333333 0.12222222222222222 0.1111111111111111 
0.8083623693379791 0.05574912891986063 0.03832752613240418 0.04878048780487805 0.04878048780487805 
0.15210355987055016 0.05825242718446602 0.11326860841423948 0.5372168284789643 0.13915857605177995 
0.8073089700996677 0.046511627906976744 0.04983388704318937 0.04318936877076412 0.053156146179401995 
0.0603448275862069 0.6508620689655172 0.05818965517241379 0.09698275862068965 0.1336206896551724 
0.029069767441860465 0.06201550387596899 0.4108527131782946 0.4437984496124031 0.05426356589147287 
0.05176470588235294 0.5317647058823529 0.15529411764705883 0.10352941176470588 0.15764705882352942 
0.064 0.568 0.14 0.156 0.072 
0.06273062730627306 0.16236162361623616 0.13284132841328414 0.09225092250922509 0.5498154981549815 
0.4779874213836478 0.1320754716981132 0.08176100628930817 0.11320754716981132 0.1949685534591195 
0.05860805860805861 0.09523809523809523 0.6153846153846154 0.14285714285714285 0.08791208791208792 
0.030973451327433628 0.05309734513274336 0.5022123893805309 0.29867256637168144 0.11504424778761062 
0.03333333333333333 0.8333333333333334 0.03333333333333333 0.05128205128205128 0.04871794871794872 
0.04421768707482993 0.09523809523809523 0.11224489795918367 0.7074829931972789 0.04081632653061224 
0.017711171662125342 0.043596730245231606 0.662125340599455 0.1893732970027248 0.08719346049046321 
0.1032258064516129 0.0967741935483871 0.2645161290322581 0.43870967741935485 0.0967741935483871 
0.045283018867924525 0.17169811320754716 0.07358490566037736 0.6113207547169811 0.09811320754716982 
0.024229074889867842 0.048458149779735685 0.04405286343612335 0.03524229074889868 0.8480176211453745 
0.026578073089700997 0.03156146179401993 0.8372093023255814 0.06976744186046512 0.03488372093023256 
0.4879725085910653 0.33676975945017185 0.06872852233676977 0.048109965635738834 0.058419243986254296 
0.04024144869215292 0.10462776659959759 0.1710261569416499 0.5472837022132797 0.13682092555331993 
0.022944550669216062 0.07648183556405354 0.03441682600382409 0.8317399617590823 0.03441682600382409 
0.04819277108433735 0.6465863453815262 0.05622489959839357 0.20080321285140562 0.04819277108433735 
0.031496062992125984 0.1115485564304462 0.03543307086614173 0.7860892388451444 0.03543307086614173 
0.115625 0.5203125 0.0578125 0.203125 0.103125 
0.016414141414141416 0.027777777777777776 0.6527777777777778 0.20075757575757575 0.10227272727272728 
0.08597748208802457 0.06141248720573183 0.3285568065506653 0.4186284544524053 0.10542476970317298 
0.6359550561797753 0.15730337078651685 0.03146067415730337 0.0550561797752809 0.12022471910112359 
0.06631299734748011 0.5543766578249337 0.19363395225464192 0.10344827586206896 0.08222811671087533 
0.024077046548956663 0.3595505617977528 0.03691813804173355 0.5425361155698234 0.03691813804173355 
0.03104575163398693 0.8464052287581699 0.032679738562091505 0.05392156862745098 0.03594771241830065 
0.25879396984924624 0.3341708542713568 0.0829145728643216 0.10804020100502512 0.21608040201005024 
0.014413177762525738 0.5456417295813315 0.26492793411118737 0.10706932052161977 0.06794783802333562 
0.06451612903225806 0.5663082437275986 0.06093189964157706 0.14336917562724014 0.16487455197132617 
0.013266998341625208 0.022388059701492536 0.03565505804311774 0.8922056384742952 0.03648424543946932 
0.03578528827037773 0.03578528827037773 0.17892644135188868 0.5526838966202783 0.19681908548707752 
0.7307692307692307 0.035256410256410256 0.057692307692307696 0.0673076923076923 0.10897435897435898 
0.02433862433862434 0.02962962962962963 0.12698412698412698 0.17671957671957672 0.6423280423280423 
0.039301310043668124 0.15502183406113537 0.08733624454148471 0.6135371179039302 0.10480349344978165 
0.03632478632478633 0.5576923076923077 0.03418803418803419 0.07264957264957266 0.29914529914529914 
0.12380952380952381 0.07857142857142857 0.10952380952380952 0.23095238095238096 0.45714285714285713 
0.03827751196172249 0.19138755980861244 0.0645933014354067 0.3133971291866029 0.3923444976076555 
0.033073929961089495 0.2723735408560311 0.042801556420233464 0.06420233463035019 0.5875486381322957 
0.020804438280166437 0.0319001386962552 0.1289875173370319 0.0957004160887656 0.7226074895977809 
0.0547945205479452 0.08447488584474885 0.13926940639269406 0.1004566210045662 0.6210045662100456 
0.047407407407407405 0.02666666666666667 0.3837037037037037 0.37925925925925924 0.16296296296296298 
0.09352517985611511 0.2697841726618705 0.12589928057553956 0.14388489208633093 0.3669064748201439 
0.02292441140024783 0.44609665427509293 0.11090458488228006 0.1697645600991326 0.2503097893432466 
0.7492063492063492 0.044444444444444446 0.06666666666666667 0.08888888888888889 0.050793650793650794 
0.125 0.63125 0.075 0.1 0.06875 
0.07178217821782178 0.14356435643564355 0.08663366336633663 0.28465346534653463 0.41336633663366334 
0.04780876494023904 0.6613545816733067 0.04780876494023904 0.18725099601593626 0.055776892430278883 
0.084070796460177 0.504424778761062 0.0752212389380531 0.11504424778761062 0.22123893805309736 
0.09665427509293681 0.6394052044609665 0.10408921933085502 0.08921933085501858 0.07063197026022305 
0.08205128205128205 0.7076923076923077 0.08717948717948718 0.06153846153846154 0.06153846153846154 
0.0438871473354232 0.0877742946708464 0.1755485893416928 0.5736677115987461 0.11912225705329153 
0.023346303501945526 0.06420233463035019 0.04085603112840467 0.8404669260700389 0.0311284046692607 
0.030555555555555555 0.8472222222222222 0.03888888888888889 0.04722222222222222 0.03611111111111111 
0.26506024096385544 0.24096385542168675 0.1566265060240964 0.21686746987951808 0.12048192771084337 
0.048484848484848485 0.06363636363636363 0.2909090909090909 0.45454545454545453 0.14242424242424243 
0.14634146341463414 0.4024390243902439 0.15853658536585366 0.15853658536585366 0.13414634146341464 
0.04310344827586207 0.6379310344827587 0.06465517241379311 0.1939655172413793 0.0603448275862069 
0.06806282722513089 0.41361256544502617 0.10471204188481675 0.3298429319371728 0.08376963350785341 
0.010058675607711651 0.027661357921207042 0.027661357921207042 0.892707460184409 0.041911148365465216 
0.10526315789473684 0.14035087719298245 0.11403508771929824 0.14912280701754385 0.49122807017543857 
0.020895522388059702 0.05970149253731343 0.6761194029850747 0.18955223880597014 0.05373134328358209 
0.7482758620689656 0.07241379310344828 0.05172413793103448 0.0896551724137931 0.03793103448275862 
0.05215419501133787 0.81859410430839 0.02947845804988662 0.05895691609977324 0.04081632653061224 
0.03361344537815126 0.12184873949579832 0.046218487394957986 0.7394957983193278 0.058823529411764705 
0.03278688524590164 0.5245901639344263 0.09016393442622951 0.27595628415300544 0.07650273224043716 
0.03880597014925373 0.08955223880597014 0.1761194029850746 0.5880597014925373 0.10746268656716418 
0.09411764705882353 0.14705882352941177 0.14705882352941177 0.5117647058823529 0.1 
0.12349397590361445 0.10542168674698796 0.10240963855421686 0.13253012048192772 0.536144578313253 
0.8262411347517731 0.0425531914893617 0.0425531914893617 0.03900709219858156 0.04964539007092199 
0.20987654320987653 0.13991769547325103 0.17695473251028807 0.19753086419753085 0.2757201646090535 
0.026683608640406607 0.045743329097839895 0.10292249047013977 0.13214739517153748 0.6925031766200762 
0.040697674418604654 0.13662790697674418 0.27325581395348836 0.46511627906976744 0.08430232558139535 
0.048 0.6666666666666666 0.09333333333333334 0.10933333333333334 0.08266666666666667 
0.09259259259259259 0.12345679012345678 0.12962962962962962 0.48148148148148145 0.1728395061728395 
0.6589229144667371 0.04751847940865892 0.04751847940865892 0.046462513199577615 0.19957761351636746 
0.053763440860215055 0.07168458781362007 0.06810035842293907 0.13261648745519714 0.6738351254480287 
0.43172690763052207 0.0963855421686747 0.10040160642570281 0.11847389558232932 0.25301204819277107 
0.08032128514056225 0.3714859437751004 0.20883534136546184 0.11044176706827309 0.2289156626506024 
0.029644268774703556 0.6521739130434783 0.029644268774703556 0.05533596837944664 0.233201581027668 
0.0364321608040201 0.2399497487437186 0.08417085427135679 0.4886934673366834 0.1507537688442211 
0.05338078291814947 0.09786476868327403 0.11565836298932385 0.6797153024911032 0.05338078291814947 
0.05970149253731343 0.13432835820895522 0.19776119402985073 0.4216417910447761 0.1865671641791045 
0.018018018018018018 0.8206388206388207 0.07534807534807535 0.06142506142506143 0.02457002457002457 
0.041884816753926704 0.12041884816753927 0.07853403141361257 0.6361256544502618 0.12303664921465969 
0.0694300518134715 0.3927461139896373 0.14404145077720207 0.18031088082901556 0.21347150259067357 
0.04056795131845842 0.691683569979716 0.11561866125760649 0.0486815415821501 0.10344827586206896 
0.03324808184143223 0.10485933503836317 0.5268542199488491 0.1278772378516624 0.2071611253196931 
0.7761506276150628 0.04811715481171548 0.03138075313807531 0.034518828451882845 0.1098326359832636 
0.022847100175746926 0.7627416520210897 0.0421792618629174 0.12478031634446397 0.04745166959578207 
0.029411764705882353 0.1134453781512605 0.05042016806722689 0.7310924369747899 0.07563025210084033 
0.12244897959183673 0.46938775510204084 0.14285714285714285 0.12244897959183673 0.14285714285714285 
0.020161290322580645 0.04032258064516129 0.38911290322580644 0.43044354838709675 0.11995967741935484 
0.08273381294964029 0.08992805755395683 0.4784172661870504 0.22661870503597123 0.1223021582733813 
0.7216174183514774 0.04043545878693624 0.06998444790046657 0.049766718506998445 0.1181959564541213 
0.0718954248366013 0.5751633986928104 0.08496732026143791 0.16993464052287582 0.09803921568627451 
0.10784313725490197 0.5882352941176471 0.09803921568627451 0.09803921568627451 0.10784313725490197 
0.0498220640569395 0.11387900355871886 0.6797153024911032 0.09252669039145907 0.06405693950177936 
0.08450704225352113 0.4788732394366197 0.09859154929577464 0.2323943661971831 0.1056338028169014 
0.012520868113522538 0.2345575959933222 0.7237061769616027 0.01669449081803005 0.012520868113522538 
0.030357142857142857 0.6392857142857142 0.07321428571428572 0.14285714285714285 0.11428571428571428 
0.12727272727272726 0.10303030303030303 0.4484848484848485 0.15151515151515152 0.1696969696969697 
0.7719298245614035 0.042105263157894736 0.05263157894736842 0.07017543859649122 0.06315789473684211 
0.1697674418604651 0.06279069767441861 0.10232558139534884 0.14883720930232558 0.5162790697674419 
0.044 0.068 0.328 0.424 0.136 
0.11 0.56 0.11 0.11 0.11 
0.29975429975429974 0.2628992628992629 0.07862407862407862 0.10073710073710074 0.257985257985258 
0.06637168141592921 0.4469026548672566 0.11061946902654868 0.15486725663716813 0.22123893805309736 
0.7161716171617162 0.04950495049504951 0.08250825082508251 0.0924092409240924 0.0594059405940594 
0.1072961373390558 0.41630901287553645 0.1072961373390558 0.21888412017167383 0.15021459227467812 
0.7433333333333333 0.06666666666666667 0.04666666666666667 0.06333333333333334 0.08 
0.09684684684684684 0.13288288288288289 0.20945945945945946 0.30405405405405406 0.25675675675675674 
0.022565320665083134 0.047505938242280284 0.0498812351543943 0.048693586698337295 0.831353919239905 
0.024875621890547265 0.11940298507462686 0.0472636815920398 0.7686567164179104 0.03980099502487562 
0.0641025641025641 0.07692307692307693 0.13247863247863248 0.21367521367521367 0.5128205128205128 
0.0625 0.6696428571428571 0.12053571428571429 0.06696428571428571 0.08035714285714286 
0.055 0.78 0.055 0.05 0.06 
0.04597701149425287 0.1111111111111111 0.2260536398467433 0.4674329501915709 0.14942528735632185 
0.2617671345995045 0.39719240297274977 0.061932287365813375 0.10322047894302229 0.17588769611891 
0.4482758620689655 0.16810344827586207 0.10775862068965517 0.09913793103448276 0.17672413793103448 
0.06220095693779904 0.3827751196172249 0.361244019138756 0.13636363636363635 0.05741626794258373 
0.038510911424903725 0.10526315789473684 0.22721437740693196 0.4852374839537869 0.14377406931964057 
0.7541528239202658 0.036544850498338874 0.08970099667774087 0.07641196013289037 0.04318936877076412 
0.020527859237536656 0.4002932551319648 0.05278592375366569 0.48826979472140764 0.03812316715542522 
0.23255813953488372 0.24947145877378435 0.039112050739957716 0.44608879492600423 0.03276955602536998 
0.033170731707317075 0.13658536585365855 0.07609756097560975 0.5248780487804878 0.22926829268292684 
0.7659574468085106 0.04964539007092199 0.0851063829787234 0.06028368794326241 0.03900709219858156 
0.8618857901726428 0.049136786188579015 0.03054448871181939 0.02656042496679947 0.03187250996015936 
0.02857142857142857 0.62 0.027142857142857142 0.04857142857142857 0.2757142857142857 
0.08264462809917356 0.5950413223140496 0.09090909090909091 0.12396694214876033 0.10743801652892562 
0.05420054200542006 0.5799457994579946 0.07317073170731707 0.14092140921409213 0.15176151761517614 
0.020497803806734993 0.0629575402635432 0.6442166910688141 0.20937042459736457 0.0629575402635432 
0.8430034129692833 0.040955631399317405 0.04436860068259386 0.03754266211604096 0.034129692832764506 
0.05722070844686648 0.05994550408719346 0.08719346049046321 0.3215258855585831 0.47411444141689374 
0.043795620437956206 0.08394160583941605 0.3284671532846715 0.48175182481751827 0.06204379562043796 
0.01760268231349539 0.24643755238893544 0.7041072925398156 0.015088013411567477 0.016764459346186086 
0.017641597028783658 0.8142989786443825 0.07428040854224698 0.06499535747446611 0.028783658310120707 
0.046153846153846156 0.8435897435897436 0.035897435897435895 0.041025641025641026 0.03333333333333333 
0.03819444444444445 0.7916666666666666 0.059027777777777776 0.05555555555555555 0.05555555555555555 
0.029585798816568046 0.6666666666666666 0.03353057199211045 0.04142011834319527 0.22879684418145957 
0.030360531309297913 0.10246679316888045 0.15370018975332067 0.6489563567362429 0.06451612903225806 
0.02830188679245283 0.049528301886792456 0.4080188679245283 0.38207547169811323 0.1320754716981132 
0.07792207792207792 0.12337662337662338 0.15584415584415584 0.45454545454545453 0.18831168831168832 
0.022675736961451247 0.036281179138321996 0.10582010582010581 0.11337868480725624 0.7218442932728647 
0.03731343283582089 0.29402985074626864 0.04477611940298507 0.06567164179104477 0.5582089552238806 
0.03194103194103194 0.14823914823914824 0.14414414414414414 0.16543816543816545 0.5102375102375102 
0.02480916030534351 0.03816793893129771 0.11068702290076336 0.8015267175572519 0.02480916030534351 
0.05235602094240838 0.7172774869109948 0.05759162303664921 0.09947643979057591 0.07329842931937172 
0.38869257950530034 0.10954063604240283 0.14487632508833923 0.07420494699646643 0.2826855123674912 
0.825 0.05 0.040625 0.04375 0.040625 
0.01353637901861252 0.23942470389170897 0.7216582064297801 0.01353637901861252 0.011844331641285956 
0.042704626334519574 0.1103202846975089 0.6797153024911032 0.1103202846975089 0.05693950177935943 
0.03686635944700461 0.40276497695852537 0.07373271889400922 0.41751152073732717 0.06912442396313365 
0.0784313725490196 0.696078431372549 0.06862745098039216 0.04411764705882353 0.11274509803921569 
0.040123456790123455 0.11728395061728394 0.12345679012345678 0.6851851851851852 0.033950617283950615 
0.10989010989010989 0.08424908424908426 0.326007326007326 0.3076923076923077 0.17216117216117216 
0.014979029358897543 0.04134212103055722 0.4949071300179748 0.34811264230077893 0.1006590772917915 
0.039568345323741004 0.13309352517985612 0.658273381294964 0.10431654676258993 0.06474820143884892 
0.12037037037037036 0.3888888888888889 0.17592592592592593 0.18518518518518517 0.12962962962962962 
0.01867816091954023 0.040229885057471264 0.4166666666666667 0.3850574712643678 0.13936781609195403 
0.8257839721254355 0.04529616724738676 0.03832752613240418 0.03832752613240418 0.05226480836236934 
0.0784313725490196 0.6209150326797386 0.08496732026143791 0.12418300653594772 0.0915032679738562 
0.041044776119402986 0.48507462686567165 0.13059701492537312 0.26865671641791045 0.07462686567164178 
0.047619047619047616 0.5014005602240896 0.08123249299719888 0.10084033613445378 0.2689075630252101 
0.04556962025316456 0.5873417721518988 0.0810126582278481 0.15443037974683543 0.13164556962025317 
0.026022304832713755 0.03345724907063197 0.09851301115241635 0.8159851301115242 0.026022304832713755 
0.07532467532467532 0.07532467532467532 0.4727272727272727 0.17402597402597403 0.2025974025974026 
0.043478260869565216 0.7971014492753623 0.05434782608695652 0.06159420289855073 0.043478260869565216 
0.023076923076923078 0.7615384615384615 0.03076923076923077 0.1519230769230769 0.032692307692307694 
0.058823529411764705 0.746606334841629 0.06334841628959276 0.07239819004524888 0.058823529411764705 
0.03851640513552068 0.047075606276747506 0.33523537803138376 0.5035663338088445 0.07560627674750357 
0.040160642570281124 0.6666666666666666 0.060240963855421686 0.17670682730923695 0.05622489959839357 
0.31105990783410137 0.10599078341013825 0.16359447004608296 0.1889400921658986 0.2304147465437788 
0.07048458149779736 0.08370044052863436 0.21145374449339208 0.44052863436123346 0.19383259911894274 
0.7317073170731707 0.03832752613240418 0.04529616724738676 0.06620209059233449 0.11846689895470383 
0.03464203233256351 0.7321016166281755 0.06466512702078522 0.09699769053117784 0.07159353348729793 
0.04059040590405904 0.08118081180811808 0.06273062730627306 0.7638376383763837 0.05166051660516605 
0.04143646408839779 0.4972375690607735 0.06906077348066299 0.30662983425414364 0.0856353591160221 
0.14960629921259844 0.15748031496062992 0.2677165354330709 0.2992125984251969 0.12598425196850394 
0.2916666666666667 0.17803030303030304 0.10227272727272728 0.1856060606060606 0.24242424242424243 
0.12871287128712872 0.06930693069306931 0.18811881188118812 0.14356435643564355 0.47029702970297027 
0.8344827586206897 0.034482758620689655 0.04482758620689655 0.03793103448275862 0.04827586206896552 
0.02197802197802198 0.842032967032967 0.034340659340659344 0.0521978021978022 0.04945054945054945 
0.04306523115896137 0.5896136795440152 0.09183027232425586 0.11019632678910703 0.16529449018366055 
0.07133592736705577 0.20752269779507135 0.1297016861219196 0.37094682230869 0.2204928664072633 
0.3780487804878049 0.22560975609756098 0.07926829268292683 0.16463414634146342 0.1524390243902439 
