0.12680115273775217 0.5994236311239193 0.10662824207492795 0.06340057636887608 0.1037463976945245 
0.08677685950413223 0.03512396694214876 0.10950413223140495 0.6776859504132231 0.09090909090909091 
0.15448968209704406 0.054099274958170664 0.21416620189626326 0.22030117122141663 0.3569436698271054 
0.054817275747508304 0.024916943521594685 0.02159468438538206 0.044850498338870434 0.8538205980066446 
0.2427536231884058 0.06521739130434782 0.17391304347826086 0.14130434782608695 0.37681159420289856 
0.06349206349206349 0.7579365079365079 0.05952380952380952 0.07936507936507936 0.03968253968253968 
0.15889464594127806 0.616580310880829 0.11053540587219343 0.07081174438687392 0.04317789291882556 
0.1989389920424403 0.3448275862068966 0.20689655172413793 0.08488063660477453 0.16445623342175067 
0.06515151515151515 0.030303030303030304 0.04090909090909091 0.8 0.06363636363636363 
0.27472527472527475 0.12087912087912088 0.12637362637362637 0.15384615384615385 0.3241758241758242 
0.09770114942528736 0.06321839080459771 0.11494252873563218 0.08045977011494253 0.6436781609195402 
0.07329842931937172 0.05759162303664921 0.225130890052356 0.43455497382198954 0.2094240837696335 
0.23974763406940064 0.2334384858044164 0.3028391167192429 0.08517350157728706 0.138801261829653 
0.09655172413793103 0.04827586206896552 0.06551724137931035 0.05517241379310345 0.7344827586206897 
0.4296875 0.041666666666666664 0.1015625 0.13541666666666666 0.2916666666666667 
0.08176100628930817 0.09433962264150944 0.06289308176100629 0.12578616352201258 0.6352201257861635 
0.6937639198218263 0.05011135857461024 0.07238307349665925 0.11804008908685969 0.06570155902004454 
0.18122977346278318 0.05501618122977346 0.21035598705501618 0.5016181229773463 0.05177993527508091 
0.040160642570281124 0.7469879518072289 0.11244979919678715 0.05622489959839357 0.04417670682730924 
0.15328467153284672 0.12408759124087591 0.10218978102189781 0.49635036496350365 0.12408759124087591 
0.13004484304932734 0.03587443946188341 0.5037369207772795 0.21674140508221226 0.11360239162929746 
0.11182994454713494 0.025878003696857672 0.5970425138632163 0.10073937153419593 0.1645101663585952 
0.06060606060606061 0.021885521885521887 0.04882154882154882 0.8316498316498316 0.037037037037037035 
0.05620608899297424 0.03044496487119438 0.0351288056206089 0.03278688524590164 0.8454332552693209 
0.16966580976863754 0.4961439588688946 0.23393316195372751 0.05141388174807198 0.04884318766066838 
0.2918918918918919 0.11891891891891893 0.0918918918918919 0.0972972972972973 0.4 
0.13984962406015036 0.045112781954887216 0.5503759398496241 0.15639097744360902 0.10827067669172932 
0.2967032967032967 0.33516483516483514 0.17582417582417584 0.09340659340659341 0.0989010989010989 
0.18181818181818182 0.40559440559440557 0.0944055944055944 0.1888111888111888 0.12937062937062938 
0.23058823529411765 0.06588235294117648 0.10352941176470588 0.5058823529411764 0.09411764705882353 
0.045655375552282766 0.030927835051546393 0.18262150220913106 0.03240058910162003 0.7083946980854198 
0.4329608938547486 0.036312849162011177 0.0893854748603352 0.12011173184357542 0.32122905027932963 
0.07092198581560284 0.04609929078014184 0.09219858156028368 0.3049645390070922 0.4858156028368794 
0.16241299303944315 0.03480278422273782 0.11832946635730858 0.5568445475638051 0.12761020881670534 
0.3204225352112676 0.22183098591549297 0.21830985915492956 0.1619718309859155 0.07746478873239436 
0.1895424836601307 0.13725490196078433 0.39433551198257083 0.1655773420479303 0.11328976034858387 
0.16085271317829458 0.624031007751938 0.10465116279069768 0.050387596899224806 0.060077519379844964 
0.048561151079136694 0.02158273381294964 0.048561151079136694 0.08273381294964029 0.7985611510791367 
0.23975720789074356 0.05614567526555387 0.47040971168437024 0.18512898330804248 0.048558421851289835 
0.09550561797752809 0.06741573033707865 0.1348314606741573 0.398876404494382 0.30337078651685395 
0.5769230769230769 0.06643356643356643 0.08391608391608392 0.17832167832167833 0.0944055944055944 
0.1276595744680851 0.06914893617021277 0.4574468085106383 0.22872340425531915 0.11702127659574468 
0.04042553191489362 0.02553191489361702 0.10212765957446808 0.7319148936170212 0.1 
0.47837150127226463 0.089058524173028 0.10687022900763359 0.08142493638676845 0.24427480916030533 
0.11764705882352941 0.058823529411764705 0.1 0.09411764705882353 0.6294117647058823 
0.4553072625698324 0.04189944134078212 0.09217877094972067 0.1452513966480447 0.26536312849162014 
0.052845528455284556 0.7723577235772358 0.06504065040650407 0.056910569105691054 0.052845528455284556 
0.07981927710843373 0.0286144578313253 0.7650602409638554 0.09186746987951808 0.03463855421686747 
0.125 0.06944444444444445 0.09259259259259259 0.09722222222222222 0.6157407407407407 
0.4251207729468599 0.033816425120772944 0.0966183574879227 0.15217391304347827 0.2922705314009662 
0.06148055207026349 0.05771643663739021 0.19824341279799249 0.6298619824341279 0.05269761606022585 
0.09659090909090909 0.07386363636363637 0.10227272727272728 0.11363636363636363 0.6136363636363636 
0.06428571428571428 0.05 0.039285714285714285 0.08214285714285714 0.7642857142857142 
0.10315186246418338 0.03724928366762178 0.045845272206303724 0.08882521489971347 0.7249283667621776 
0.14814814814814814 0.06666666666666667 0.11851851851851852 0.5851851851851851 0.08148148148148149 
0.16891891891891891 0.10135135135135136 0.12837837837837837 0.30405405405405406 0.2972972972972973 
0.09556313993174062 0.027303754266211604 0.770193401592719 0.05460750853242321 0.05233219567690557 
0.11295180722891567 0.03765060240963856 0.6265060240963856 0.13403614457831325 0.08885542168674698 
0.075 0.75 0.04642857142857143 0.06428571428571428 0.06428571428571428 
0.16209476309226933 0.07481296758104738 0.057356608478802994 0.12967581047381546 0.5760598503740648 
0.07207207207207207 0.021879021879021878 0.04633204633204633 0.028314028314028315 0.8314028314028314 
0.1958762886597938 0.16494845360824742 0.1958762886597938 0.24742268041237114 0.1958762886597938 
0.1595744680851064 0.11702127659574468 0.1276595744680851 0.10638297872340426 0.48936170212765956 
0.09652509652509653 0.7606177606177607 0.04633204633204633 0.04247104247104247 0.05405405405405406 
0.49363057324840764 0.06687898089171974 0.12420382165605096 0.24203821656050956 0.0732484076433121 
0.04779411764705882 0.7794117647058824 0.07720588235294118 0.04411764705882353 0.051470588235294115 
0.1434878587196468 0.05518763796909492 0.10375275938189846 0.05739514348785872 0.6401766004415012 
0.046153846153846156 0.032692307692307694 0.25769230769230766 0.551923076923077 0.11153846153846154 
0.11832946635730858 0.06496519721577726 0.16937354988399073 0.10208816705336426 0.5452436194895591 
0.1394422310756972 0.06772908366533864 0.06772908366533864 0.21115537848605578 0.5139442231075697 
0.25830258302583026 0.07749077490774908 0.36900369003690037 0.16605166051660517 0.12915129151291513 
0.07911392405063292 0.4936708860759494 0.20253164556962025 0.12025316455696203 0.10443037974683544 
0.10357142857142858 0.05 0.5 0.2357142857142857 0.11071428571428571 
0.05803571428571429 0.026785714285714284 0.19419642857142858 0.6517857142857143 0.06919642857142858 
0.05128205128205128 0.038461538461538464 0.046153846153846156 0.04871794871794872 0.8153846153846154 
0.2604166666666667 0.041666666666666664 0.07291666666666667 0.5381944444444444 0.08680555555555555 
0.03758389261744966 0.021476510067114093 0.11677852348993288 0.789261744966443 0.0348993288590604 
0.11515151515151516 0.09696969696969697 0.11515151515151516 0.5575757575757576 0.11515151515151516 
0.08527131782945736 0.03488372093023256 0.18410852713178294 0.4476744186046512 0.24806201550387597 
0.03233256351039261 0.03926096997690531 0.8568129330254042 0.03926096997690531 0.03233256351039261 
0.05008347245409015 0.025041736227045076 0.05008347245409015 0.8280467445742905 0.04674457429048414 
0.08896797153024912 0.3701067615658363 0.042704626334519574 0.0498220640569395 0.4483985765124555 
0.3037475345167653 0.05719921104536489 0.13609467455621302 0.3747534516765286 0.1282051282051282 
0.0300187617260788 0.0225140712945591 0.06378986866791744 0.7448405253283302 0.13883677298311445 
0.07883817427385892 0.05394190871369295 0.07053941908713693 0.0912863070539419 0.7053941908713693 
0.13545816733067728 0.02656042496679947 0.06374501992031872 0.6228419654714475 0.15139442231075698 
0.1984375 0.109375 0.075 0.1265625 0.490625 
0.028678304239401497 0.02119700748129676 0.12718204488778054 0.7942643391521197 0.028678304239401497 
0.17175974710221287 0.0779768177028451 0.14857744994731295 0.553213909378293 0.04847207586933614 
0.13666666666666666 0.66 0.06333333333333334 0.06333333333333334 0.07666666666666666 
0.3157894736842105 0.047619047619047616 0.05263157894736842 0.08020050125313283 0.5037593984962406 
0.036741214057507986 0.025559105431309903 0.06549520766773163 0.4472843450479233 0.4249201277955272 
0.05263157894736842 0.024671052631578948 0.03453947368421053 0.047697368421052634 0.8404605263157895 
0.491183879093199 0.07304785894206549 0.0906801007556675 0.10327455919395466 0.24181360201511334 
0.31154381084840055 0.017385257301808066 0.05354659248956885 0.15229485396383866 0.46522948539638387 
0.13186813186813187 0.047619047619047616 0.15384615384615385 0.10989010989010989 0.5567765567765568 
0.03252710592160134 0.011676396997497914 0.0316930775646372 0.8899082568807339 0.03419516263552961 
0.06299212598425197 0.03740157480314961 0.3031496062992126 0.531496062992126 0.06496062992125984 
0.03793103448275862 0.7103448275862069 0.15172413793103448 0.05517241379310345 0.04482758620689655 
0.060126582278481014 0.03270042194092827 0.6424050632911392 0.20147679324894516 0.06329113924050633 
0.10643015521064302 0.05321507760532151 0.08647450110864745 0.5831485587583148 0.17073170731707318 
0.1822125813449024 0.04338394793926247 0.14967462039045554 0.05856832971800434 0.5661605206073753 
0.21140142517814728 0.14489311163895488 0.3990498812351544 0.14489311163895488 0.0997624703087886 
0.20924574209245742 0.05596107055961071 0.3771289537712895 0.23114355231143552 0.12652068126520682 
0.603112840466926 0.02529182879377432 0.09922178988326848 0.07003891050583658 0.20233463035019456 
0.07692307692307693 0.03276353276353276 0.7421652421652422 0.10541310541310542 0.042735042735042736 
0.12705882352941175 0.06823529411764706 0.6235294117647059 0.09176470588235294 0.08941176470588236 
0.0693815987933635 0.06033182503770739 0.4751131221719457 0.36048265460030166 0.03469079939668175 
0.1708185053380783 0.08896797153024912 0.1601423487544484 0.19217081850533807 0.3879003558718861 
0.17657992565055763 0.01982651796778191 0.16294919454770757 0.1697645600991326 0.4708798017348203 
0.0636042402826855 0.7243816254416962 0.06007067137809187 0.09187279151943463 0.06007067137809187 
0.11976047904191617 0.07784431137724551 0.0718562874251497 0.0718562874251497 0.6586826347305389 
0.4585492227979275 0.07512953367875648 0.14766839378238342 0.21243523316062177 0.10621761658031088 
0.09482758620689655 0.05603448275862069 0.06465517241379311 0.08620689655172414 0.6982758620689655 
0.4131455399061033 0.07981220657276995 0.107981220657277 0.08450704225352113 0.3145539906103286 
0.10830324909747292 0.05776173285198556 0.07581227436823104 0.05415162454873646 0.703971119133574 
0.08695652173913043 0.0821256038647343 0.08695652173913043 0.08695652173913043 0.6570048309178744 
0.07739938080495357 0.043343653250773995 0.17956656346749225 0.6037151702786377 0.09597523219814241 
0.030592734225621414 0.0248565965583174 0.07074569789674952 0.7476099426386233 0.12619502868068833 
0.05305039787798409 0.029177718832891247 0.03713527851458886 0.03183023872679045 0.8488063660477454 
0.2 0.21176470588235294 0.2235294117647059 0.18823529411764706 0.17647058823529413 
0.10746268656716418 0.041791044776119404 0.19402985074626866 0.582089552238806 0.07462686567164178 
0.20987654320987653 0.14814814814814814 0.13580246913580246 0.14814814814814814 0.35802469135802467 
0.07589285714285714 0.05803571428571429 0.08482142857142858 0.11607142857142858 0.6651785714285714 
0.08247422680412371 0.09278350515463918 0.10309278350515463 0.13402061855670103 0.5876288659793815 
0.023529411764705882 0.014285714285714285 0.03529411764705882 0.8932773109243698 0.03361344537815126 
0.1092436974789916 0.15126050420168066 0.46218487394957986 0.1092436974789916 0.16806722689075632 
0.10298507462686567 0.023880597014925373 0.06567164179104477 0.6611940298507463 0.14626865671641792 
0.08333333333333333 0.7159090909090909 0.05303030303030303 0.06818181818181818 0.07954545454545454 
0.0625 0.036637931034482756 0.03017241379310345 0.032327586206896554 0.8383620689655172 
0.06329113924050633 0.06962025316455696 0.08438818565400844 0.5970464135021097 0.18565400843881857 
0.43175487465181056 0.03064066852367688 0.07242339832869081 0.13649025069637882 0.3286908077994429 
0.09770114942528736 0.05459770114942529 0.14367816091954022 0.5890804597701149 0.11494252873563218 
0.1206896551724138 0.10344827586206896 0.08620689655172414 0.3735632183908046 0.3160919540229885 
0.17901234567901234 0.10493827160493827 0.4506172839506173 0.12962962962962962 0.13580246913580246 
0.054474708171206226 0.8054474708171206 0.05058365758754864 0.05058365758754864 0.038910505836575876 
0.35064935064935066 0.21645021645021645 0.19047619047619047 0.13852813852813853 0.1038961038961039 
0.04392764857881137 0.04263565891472868 0.7299741602067183 0.10077519379844961 0.082687338501292 
0.13392857142857142 0.050595238095238096 0.08333333333333333 0.6071428571428571 0.125 
0.08943089430894309 0.04607046070460705 0.1002710027100271 0.0921409214092141 0.6720867208672087 
0.10303030303030303 0.10303030303030303 0.2606060606060606 0.40606060606060607 0.12727272727272726 
0.15288788221970556 0.6138165345413363 0.15402038505096263 0.039637599093997736 0.039637599093997736 
0.10740740740740741 0.044444444444444446 0.6666666666666666 0.09259259259259259 0.08888888888888889 
0.1492842535787321 0.40899795501022496 0.2392638036809816 0.09611451942740286 0.10633946830265849 
0.39553752535496955 0.060851926977687626 0.06896551724137931 0.15010141987829614 0.32454361054766734 
0.05714285714285714 0.0326530612244898 0.16326530612244897 0.05102040816326531 0.6959183673469388 
0.043202033036848796 0.044472681067344345 0.44472681067344344 0.20330368487928843 0.26429479034307496 
0.5734767025089605 0.025089605734767026 0.07347670250896057 0.26344086021505375 0.06451612903225806 
0.08664259927797834 0.07581227436823104 0.19855595667870035 0.5090252707581228 0.1299638989169675 
0.059636992221261884 0.018150388936905792 0.015557476231633534 0.0665514261019879 0.8401037165082109 
0.06958762886597938 0.03608247422680412 0.21649484536082475 0.5283505154639175 0.14948453608247422 
0.18920363442009622 0.060929983965793695 0.1902725815072154 0.18866916087653662 0.3709246392303581 
0.19591836734693877 0.03469387755102041 0.10204081632653061 0.06326530612244897 0.6040816326530613 
0.23958333333333334 0.08072916666666667 0.12239583333333333 0.4453125 0.11197916666666667 
0.07633587786259542 0.7262813522355507 0.11777535441657579 0.029443838604143947 0.05016357688113413 
0.04695652173913043 0.02434782608695652 0.05217391304347826 0.08695652173913043 0.7895652173913044 
0.06540084388185655 0.046413502109704644 0.0949367088607595 0.5843881856540084 0.2088607594936709 
0.1568627450980392 0.09803921568627451 0.09803921568627451 0.12745098039215685 0.5196078431372549 
0.05606523955147808 0.023445463812436288 0.1488277268093782 0.7329255861365953 0.03873598369011213 
0.2604166666666667 0.08333333333333333 0.12152777777777778 0.375 0.1597222222222222 
0.09779179810725552 0.7160883280757098 0.0583596214511041 0.07886435331230283 0.04889589905362776 
0.08496732026143791 0.0718954248366013 0.08496732026143791 0.13071895424836602 0.6274509803921569 
0.12264150943396226 0.10377358490566038 0.09433962264150944 0.10377358490566038 0.5754716981132075 
0.06143344709897611 0.051194539249146756 0.5255972696245734 0.2354948805460751 0.12627986348122866 
0.08571428571428572 0.14285714285714285 0.12857142857142856 0.15714285714285714 0.4857142857142857 
0.9080267558528428 0.008361204013377926 0.010033444816053512 0.017558528428093644 0.056020066889632104 
0.1520572450805009 0.03935599284436494 0.1037567084078712 0.10912343470483005 0.5957066189624329 
0.22727272727272727 0.09090909090909091 0.14204545454545456 0.32386363636363635 0.2159090909090909 
0.05660377358490566 0.7433962264150943 0.07924528301886792 0.06792452830188679 0.052830188679245285 
0.15714285714285714 0.1738095238095238 0.5142857142857142 0.07142857142857142 0.08333333333333333 
0.09578544061302682 0.06130268199233716 0.16475095785440613 0.6015325670498084 0.07662835249042145 
0.10679611650485436 0.0970873786407767 0.10679611650485436 0.0970873786407767 0.5922330097087378 
0.4733009708737864 0.11893203883495146 0.12135922330097088 0.09951456310679611 0.18689320388349515 
0.4232558139534884 0.09767441860465116 0.11627906976744186 0.08372093023255814 0.27906976744186046 
0.039711191335740074 0.6750902527075813 0.06498194945848375 0.16606498194945848 0.05415162454873646 
0.34763948497854075 0.060085836909871244 0.07296137339055794 0.12017167381974249 0.39914163090128757 
0.05818181818181818 0.7090909090909091 0.13454545454545455 0.04727272727272727 0.05090909090909091 
0.375 0.09772727272727273 0.13636363636363635 0.32272727272727275 0.06818181818181818 
0.07814407814407814 0.02442002442002442 0.8229548229548229 0.031746031746031744 0.042735042735042736 
0.09230769230769231 0.03333333333333333 0.07692307692307693 0.6974358974358974 0.1 
0.09166666666666666 0.08333333333333333 0.575 0.175 0.075 
0.24347826086956523 0.06521739130434782 0.0782608695652174 0.05652173913043478 0.5565217391304348 
0.08056872037914692 0.04739336492890995 0.061611374407582936 0.052132701421800945 0.7582938388625592 
0.13688212927756654 0.07224334600760456 0.09505703422053231 0.6121673003802282 0.08365019011406843 
0.23534409515717927 0.2412914188615123 0.10195412064570943 0.08326253186066271 0.33814783347493627 
0.31718061674008813 0.3392070484581498 0.14977973568281938 0.07929515418502203 0.1145374449339207 
0.05121951219512195 0.041463414634146344 0.05365853658536585 0.34146341463414637 0.5121951219512195 
0.19815059445178335 0.06340819022457067 0.11756935270805813 0.5535006605019815 0.06737120211360634 
0.06810035842293907 0.7132616487455197 0.06093189964157706 0.1111111111111111 0.04659498207885305 
0.03736920777279522 0.025411061285500747 0.06726457399103139 0.4080717488789238 0.4618834080717489 
0.055853920515574654 0.26100966702470463 0.055853920515574654 0.2975295381310419 0.3297529538131042 
0.09727626459143969 0.054474708171206226 0.5252918287937743 0.1877431906614786 0.13521400778210116 
0.05859375 0.76171875 0.05078125 0.07421875 0.0546875 
0.10404624277456648 0.8005780346820809 0.028901734104046242 0.03468208092485549 0.031791907514450865 
0.055964653902798235 0.029455081001472753 0.15758468335787923 0.039764359351988215 0.7172312223858616 
0.11290322580645161 0.08870967741935484 0.08870967741935484 0.12903225806451613 0.5806451612903226 
0.0807799442896936 0.04456824512534819 0.15598885793871867 0.12813370473537605 0.5905292479108635 
0.1261127596439169 0.02225519287833828 0.05934718100890208 0.655786350148368 0.13649851632047477 
0.03731343283582089 0.8134328358208955 0.048507462686567165 0.05223880597014925 0.048507462686567165 
0.0898876404494382 0.047752808988764044 0.5786516853932584 0.20786516853932585 0.07584269662921349 
0.0996309963099631 0.04428044280442804 0.13284132841328414 0.6568265682656826 0.06642066420664207 
0.9057547956630525 0.009174311926605505 0.016680567139282735 0.020016680567139282 0.04837364470391994 
0.07196969696969698 0.01893939393939394 0.029356060606060608 0.08333333333333333 0.7964015151515151 
0.05665024630541872 0.046798029556650245 0.04433497536945813 0.03940886699507389 0.812807881773399 
0.05862068965517241 0.03793103448275862 0.04482758620689655 0.05517241379310345 0.803448275862069 
0.04285714285714286 0.02040816326530612 0.1653061224489796 0.061224489795918366 0.710204081632653 
0.35384615384615387 0.023076923076923078 0.06923076923076923 0.4326923076923077 0.12115384615384615 
0.06356968215158924 0.05378973105134474 0.33251833740831294 0.49877750611246946 0.05134474327628362 
0.16025641025641027 0.08333333333333333 0.15384615384615385 0.46794871794871795 0.1346153846153846 
0.11715160796324656 0.04058192955589587 0.7059724349157733 0.10719754977029096 0.02909647779479326 
0.5792592592592593 0.028148148148148148 0.10074074074074074 0.05925925925925926 0.2325925925925926 
0.40689089417555374 0.04019688269073011 0.2534864643150123 0.1657095980311731 0.13371616078753076 
0.05182341650671785 0.036468330134357005 0.03262955854126679 0.8406909788867563 0.03838771593090211 
0.07291666666666667 0.052083333333333336 0.057291666666666664 0.078125 0.7395833333333334 
0.20229007633587787 0.4312977099236641 0.17557251908396945 0.0916030534351145 0.09923664122137404 
0.044673539518900345 0.8213058419243986 0.044673539518900345 0.05154639175257732 0.037800687285223365 
0.903035413153457 0.01011804384485666 0.01433389544688027 0.01517706576728499 0.05733558178752108 
0.06143344709897611 0.03754266211604096 0.5358361774744027 0.20477815699658702 0.16040955631399317 
0.11940298507462686 0.029850746268656716 0.12406716417910447 0.30970149253731344 0.41697761194029853 
0.1642512077294686 0.043478260869565216 0.0893719806763285 0.057971014492753624 0.644927536231884 
0.303125 0.05 0.065625 0.50625 0.075 
0.08424908424908426 0.07326007326007326 0.41025641025641024 0.3553113553113553 0.07692307692307693 
0.04318734793187348 0.02068126520681265 0.13686131386861314 0.7402676399026764 0.05900243309002433 
0.052083333333333336 0.04513888888888889 0.5277777777777778 0.2048611111111111 0.1701388888888889 
0.17699115044247787 0.11504424778761062 0.1415929203539823 0.17699115044247787 0.3893805309734513 
0.0763582966226138 0.02643171806167401 0.18061674008810572 0.671071953010279 0.04552129221732746 
0.06818181818181818 0.7878787878787878 0.04924242424242424 0.03787878787878788 0.056818181818181816 
0.09803921568627451 0.0718954248366013 0.10457516339869281 0.10457516339869281 0.6209150326797386 
0.08178438661710037 0.04460966542750929 0.07434944237918216 0.29739776951672864 0.5018587360594795 
0.23011363636363635 0.05113636363636364 0.13636363636363635 0.08522727272727272 0.4971590909090909 
0.12169312169312169 0.05291005291005291 0.15873015873015872 0.1111111111111111 0.5555555555555556 
0.054104477611940295 0.03917910447761194 0.033582089552238806 0.8283582089552238 0.04477611940298507 
0.11197916666666667 0.057291666666666664 0.4947916666666667 0.2421875 0.09375 
0.06498194945848375 0.036101083032490974 0.04332129963898917 0.06859205776173286 0.7870036101083032 
0.04716981132075472 0.024528301886792454 0.052830188679245285 0.0830188679245283 0.7924528301886793 
0.06382978723404255 0.05106382978723404 0.05531914893617021 0.05531914893617021 0.774468085106383 
0.07102272727272728 0.041193181818181816 0.10085227272727272 0.7315340909090909 0.05539772727272727 
0.0794979079497908 0.04184100418410042 0.07531380753138076 0.11715481171548117 0.6861924686192469 
0.28440366972477066 0.14678899082568808 0.268348623853211 0.12385321100917432 0.17660550458715596 
0.11013215859030837 0.07048458149779736 0.18061674008810572 0.5154185022026432 0.12334801762114538 
0.03759398496240601 0.7255639097744361 0.13157894736842105 0.05639097744360902 0.04887218045112782 
0.04398148148148148 0.032407407407407406 0.06018518518518518 0.0763888888888889 0.7870370370370371 
0.10606060606060606 0.05303030303030303 0.06439393939393939 0.6742424242424242 0.10227272727272728 
0.3848314606741573 0.0449438202247191 0.0449438202247191 0.1797752808988764 0.3455056179775281 
0.184 0.168 0.152 0.28 0.216 
0.2796934865900383 0.23754789272030652 0.14942528735632185 0.1685823754789272 0.16475095785440613 
0.15706806282722513 0.08900523560209424 0.5340314136125655 0.14659685863874344 0.07329842931937172 
0.05660377358490566 0.7924528301886793 0.052830188679245285 0.04150943396226415 0.05660377358490566 
0.05631868131868132 0.027472527472527472 0.04395604395604396 0.03021978021978022 0.842032967032967 
0.14713541666666666 0.032552083333333336 0.11067708333333333 0.10677083333333333 0.6028645833333334 
0.29411764705882354 0.05748663101604278 0.1751336898395722 0.30614973262032086 0.16711229946524064 
0.543859649122807 0.11695906432748537 0.1286549707602339 0.07602339181286549 0.13450292397660818 
